{
 "cells": [
  {
   "cell_type": "code",
   "execution_count": 1,
   "id": "7047333b",
   "metadata": {},
   "outputs": [],
   "source": [
    "#Parameters\n",
    "difm = 0.015206\n",
    "mum = 60*24*3*10**-6\n",
    "cm = 0.1\n",
    "chi = 0.03\n",
    "barm = 350.0\n",
    "baro = 400.0\n",
    "rm = 60*24*6*10**-7"
   ]
  },
  {
   "cell_type": "code",
   "execution_count": 2,
   "id": "119ed2b2",
   "metadata": {},
   "outputs": [],
   "source": [
    "def initialConditionMicroglia(L, hx, xSize, microglia):\n",
    "    tot = 0\n",
    "    for k in range(xSize * xSize):\n",
    "        i = int(k/xSize)\n",
    "        j = k%xSize\n",
    "        if (i - int(xSize/2))**2 + (j - int(xSize/2))**2 < 5 / (hx**2):\n",
    "            microglia[i][j] = barm/3    \n",
    "            tot = tot + barm/3\n",
    "    print(tot)\n",
    "    return microglia"
   ]
  },
  {
   "cell_type": "code",
   "execution_count": 3,
   "id": "e9996eb1",
   "metadata": {},
   "outputs": [
    {
     "name": "stdout",
     "output_type": "stream",
     "text": [
      "7116.666666666672\n"
     ]
    },
    {
     "name": "stderr",
     "output_type": "stream",
     "text": [
      "b83c49 running: t: 28: : 280it [00:02, 124.21it/s]                              \n"
     ]
    }
   ],
   "source": [
    "from skfdiff import Model, Simulation\n",
    "import pylab as pl\n",
    "import numpy as np\n",
    "from scipy.signal.windows import gaussian\n",
    "from scipy import integrate\n",
    "model = Model([\"difm*(dxxM + dyyM) + mum*M*(barm - M) - cm*M - chi*(dxO * dx(M/(barm + M)) + dyO * dy(M/(barm + M)))\",\n",
    "               \"rm*(M*M/(barm + M))*(baro - O)\"],\n",
    "               [\"M(x, y)\", \"O(x, y)\"],\n",
    "               parameters=[\"difm\", \"mum\", \"cm\", \"chi\", \"barm\", \"baro\", \"rm\"],\n",
    "               boundary_conditions=\"noflux\")\n",
    "tmax = 28\n",
    "dt =0.1\n",
    "hx = 0.5\n",
    "L = 20\n",
    "xSize = int(L/hx)\n",
    "x = y = np.linspace(-L / 2, L / 2, xSize)\n",
    "xx, yy = np.meshgrid(x, y, indexing=\"ij\")\n",
    "\n",
    "M = np.zeros((int(L/hx), int(L/hx)))\n",
    "M = initialConditionMicroglia(L, hx, xSize, M)\n",
    "O = np.zeros_like(M)\n",
    "\n",
    "\n",
    "\n",
    "initial_fields = model.Fields(x=x, y=y, M=M, O=O,\n",
    "                              difm = difm, cm = cm, chi = chi, mum = mum, barm = barm, baro = baro, rm = rm)\n",
    "\n",
    "simulation = Simulation(model, initial_fields, dt=dt, tmax=tmax, scheme = \"Theta\", theta = 0, time_stepping=False)\n",
    "container = simulation.attach_container()\n",
    "tmax, final_fields = simulation.run()"
   ]
  },
  {
   "cell_type": "code",
   "execution_count": 4,
   "id": "9ef38913",
   "metadata": {},
   "outputs": [
    {
     "data": {
      "text/plain": [
       "[[2.8002492353013088e-21,\n",
       "  1.2154615632744349e-19,\n",
       "  1.8025797252369396e-17,\n",
       "  2.3370199412582358e-15,\n",
       "  2.5921935408845974e-13,\n",
       "  2.428260726559416e-11,\n",
       "  1.8915923242870973e-09,\n",
       "  1.2022948800606016e-07,\n",
       "  6.0863126533798355e-06,\n",
       "  0.0002374777112762536,\n",
       "  0.006793109892744613,\n",
       "  0.13061042123633737,\n",
       "  1.465701985334901,\n",
       "  8.407079609472541,\n",
       "  25.394927242004357,\n",
       "  48.91020222037671,\n",
       "  72.55785585313245,\n",
       "  92.83008612623978,\n",
       "  108.27413619648046,\n",
       "  117.92321139554244,\n",
       "  121.01435676345434,\n",
       "  117.92321139554244,\n",
       "  108.27413619648046,\n",
       "  92.83008612623978,\n",
       "  72.55785585313245,\n",
       "  48.91020222037671,\n",
       "  25.394927242004357,\n",
       "  8.407079609472541,\n",
       "  1.4657019853349018,\n",
       "  0.13061042123633737,\n",
       "  0.0067931098927446155,\n",
       "  0.0002374777112762536,\n",
       "  6.086312653379842e-06,\n",
       "  1.2022948800607932e-07,\n",
       "  1.8915923243293265e-09,\n",
       "  2.428260734512082e-11,\n",
       "  2.5921948333488085e-13,\n",
       "  2.337202144216817e-15,\n",
       "  1.825003587785342e-17,\n",
       "  4.809173979119641e-19],\n",
       " [1.2154615632744344e-19,\n",
       "  5.165420135624994e-18,\n",
       "  7.472701918579968e-16,\n",
       "  9.410887595611845e-14,\n",
       "  1.0076859455297252e-11,\n",
       "  9.03160238218295e-10,\n",
       "  6.642608525965576e-08,\n",
       "  3.90473774359573e-06,\n",
       "  0.00017668945254784677,\n",
       "  0.005802283560916508,\n",
       "  0.12511682225708914,\n",
       "  1.520065637702547,\n",
       "  9.112762949630916,\n",
       "  28.069177390340638,\n",
       "  54.51953989180434,\n",
       "  81.42338168883636,\n",
       "  105.1221994089547,\n",
       "  124.4297257283477,\n",
       "  138.8798038575838,\n",
       "  147.86279286504197,\n",
       "  150.71774585057133,\n",
       "  147.86279286504197,\n",
       "  138.8798038575838,\n",
       "  124.4297257283477,\n",
       "  105.1221994089547,\n",
       "  81.42338168883636,\n",
       "  54.51953989180434,\n",
       "  28.069177390340638,\n",
       "  9.112762949630921,\n",
       "  1.5200656377025485,\n",
       "  0.1251168222570892,\n",
       "  0.005802283560916509,\n",
       "  0.00017668945254784702,\n",
       "  3.904737743596477e-06,\n",
       "  6.642608526135767e-08,\n",
       "  9.031602414955887e-10,\n",
       "  1.00768648594663e-11,\n",
       "  9.411656475493955e-14,\n",
       "  7.567819130246957e-16,\n",
       "  2.043332131227005e-17],\n",
       " [1.8025797252369393e-17,\n",
       "  7.472701918579968e-16,\n",
       "  1.0491242576127636e-13,\n",
       "  1.2741007198427894e-11,\n",
       "  1.3029066569089934e-09,\n",
       "  1.0987871049936892e-07,\n",
       "  7.422981299346874e-06,\n",
       "  0.00038418953089941244,\n",
       "  0.014105004259782575,\n",
       "  0.31873853724649454,\n",
       "  3.5896507239251223,\n",
       "  17.808271402157843,\n",
       "  45.14795107654214,\n",
       "  77.03031457315693,\n",
       "  106.94174223556148,\n",
       "  132.70636292584297,\n",
       "  153.9812350633013,\n",
       "  170.90311675423285,\n",
       "  183.493069374334,\n",
       "  191.33135915204193,\n",
       "  193.7911392831061,\n",
       "  191.33135915204193,\n",
       "  183.493069374334,\n",
       "  170.90311675423285,\n",
       "  153.9812350633013,\n",
       "  132.70636292584297,\n",
       "  106.94174223556148,\n",
       "  77.03031457315693,\n",
       "  45.14795107654216,\n",
       "  17.808271402157843,\n",
       "  3.5896507239251223,\n",
       "  0.31873853724649454,\n",
       "  0.014105004259782606,\n",
       "  0.0003841895308995053,\n",
       "  7.42298129957329e-06,\n",
       "  1.0987871095209356e-07,\n",
       "  1.3029074204228827e-09,\n",
       "  1.2742108367930946e-11,\n",
       "  1.0628486286799107e-13,\n",
       "  2.9552691279310444e-15],\n",
       " [2.3370199412582342e-15,\n",
       "  9.410887595611843e-14,\n",
       "  1.2741007198427894e-11,\n",
       "  1.4777874120544728e-09,\n",
       "  1.4209181298296072e-07,\n",
       "  1.09759146987467e-05,\n",
       "  0.0006472048474057637,\n",
       "  0.02648224109972883,\n",
       "  0.6240825093226977,\n",
       "  6.50977793043626,\n",
       "  27.58448493668233,\n",
       "  61.202637411318854,\n",
       "  96.55248281681179,\n",
       "  128.40488074520246,\n",
       "  155.55366254095784,\n",
       "  178.09668312987898,\n",
       "  196.43771976947335,\n",
       "  210.95534815085884,\n",
       "  221.7816342419841,\n",
       "  228.56302354264898,\n",
       "  230.65985221936958,\n",
       "  228.56302354264898,\n",
       "  221.7816342419841,\n",
       "  210.95534815085884,\n",
       "  196.43771976947335,\n",
       "  178.09668312987898,\n",
       "  155.55366254095784,\n",
       "  128.40488074520246,\n",
       "  96.55248281681179,\n",
       "  61.202637411318854,\n",
       "  27.58448493668233,\n",
       "  6.50977793043626,\n",
       "  0.6240825093226996,\n",
       "  0.026482241099737378,\n",
       "  0.0006472048474304067,\n",
       "  1.0975914751771308e-05,\n",
       "  1.420919058061788e-07,\n",
       "  1.477924084672817e-09,\n",
       "  1.291321084312537e-11,\n",
       "  3.720616258329384e-13],\n",
       " [2.5921935408845974e-13,\n",
       "  1.0076859455297252e-11,\n",
       "  1.3029066569089927e-09,\n",
       "  1.4209181298296064e-07,\n",
       "  1.249913556335392e-05,\n",
       "  0.0008383624129890078,\n",
       "  0.03836315873057684,\n",
       "  0.9540765969536444,\n",
       "  9.482474970123992,\n",
       "  36.156375327556944,\n",
       "  74.01423400809065,\n",
       "  111.64156904673465,\n",
       "  144.87836548057902,\n",
       "  173.1006202881124,\n",
       "  196.64272012581927,\n",
       "  216.0148527621551,\n",
       "  231.7066221203829,\n",
       "  244.11594813510285,\n",
       "  253.41194888256186,\n",
       "  259.28496046812677,\n",
       "  261.068624385388,\n",
       "  259.28496046812677,\n",
       "  253.41194888256186,\n",
       "  244.11594813510285,\n",
       "  231.7066221203829,\n",
       "  216.0148527621551,\n",
       "  196.64272012581927,\n",
       "  173.1006202881124,\n",
       "  144.87836548057902,\n",
       "  111.64156904673465,\n",
       "  74.01423400809064,\n",
       "  36.156375327556944,\n",
       "  9.482474970124033,\n",
       "  0.9540765969540695,\n",
       "  0.03836315873251054,\n",
       "  0.0008383624179719791,\n",
       "  1.2499144951672877e-05,\n",
       "  1.4210612439717128e-07,\n",
       "  1.3212450619612747e-09,\n",
       "  3.982376458345824e-11],\n",
       " [2.4282607265594154e-11,\n",
       "  9.03160238218295e-10,\n",
       "  1.0987871049936892e-07,\n",
       "  1.0975914698746702e-05,\n",
       "  0.0008383624129890078,\n",
       "  0.043350637786948934,\n",
       "  1.1707657396050166,\n",
       "  11.656384141353596,\n",
       "  42.302149252940545,\n",
       "  83.13514061440806,\n",
       "  122.52230897579099,\n",
       "  156.95176686888482,\n",
       "  186.1443915467154,\n",
       "  210.5843154102204,\n",
       "  230.84915157040345,\n",
       "  247.46376404265155,\n",
       "  260.8844762976062,\n",
       "  271.49034651751685,\n",
       "  279.476195872805,\n",
       "  284.5768878926476,\n",
       "  286.0922340708215,\n",
       "  284.5768878926476,\n",
       "  279.476195872805,\n",
       "  271.49034651751685,\n",
       "  260.8844762976062,\n",
       "  247.46376404265155,\n",
       "  230.84915157040345,\n",
       "  210.5843154102204,\n",
       "  186.1443915467154,\n",
       "  156.95176686888482,\n",
       "  122.52230897579099,\n",
       "  83.13514061440806,\n",
       "  42.30214925294081,\n",
       "  11.65638414136067,\n",
       "  1.170765739685518,\n",
       "  0.043350638122695725,\n",
       "  0.0008383631704005392,\n",
       "  1.0977150719036474e-05,\n",
       "  1.1150823733137343e-07,\n",
       "  3.567490680373415e-09],\n",
       " [1.8915923242870973e-09,\n",
       "  6.642608525965576e-08,\n",
       "  7.422981299346874e-06,\n",
       "  0.000647204847405764,\n",
       "  0.03836315873057686,\n",
       "  1.1707657396050166,\n",
       "  12.447560832627195,\n",
       "  45.472286182707826,\n",
       "  88.55531649727422,\n",
       "  129.54588561475688,\n",
       "  165.17599492321477,\n",
       "  195.35864576533666,\n",
       "  220.68437695213197,\n",
       "  241.7934574593031,\n",
       "  259.2471430653682,\n",
       "  273.51804625589597,\n",
       "  285.01174825751934,\n",
       "  294.0815953270371,\n",
       "  300.946830607642,\n",
       "  305.3926653783844,\n",
       "  306.67809878674154,\n",
       "  305.3926653783844,\n",
       "  300.946830607642,\n",
       "  294.0815953270371,\n",
       "  285.01174825751934,\n",
       "  273.51804625589597,\n",
       "  259.2471430653682,\n",
       "  241.7934574593031,\n",
       "  220.68437695213197,\n",
       "  195.35864576533666,\n",
       "  165.17599492321477,\n",
       "  129.5458856147569,\n",
       "  88.5553164972751,\n",
       "  45.47228618274864,\n",
       "  12.447560833777962,\n",
       "  1.1707657517590633,\n",
       "  0.038363202738302474,\n",
       "  0.0006472895379686599,\n",
       "  7.541044918656537e-06,\n",
       "  2.621850256215608e-07],\n",
       " [1.2022948800606016e-07,\n",
       "  3.90473774359573e-06,\n",
       "  0.0003841895308994125,\n",
       "  0.026482241099728847,\n",
       "  0.9540765969536447,\n",
       "  11.656384141353596,\n",
       "  45.472286182707826,\n",
       "  90.35021522192322,\n",
       "  132.98601381424993,\n",
       "  169.95185021112962,\n",
       "  201.23662038827638,\n",
       "  227.51030869562024,\n",
       "  249.4754190103887,\n",
       "  267.74097502880454,\n",
       "  282.81094617905967,\n",
       "  295.10013685285804,\n",
       "  304.9634355207478,\n",
       "  312.72603013797595,\n",
       "  318.63113484349435,\n",
       "  322.522829002447,\n",
       "  323.6109874591186,\n",
       "  322.522829002447,\n",
       "  318.63113484349435,\n",
       "  312.72603013797595,\n",
       "  304.9634355207478,\n",
       "  295.10013685285804,\n",
       "  282.81094617905967,\n",
       "  267.74097502880454,\n",
       "  249.47541901038866,\n",
       "  227.51030869562024,\n",
       "  201.23662038827638,\n",
       "  169.95185021112968,\n",
       "  132.98601381425257,\n",
       "  90.3502152220627,\n",
       "  45.47228618880744,\n",
       "  11.65638430040868,\n",
       "  0.9540780253968779,\n",
       "  0.026486462106629333,\n",
       "  0.0003909158187596735,\n",
       "  1.5387788203470564e-05],\n",
       " [6.0863126533798355e-06,\n",
       "  0.0001766894525478467,\n",
       "  0.014105004259782575,\n",
       "  0.6240825093226978,\n",
       "  9.482474970123995,\n",
       "  42.302149252940545,\n",
       "  88.55531649727422,\n",
       "  132.98601381424993,\n",
       "  171.5175787234588,\n",
       "  204.09756789946536,\n",
       "  231.45372424850197,\n",
       "  254.3504558847512,\n",
       "  273.45128478178617,\n",
       "  289.30578934660787,\n",
       "  302.3606552530033,\n",
       "  312.9779805276331,\n",
       "  321.4647921052069,\n",
       "  328.1154697631883,\n",
       "  333.19561815810897,\n",
       "  336.6198156075068,\n",
       "  337.53841045505044,\n",
       "  336.6198156075068,\n",
       "  333.19561815810897,\n",
       "  328.1154697631883,\n",
       "  321.4647921052069,\n",
       "  312.9779805276331,\n",
       "  302.3606552530033,\n",
       "  289.30578934660787,\n",
       "  273.45128478178617,\n",
       "  254.3504558847512,\n",
       "  231.45372424850197,\n",
       "  204.09756789946542,\n",
       "  171.5175787234658,\n",
       "  132.9860138146357,\n",
       "  88.5553165169094,\n",
       "  42.30215005490754,\n",
       "  9.482493002689523,\n",
       "  0.624206760783018,\n",
       "  0.01438550677661424,\n",
       "  0.0006927303772629519],\n",
       " [0.0002374777112762536,\n",
       "  0.005802283560916508,\n",
       "  0.3187385372464944,\n",
       "  6.509777930436259,\n",
       "  36.156375327556944,\n",
       "  83.13514061440806,\n",
       "  129.54588561475688,\n",
       "  169.95185021112962,\n",
       "  204.09756789946536,\n",
       "  232.7432000073879,\n",
       "  256.7151542972418,\n",
       "  276.73588050314277,\n",
       "  293.4075203839984,\n",
       "  307.2224511547392,\n",
       "  318.5770087179864,\n",
       "  327.7872240493177,\n",
       "  335.11548906055424,\n",
       "  340.82174711475466,\n",
       "  345.19023809522065,\n",
       "  348.2220726881522,\n",
       "  348.99463925494086,\n",
       "  348.2220726881522,\n",
       "  345.19023809522065,\n",
       "  340.82174711475466,\n",
       "  335.11548906055424,\n",
       "  327.7872240493177,\n",
       "  318.5770087179864,\n",
       "  307.2224511547392,\n",
       "  293.4075203839984,\n",
       "  276.73588050314277,\n",
       "  256.71515429724184,\n",
       "  232.74320000738828,\n",
       "  204.0975678994827,\n",
       "  169.95185021208664,\n",
       "  129.54588566550552,\n",
       "  83.13514305437276,\n",
       "  36.15646436636446,\n",
       "  6.511339081458092,\n",
       "  0.32602634817724807,\n",
       "  0.022281748353327756],\n",
       " [0.0067931098927446155,\n",
       "  0.1251168222570892,\n",
       "  3.5896507239251223,\n",
       "  27.58448493668233,\n",
       "  74.01423400809064,\n",
       "  122.52230897579099,\n",
       "  165.17599492321477,\n",
       "  201.23662038827638,\n",
       "  231.45372424850197,\n",
       "  256.7151542972418,\n",
       "  277.80732354472434,\n",
       "  295.38981272347905,\n",
       "  310.00643596513135,\n",
       "  322.09967248630664,\n",
       "  332.02304011991606,\n",
       "  340.0531244720353,\n",
       "  346.41111122173766,\n",
       "  351.3178381286978,\n",
       "  355.0688783771091,\n",
       "  357.7744322060143,\n",
       "  358.420969801035,\n",
       "  357.7744322060143,\n",
       "  355.0688783771091,\n",
       "  351.3178381286978,\n",
       "  346.41111122173766,\n",
       "  340.0531244720353,\n",
       "  332.02304011991606,\n",
       "  322.09967248630664,\n",
       "  310.00643596513135,\n",
       "  295.38981272347905,\n",
       "  277.80732354472434,\n",
       "  256.71515429724246,\n",
       "  231.4537242485422,\n",
       "  201.23662039045882,\n",
       "  165.17599503877884,\n",
       "  122.52231478362879,\n",
       "  74.01448914226683,\n",
       "  27.592182737723135,\n",
       "  3.6789080083420735,\n",
       "  0.44557232927989016],\n",
       " [0.13061042123633737,\n",
       "  1.5200656377025485,\n",
       "  17.808271402157843,\n",
       "  61.20263741131885,\n",
       "  111.64156904673465,\n",
       "  156.95176686888482,\n",
       "  195.35864576533666,\n",
       "  227.51030869562024,\n",
       "  254.3504558847512,\n",
       "  276.73588050314277,\n",
       "  295.38981272347905,\n",
       "  310.91202692592066,\n",
       "  323.79536477897284,\n",
       "  334.43986823508857,\n",
       "  343.16324386895513,\n",
       "  350.2090420262267,\n",
       "  355.76109948396595,\n",
       "  359.99561539232263,\n",
       "  363.2064076059674,\n",
       "  365.6453144496574,\n",
       "  366.1828279587274,\n",
       "  365.6453144496574,\n",
       "  363.2064076059674,\n",
       "  359.99561539232263,\n",
       "  355.76109948396595,\n",
       "  350.2090420262267,\n",
       "  343.16324386895513,\n",
       "  334.43986823508857,\n",
       "  323.79536477897284,\n",
       "  310.91202692592066,\n",
       "  295.38981272347905,\n",
       "  276.73588050314453,\n",
       "  254.35045588483692,\n",
       "  227.5103087001793,\n",
       "  195.35864600182347,\n",
       "  156.9517786744597,\n",
       "  111.6421126380425,\n",
       "  61.222936355841085,\n",
       "  18.238328923334198,\n",
       "  4.464768141520943],\n",
       " [1.4657019853349018,\n",
       "  9.112762949630921,\n",
       "  45.14795107654216,\n",
       "  96.55248281681179,\n",
       "  144.87836548057902,\n",
       "  186.1443915467154,\n",
       "  220.68437695213197,\n",
       "  249.47541901038866,\n",
       "  273.45128478178617,\n",
       "  293.4075203839984,\n",
       "  310.00643596513135,\n",
       "  323.79536477897284,\n",
       "  335.2235746192001,\n",
       "  344.6554115191707,\n",
       "  352.3791095938101,\n",
       "  358.6114280313525,\n",
       "  363.5034920006241,\n",
       "  367.1808984063385,\n",
       "  369.9129674560166,\n",
       "  372.141727300163,\n",
       "  372.58468420544165,\n",
       "  372.141727300163,\n",
       "  369.9129674560166,\n",
       "  367.1808984063385,\n",
       "  363.5034920006241,\n",
       "  358.6114280313525,\n",
       "  352.3791095938101,\n",
       "  344.6554115191707,\n",
       "  335.2235746192001,\n",
       "  323.79536477897284,\n",
       "  310.00643596513146,\n",
       "  293.40752038400154,\n",
       "  273.45128478195306,\n",
       "  249.47541901899004,\n",
       "  220.6843773832577,\n",
       "  186.1444123467668,\n",
       "  144.87930561778748,\n",
       "  96.58915076833733,\n",
       "  46.12245816419321,\n",
       "  19.971607451304592],\n",
       " [8.407079609472541,\n",
       "  28.069177390340638,\n",
       "  77.03031457315693,\n",
       "  128.40488074520246,\n",
       "  173.1006202881124,\n",
       "  210.5843154102204,\n",
       "  241.7934574593031,\n",
       "  267.74097502880454,\n",
       "  289.30578934660787,\n",
       "  307.2224511547392,\n",
       "  322.09967248630664,\n",
       "  334.43986823508857,\n",
       "  344.6554115191707,\n",
       "  353.0809051770081,\n",
       "  359.98083642683457,\n",
       "  365.55136360294614,\n",
       "  369.91681185526954,\n",
       "  373.14667472775517,\n",
       "  375.44621429526535,\n",
       "  377.52370412288855,\n",
       "  377.88441575080105,\n",
       "  377.52370412288855,\n",
       "  375.44621429526535,\n",
       "  373.14667472775517,\n",
       "  369.91681185526954,\n",
       "  365.55136360294614,\n",
       "  359.98083642683457,\n",
       "  353.0809051770081,\n",
       "  344.6554115191707,\n",
       "  334.43986823508857,\n",
       "  322.09967248630676,\n",
       "  307.22245115474493,\n",
       "  289.3057893468993,\n",
       "  267.74097504323964,\n",
       "  241.7934581493661,\n",
       "  210.5843469486392,\n",
       "  173.1019703848057,\n",
       "  128.4558405226097,\n",
       "  78.44406811444041,\n",
       "  47.19977137803903],\n",
       " [25.394927242004357,\n",
       "  54.51953989180434,\n",
       "  106.94174223556148,\n",
       "  155.55366254095784,\n",
       "  196.64272012581927,\n",
       "  230.84915157040345,\n",
       "  259.2471430653682,\n",
       "  282.81094617905967,\n",
       "  302.3606552530033,\n",
       "  318.5770087179864,\n",
       "  332.02304011991606,\n",
       "  343.16324386895513,\n",
       "  352.3791095938101,\n",
       "  359.98083642683457,\n",
       "  366.2144674434426,\n",
       "  371.26197854009104,\n",
       "  375.22901603153366,\n",
       "  378.12597964512094,\n",
       "  380.02254814133363,\n",
       "  382.0227073985714,\n",
       "  382.3116202373661,\n",
       "  382.0227073985714,\n",
       "  380.02254814133363,\n",
       "  378.12597964512094,\n",
       "  375.22901603153366,\n",
       "  371.26197854009104,\n",
       "  366.2144674434426,\n",
       "  359.98083642683457,\n",
       "  352.3791095938101,\n",
       "  343.16324386895513,\n",
       "  332.0230401199163,\n",
       "  318.57700871799545,\n",
       "  302.36065525345606,\n",
       "  282.81094620042535,\n",
       "  259.2471440308481,\n",
       "  230.84919299531944,\n",
       "  196.6443810984298,\n",
       "  155.6129936676064,\n",
       "  108.55517771261917,\n",
       "  77.28773073216577],\n",
       " [48.91020222037671,\n",
       "  81.42338168883636,\n",
       "  132.70636292584297,\n",
       "  178.09668312987898,\n",
       "  216.0148527621551,\n",
       "  247.46376404265155,\n",
       "  273.51804625589597,\n",
       "  295.10013685285804,\n",
       "  312.9779805276331,\n",
       "  327.7872240493177,\n",
       "  340.0531244720353,\n",
       "  350.2090420262267,\n",
       "  358.6114280313525,\n",
       "  365.55136360294614,\n",
       "  371.26197854009104,\n",
       "  375.9187389519419,\n",
       "  379.62172576595077,\n",
       "  382.3286528744306,\n",
       "  383.82969581861704,\n",
       "  385.8857078430576,\n",
       "  386.11136646059083,\n",
       "  385.8857078430576,\n",
       "  383.82969581861704,\n",
       "  382.3286528744306,\n",
       "  379.62172576595077,\n",
       "  375.9187389519419,\n",
       "  371.26197854009104,\n",
       "  365.55136360294614,\n",
       "  358.6114280313525,\n",
       "  350.2090420262267,\n",
       "  340.0531244720355,\n",
       "  327.787224049331,\n",
       "  312.9779805282602,\n",
       "  295.10013688096996,\n",
       "  273.51804745592347,\n",
       "  247.46381249002945,\n",
       "  216.01668097752196,\n",
       "  178.1587137011593,\n",
       "  134.3458129851855,\n",
       "  104.60897023059768],\n",
       " [72.55785585313245,\n",
       "  105.1221994089547,\n",
       "  153.9812350633013,\n",
       "  196.43771976947335,\n",
       "  231.7066221203829,\n",
       "  260.8844762976062,\n",
       "  285.0117482575193,\n",
       "  304.9634355207478,\n",
       "  321.4647921052069,\n",
       "  335.11548906055424,\n",
       "  346.41111122173766,\n",
       "  355.76109948396595,\n",
       "  363.5034920006241,\n",
       "  369.91681185526954,\n",
       "  375.22901603153366,\n",
       "  379.62172576595077,\n",
       "  383.21881672024074,\n",
       "  385.98276859351944,\n",
       "  387.0493223697009,\n",
       "  389.7285623483725,\n",
       "  389.8905558730347,\n",
       "  389.7285623483725,\n",
       "  387.0493223697009,\n",
       "  385.98276859351944,\n",
       "  383.21881672024074,\n",
       "  379.62172576595077,\n",
       "  375.22901603153366,\n",
       "  369.91681185526954,\n",
       "  363.5034920006241,\n",
       "  355.76109948396595,\n",
       "  346.41111122173794,\n",
       "  335.11548906057163,\n",
       "  321.4647921059925,\n",
       "  304.9634355543214,\n",
       "  285.01174961962266,\n",
       "  260.88452852402907,\n",
       "  231.70849983996314,\n",
       "  196.49902860082648,\n",
       "  155.56898407877864,\n",
       "  127.53723623399434],\n",
       " [92.83008612623978,\n",
       "  124.4297257283477,\n",
       "  170.90311675423285,\n",
       "  210.95534815085884,\n",
       "  244.11594813510285,\n",
       "  271.49034651751685,\n",
       "  294.0815953270371,\n",
       "  312.72603013797595,\n",
       "  328.1154697631883,\n",
       "  340.82174711475466,\n",
       "  351.3178381286978,\n",
       "  359.99561539232263,\n",
       "  367.1808984063385,\n",
       "  373.14667472775517,\n",
       "  378.12597964512094,\n",
       "  382.3286528744306,\n",
       "  385.98276859351944,\n",
       "  389.68104016517947,\n",
       "  389.9448859189552,\n",
       "  390.10780639873417,\n",
       "  390.12096671935313,\n",
       "  390.10780639873417,\n",
       "  389.9448859189552,\n",
       "  389.68104016517947,\n",
       "  385.98276859351944,\n",
       "  382.3286528744306,\n",
       "  378.12597964512094,\n",
       "  373.14667472775517,\n",
       "  367.1808984063385,\n",
       "  359.99561539232263,\n",
       "  351.3178381286983,\n",
       "  340.82174711477575,\n",
       "  328.11546976409676,\n",
       "  312.72603017526103,\n",
       "  294.08159677903393,\n",
       "  271.4904000416828,\n",
       "  244.1178071075861,\n",
       "  211.01454355479493,\n",
       "  172.41936348953533,\n",
       "  145.85267887914534],\n",
       " [108.27413619648046,\n",
       "  138.8798038575838,\n",
       "  183.493069374334,\n",
       "  221.7816342419841,\n",
       "  253.41194888256186,\n",
       "  279.476195872805,\n",
       "  300.946830607642,\n",
       "  318.63113484349435,\n",
       "  333.19561815810897,\n",
       "  345.19023809522065,\n",
       "  355.0688783771091,\n",
       "  363.2064076059674,\n",
       "  369.9129674560166,\n",
       "  375.44621429526535,\n",
       "  380.02254814133363,\n",
       "  383.82969581861704,\n",
       "  387.0493223697009,\n",
       "  389.9448859189552,\n",
       "  390.1169896627156,\n",
       "  390.1311325532653,\n",
       "  390.13216108369767,\n",
       "  390.1311325532653,\n",
       "  390.1169896627156,\n",
       "  389.9448859189552,\n",
       "  387.0493223697009,\n",
       "  383.82969581861704,\n",
       "  380.02254814133363,\n",
       "  375.44621429526535,\n",
       "  369.9129674560166,\n",
       "  363.2064076059674,\n",
       "  355.0688783771098,\n",
       "  345.19023809524424,\n",
       "  333.1956181590956,\n",
       "  318.631134882814,\n",
       "  300.9468320953002,\n",
       "  279.47624927631824,\n",
       "  253.4137635282438,\n",
       "  221.8386009537375,\n",
       "  184.94596540129467,\n",
       "  159.46625159461817],\n",
       " [117.92321139554244,\n",
       "  147.86279286504197,\n",
       "  191.33135915204193,\n",
       "  228.56302354264898,\n",
       "  259.28496046812677,\n",
       "  284.5768878926476,\n",
       "  305.3926653783844,\n",
       "  322.522829002447,\n",
       "  336.6198156075068,\n",
       "  348.2220726881522,\n",
       "  357.7744322060143,\n",
       "  365.6453144496574,\n",
       "  372.141727300163,\n",
       "  377.52370412288855,\n",
       "  382.0227073985714,\n",
       "  385.8857078430576,\n",
       "  389.7285623483725,\n",
       "  390.10780639873417,\n",
       "  390.1311325532653,\n",
       "  390.1326075380403,\n",
       "  390.1326982707749,\n",
       "  390.1326075380403,\n",
       "  390.1311325532653,\n",
       "  390.10780639873417,\n",
       "  389.7285623483725,\n",
       "  385.8857078430576,\n",
       "  382.0227073985714,\n",
       "  377.52370412288855,\n",
       "  372.141727300163,\n",
       "  365.6453144496574,\n",
       "  357.7744322060148,\n",
       "  348.2220726881769,\n",
       "  336.61981560852973,\n",
       "  322.52282904255287,\n",
       "  305.39266687168794,\n",
       "  284.5769407352577,\n",
       "  259.2867359333775,\n",
       "  228.61839654363686,\n",
       "  192.74252987453352,\n",
       "  167.91667017096643],\n",
       " [121.01435676345434,\n",
       "  150.71774585057133,\n",
       "  193.7911392831061,\n",
       "  230.65985221936958,\n",
       "  261.068624385388,\n",
       "  286.0922340708215,\n",
       "  306.67809878674154,\n",
       "  323.6109874591186,\n",
       "  337.53841045505044,\n",
       "  348.99463925494086,\n",
       "  358.420969801035,\n",
       "  366.1828279587274,\n",
       "  372.58468420544165,\n",
       "  377.88441575080105,\n",
       "  382.3116202373661,\n",
       "  386.11136646059083,\n",
       "  389.8905558730347,\n",
       "  390.12096671935313,\n",
       "  390.13216108369767,\n",
       "  390.1326982707749,\n",
       "  390.1327236508493,\n",
       "  390.1326982707749,\n",
       "  390.13216108369767,\n",
       "  390.12096671935313,\n",
       "  389.8905558730347,\n",
       "  386.11136646059083,\n",
       "  382.3116202373661,\n",
       "  377.88441575080105,\n",
       "  372.58468420544165,\n",
       "  366.1828279587274,\n",
       "  358.4209698010358,\n",
       "  348.9946392549662,\n",
       "  337.538410456086,\n",
       "  323.6109874994701,\n",
       "  306.67810028065014,\n",
       "  286.09228667385855,\n",
       "  261.0703851115164,\n",
       "  230.71464936562842,\n",
       "  195.187508633802,\n",
       "  170.5850780071255],\n",
       " [117.92321139554244,\n",
       "  147.86279286504197,\n",
       "  191.33135915204193,\n",
       "  228.56302354264898,\n",
       "  259.28496046812677,\n",
       "  284.5768878926476,\n",
       "  305.3926653783844,\n",
       "  322.522829002447,\n",
       "  336.6198156075068,\n",
       "  348.2220726881522,\n",
       "  357.7744322060143,\n",
       "  365.6453144496574,\n",
       "  372.141727300163,\n",
       "  377.52370412288855,\n",
       "  382.0227073985714,\n",
       "  385.8857078430576,\n",
       "  389.7285623483725,\n",
       "  390.10780639873417,\n",
       "  390.1311325532653,\n",
       "  390.1326075380403,\n",
       "  390.1326982707749,\n",
       "  390.1326075380403,\n",
       "  390.1311325532653,\n",
       "  390.10780639873417,\n",
       "  389.7285623483725,\n",
       "  385.8857078430576,\n",
       "  382.0227073985714,\n",
       "  377.52370412288855,\n",
       "  372.141727300163,\n",
       "  365.6453144496574,\n",
       "  357.7744322060148,\n",
       "  348.2220726881769,\n",
       "  336.61981560852973,\n",
       "  322.52282904255287,\n",
       "  305.39266687168794,\n",
       "  284.5769407352577,\n",
       "  259.2867359333775,\n",
       "  228.61839654363686,\n",
       "  192.74252987453352,\n",
       "  167.91667017096643],\n",
       " [108.27413619648046,\n",
       "  138.8798038575838,\n",
       "  183.493069374334,\n",
       "  221.7816342419841,\n",
       "  253.41194888256186,\n",
       "  279.476195872805,\n",
       "  300.946830607642,\n",
       "  318.63113484349435,\n",
       "  333.19561815810897,\n",
       "  345.19023809522065,\n",
       "  355.0688783771091,\n",
       "  363.2064076059674,\n",
       "  369.9129674560166,\n",
       "  375.44621429526535,\n",
       "  380.02254814133363,\n",
       "  383.82969581861704,\n",
       "  387.0493223697009,\n",
       "  389.9448859189552,\n",
       "  390.1169896627156,\n",
       "  390.1311325532653,\n",
       "  390.13216108369767,\n",
       "  390.1311325532653,\n",
       "  390.1169896627156,\n",
       "  389.9448859189552,\n",
       "  387.0493223697009,\n",
       "  383.82969581861704,\n",
       "  380.02254814133363,\n",
       "  375.44621429526535,\n",
       "  369.9129674560166,\n",
       "  363.2064076059674,\n",
       "  355.0688783771098,\n",
       "  345.19023809524424,\n",
       "  333.1956181590956,\n",
       "  318.631134882814,\n",
       "  300.9468320953002,\n",
       "  279.47624927631824,\n",
       "  253.4137635282438,\n",
       "  221.8386009537375,\n",
       "  184.94596540129467,\n",
       "  159.46625159461817],\n",
       " [92.83008612623978,\n",
       "  124.4297257283477,\n",
       "  170.90311675423285,\n",
       "  210.95534815085884,\n",
       "  244.11594813510285,\n",
       "  271.49034651751685,\n",
       "  294.0815953270371,\n",
       "  312.72603013797595,\n",
       "  328.1154697631883,\n",
       "  340.82174711475466,\n",
       "  351.3178381286978,\n",
       "  359.99561539232263,\n",
       "  367.1808984063385,\n",
       "  373.14667472775517,\n",
       "  378.12597964512094,\n",
       "  382.3286528744306,\n",
       "  385.98276859351944,\n",
       "  389.68104016517947,\n",
       "  389.9448859189552,\n",
       "  390.10780639873417,\n",
       "  390.12096671935313,\n",
       "  390.10780639873417,\n",
       "  389.9448859189552,\n",
       "  389.68104016517947,\n",
       "  385.98276859351944,\n",
       "  382.3286528744306,\n",
       "  378.12597964512094,\n",
       "  373.14667472775517,\n",
       "  367.1808984063385,\n",
       "  359.99561539232263,\n",
       "  351.3178381286983,\n",
       "  340.82174711477575,\n",
       "  328.11546976409676,\n",
       "  312.72603017526103,\n",
       "  294.08159677903393,\n",
       "  271.4904000416828,\n",
       "  244.1178071075861,\n",
       "  211.01454355479493,\n",
       "  172.41936348953533,\n",
       "  145.85267887914534],\n",
       " [72.55785585313245,\n",
       "  105.1221994089547,\n",
       "  153.98123506330134,\n",
       "  196.43771976947335,\n",
       "  231.7066221203829,\n",
       "  260.8844762976062,\n",
       "  285.01174825751934,\n",
       "  304.9634355207478,\n",
       "  321.4647921052069,\n",
       "  335.11548906055424,\n",
       "  346.41111122173766,\n",
       "  355.76109948396595,\n",
       "  363.5034920006241,\n",
       "  369.91681185526954,\n",
       "  375.22901603153366,\n",
       "  379.62172576595077,\n",
       "  383.21881672024074,\n",
       "  385.98276859351944,\n",
       "  387.0493223697009,\n",
       "  389.7285623483725,\n",
       "  389.8905558730347,\n",
       "  389.7285623483725,\n",
       "  387.0493223697009,\n",
       "  385.98276859351944,\n",
       "  383.21881672024074,\n",
       "  379.62172576595077,\n",
       "  375.22901603153366,\n",
       "  369.91681185526954,\n",
       "  363.5034920006241,\n",
       "  355.76109948396595,\n",
       "  346.41111122173794,\n",
       "  335.11548906057163,\n",
       "  321.4647921059925,\n",
       "  304.9634355543214,\n",
       "  285.01174961962266,\n",
       "  260.88452852402907,\n",
       "  231.70849983996314,\n",
       "  196.49902860082648,\n",
       "  155.56898407877864,\n",
       "  127.53723623399434],\n",
       " [48.91020222037671,\n",
       "  81.42338168883636,\n",
       "  132.70636292584297,\n",
       "  178.09668312987898,\n",
       "  216.0148527621551,\n",
       "  247.46376404265155,\n",
       "  273.51804625589597,\n",
       "  295.10013685285804,\n",
       "  312.9779805276331,\n",
       "  327.7872240493177,\n",
       "  340.0531244720353,\n",
       "  350.2090420262267,\n",
       "  358.6114280313525,\n",
       "  365.55136360294614,\n",
       "  371.26197854009104,\n",
       "  375.9187389519419,\n",
       "  379.62172576595077,\n",
       "  382.3286528744306,\n",
       "  383.82969581861704,\n",
       "  385.8857078430576,\n",
       "  386.11136646059083,\n",
       "  385.8857078430576,\n",
       "  383.82969581861704,\n",
       "  382.3286528744306,\n",
       "  379.62172576595077,\n",
       "  375.9187389519419,\n",
       "  371.26197854009104,\n",
       "  365.55136360294614,\n",
       "  358.6114280313525,\n",
       "  350.2090420262267,\n",
       "  340.0531244720355,\n",
       "  327.787224049331,\n",
       "  312.9779805282602,\n",
       "  295.10013688096996,\n",
       "  273.51804745592347,\n",
       "  247.46381249002945,\n",
       "  216.01668097752196,\n",
       "  178.1587137011593,\n",
       "  134.3458129851855,\n",
       "  104.60897023059768],\n",
       " [25.394927242004357,\n",
       "  54.51953989180434,\n",
       "  106.94174223556148,\n",
       "  155.55366254095784,\n",
       "  196.64272012581927,\n",
       "  230.84915157040345,\n",
       "  259.2471430653682,\n",
       "  282.81094617905967,\n",
       "  302.3606552530033,\n",
       "  318.5770087179864,\n",
       "  332.02304011991606,\n",
       "  343.16324386895513,\n",
       "  352.3791095938101,\n",
       "  359.98083642683457,\n",
       "  366.2144674434426,\n",
       "  371.26197854009104,\n",
       "  375.22901603153366,\n",
       "  378.12597964512094,\n",
       "  380.02254814133363,\n",
       "  382.0227073985714,\n",
       "  382.3116202373661,\n",
       "  382.0227073985714,\n",
       "  380.02254814133363,\n",
       "  378.12597964512094,\n",
       "  375.22901603153366,\n",
       "  371.26197854009104,\n",
       "  366.2144674434426,\n",
       "  359.98083642683457,\n",
       "  352.3791095938101,\n",
       "  343.16324386895513,\n",
       "  332.0230401199163,\n",
       "  318.57700871799545,\n",
       "  302.36065525345606,\n",
       "  282.81094620042535,\n",
       "  259.2471440308481,\n",
       "  230.84919299531944,\n",
       "  196.6443810984298,\n",
       "  155.6129936676064,\n",
       "  108.55517771261917,\n",
       "  77.28773073216577],\n",
       " [8.407079609472541,\n",
       "  28.069177390340638,\n",
       "  77.03031457315693,\n",
       "  128.40488074520246,\n",
       "  173.1006202881124,\n",
       "  210.5843154102204,\n",
       "  241.7934574593031,\n",
       "  267.74097502880454,\n",
       "  289.30578934660787,\n",
       "  307.2224511547392,\n",
       "  322.09967248630664,\n",
       "  334.43986823508857,\n",
       "  344.6554115191707,\n",
       "  353.0809051770081,\n",
       "  359.98083642683457,\n",
