0.000000 0.000000 0.000000 0.000000 0.000000 0.000000 0.000000 0.000000 0.000000 0.000000 0.000001 0.000015 0.000198 0.002172 0.018805 0.127001 0.626060 2.025491 6.668504 6.716909 32.853111 6.721844 6.673458 2.028539 0.627889 0.127684 0.018977 0.002236 0.000376 0.000854 0.003576 0.011882 0.016676 6.324424 0.016676 0.011882 0.003575 0.000839 0.000175 0.000040 
0.000000 0.000000 0.000000 0.000000 0.000000 0.000000 0.000000 0.000000 0.000000 0.000002 0.000037 0.000558 0.006588 0.054670 0.269715 0.772016 1.701842 3.392930 8.105677 8.228547 32.848598 8.233703 8.110868 3.396804 1.705148 0.774658 0.271458 0.055359 0.006835 0.001125 0.002343 0.007895 0.018668 0.013688 0.018667 0.007893 0.002304 0.000551 0.000118 0.000027 
0.000000 0.000000 0.000000 0.000000 0.000000 0.000000 0.000000 0.000000 0.000004 0.000080 0.001348 0.017096 0.136411 0.546214 1.322728 2.438330 3.946078 6.084321 10.912602 11.144678 32.852184 11.149832 10.917805 6.089148 3.951313 2.444036 1.328397 0.550614 0.138558 0.017784 0.002367 0.003190 0.007145 0.008902 0.007140 0.003106 0.000967 0.000247 0.000056 0.000014 
0.000000 0.000000 0.000000 0.000000 0.000000 0.000000 0.000000 0.000006 0.000142 0.002629 0.034929 0.253473 0.864159 1.912003 3.369045 5.209015 7.423378 10.121897 14.976592 15.337822 32.859344 15.342566 14.981404 10.127382 7.430298 5.217638 3.378947 1.921806 0.872028 0.257726 0.036217 0.003638 0.002101 0.002533 0.001953 0.000908 0.000307 0.000085 0.000021 0.000005 
0.000000 0.000000 0.000000 0.000000 0.000000 0.000000 0.000008 0.000207 0.004188 0.057607 0.378046 1.171577 2.458517 4.241045 6.489533 9.137979 12.089829 15.275496 19.837391 20.294802 32.868088 20.298668 19.841387 15.280993 12.097593 9.148511 6.502621 4.255458 2.472190 1.182126 0.383791 0.059229 0.004759 0.000787 0.000456 0.000222 0.000081 0.000024 0.000006 0.000002 
0.000000 0.000000 0.000000 0.000000 0.000000 0.000009 0.000249 0.005510 0.078840 0.484666 1.427421 2.923772 4.987487 7.603163 10.688710 14.078555 17.534296 20.832190 24.579304 25.056252 32.876884 25.058897 24.582096 20.836811 17.541634 14.089383 10.703035 7.619967 5.004831 2.939105 1.438430 0.490350 0.080288 0.005730 0.000346 0.000058 0.000019 0.000006 0.000002 0.000000 
0.000000 0.000000 0.000000 0.000000 0.000008 0.000249 0.006032 0.091631 0.555763 1.608403 3.274359 5.575099 8.499064 11.951760 15.719503 19.477484 22.887644 25.715906 28.313728 28.706139 32.884109 28.707615 28.315342 25.719042 22.893288 19.486687 15.732708 11.968248 8.517107 5.592307 3.288352 1.617638 0.560162 0.092637 0.006116 0.000261 0.000012 0.000002 0.000000 0.000000 
0.000000 0.000000 0.000000 0.000006 0.000207 0.005509 0.091626 0.580660 1.701999 3.490869 5.978162 9.152885 12.902516 16.964714 20.943359 24.437151 27.192938 29.178368 30.688381 30.956385 32.889515 30.957045 30.689150 29.180061 27.196373 24.443453 20.953369 16.978397 12.918497 9.169078 5.992378 3.501499 1.708454 0.583483 0.092207 0.005546 0.000209 0.000007 0.000000 0.000000 
0.000000 0.000000 0.000004 0.000142 0.004186 0.078825 0.555726 1.701963 3.563982 6.182478 9.549508 13.535566 17.830805 21.971754 25.508844 28.191652 30.029957 31.191059 31.950788 32.103672 32.893265 32.103905 31.951080 31.191788 30.031601 28.195076 25.514971 21.981094 17.842838 13.548685 9.561841 6.192515 3.570927 1.705871 0.557297 0.079108 0.004201 0.000142 0.000004 0.000000 
0.000000 0.000002 0.000080 0.002627 0.057579 0.484566 1.608261 3.490745 6.182400 9.682227 13.851200 18.339674 22.621666 26.200905 28.830330 30.559486 31.600651 32.189503 32.528343 32.605732 32.895908 32.605801 32.528419 32.189735 31.601274 30.560946 28.833311 26.206079 22.629192 18.348768 13.860506 9.690390 6.188625 3.494783 1.610386 0.485341 0.057694 0.002632 0.000080 0.000002 
0.000001 0.000037 0.001346 0.034889 0.377853 1.427096 3.274009 5.977862 9.549304 13.851099 18.507259 22.935682 26.587923 29.207939 30.875202 31.839357 32.359474 32.625896 32.764198 32.798988 32.897961 32.799007 32.764225 32.625935 32.359657 31.839865 30.876377 29.210264 26.591808 22.941021 18.513365 13.856974 9.554176 5.981356 3.276158 1.428156 0.378188 0.034928 0.001348 0.000039 
0.000015 0.000556 0.017054 0.253150 1.170935 2.923007 5.574385 9.152316 13.535178 18.339464 22.935604 26.712322 29.383415 31.042805 31.971825 32.453232 32.688545 32.799374 32.851803 32.866547 32.899597 32.866543 32.851803 32.799381 32.688576 32.453369 31.972208 31.043671 29.385073 26.714943 22.939043 18.343176 13.538561 9.154981 5.576203 2.924072 1.171430 0.253294 0.017094 0.000610 
0.000196 0.006554 0.135994 0.863016 2.456983 4.985940 8.497765 12.901569 17.830217 22.621368 26.587801 29.383381 31.095352 32.031174 32.500648 32.721062 32.820141 32.863361 32.882725 32.888794 32.900978 32.888794 32.882721 32.863358 32.820141 32.721085 32.500751 32.031437 31.095951 29.384468 26.589451 22.623404 17.832310 12.903395 8.499128 4.986866 2.457578 0.863474 0.136628 0.007668 
0.002144 0.054285 0.544450 1.909217 4.237932 7.600341 11.949581 16.963276 21.970963 26.200546 29.207802 31.042763 32.031162 32.515099 32.735188 32.830048 32.869652 32.886261 32.893620 32.896450 32.902088 32.896446 32.893620 32.886257 32.869640 32.830044 32.735199 32.515175 32.031342 31.043150 29.208479 26.201536 21.972189 16.964634 11.951051 7.602224 4.240905 1.914588 0.554858 0.074753 
0.018451 0.267448 1.318109 3.363273 6.483839 10.683993 15.716182 20.941408 25.507906 28.829956 30.875078 31.971786 32.500641 32.735184 32.833019 32.872253 32.888058 32.894741 32.898079 32.899643 32.903004 32.899639 32.898079 32.894737 32.888054 32.872250 32.833015 32.735199 32.500702 31.971951 30.875490 28.830992 25.510477 20.947498 15.729259 10.709360 6.529548 3.442381 1.453585 0.504933 
0.123232 0.764022 2.428014 5.198258 9.128510 14.071455 19.473043 24.434877 28.190706 30.559158 31.839260 32.453213 32.721054 32.830048 32.872253 32.888580 32.895252 32.898472 32.900364 32.901440 32.903687 32.901440 32.900364 32.898468 32.895248 32.888580 32.872253 32.830059 32.721123 32.453518 31.840479 30.563658 28.205263 24.474913 19.565020 14.249741 9.432028 5.675109 3.148871 1.849494 
0.601166 1.675877 3.921768 7.402837 12.074516 17.524517 22.882507 27.190758 30.029200 31.600431 32.359425 32.688538 32.820141 32.869652 32.888062 32.895252 32.898609 32.900513 32.901852 32.902603 32.904182 32.902603 32.901852 32.900513 32.898605 32.895252 32.888065 32.869682 32.820316 32.689373 32.363098 31.614431 30.076105 27.324638 23.198957 18.139305 13.082096 8.869234 5.920991 4.347020 
1.953596 3.348622 6.069445 10.132277 15.301572 20.860590 25.736471 29.189316 31.195656 32.191120 32.626392 32.799507 32.863396 32.886269 32.894745 32.898472 32.900513 32.901878 32.902863 32.903435 32.904480 32.903435 32.902863 32.901878 32.900513 32.898472 32.894749 32.886330 32.863735 32.801167 32.633629 32.218975 31.289694 29.462141 26.397554 22.170378 17.441257 13.140931 9.934102 8.146526 
4.648409 6.276951 9.349721 13.728985 18.949532 24.044361 28.047140 30.577204 31.910852 32.515671 32.760628 32.850899 32.882523 32.893581 32.898071 32.900364 32.901855 32.902863 32.903622 32.904007 32.904644 32.904007 32.903622 32.902863 32.901852 32.900368 32.898087 32.893669 32.883007 32.853249 32.770710 32.553795 32.037956 30.945978 28.954702 25.898340 22.071590 18.182791 15.026875 13.142295 
0.000000 0.000000 0.000000 0.000000 0.000000 0.000000 0.000000 0.000000 0.000000 0.000000 0.000000 0.000000 0.000000 0.000000 0.000000 0.000000 0.000000 0.000000 0.000000 0.000000 0.000000 0.000000 0.000000 0.000000 0.000000 0.000000 0.000000 0.000000 0.000000 0.000000 0.000000 0.000000 0.000000 0.000000 0.000000 0.000000 0.000000 0.000000 0.000000 0.000000 
16.367571 18.383043 21.538095 25.055336 28.189867 30.432707 31.763315 32.429642 32.721596 32.835541 32.876850 32.891609 32.897499 32.900421 32.902225 32.903370 32.904091 32.904465 32.904644 32.904694 32.904732 32.904694 32.904644 32.904465 32.904102 32.903416 32.902367 32.900826 32.898739 32.895851 32.891953 32.886440 32.878502 32.866943 32.850315 32.826805 32.796925 32.762848 32.730778 32.708561 
9.532985 11.365347 14.562003 18.785770 23.292480 27.218719 29.971632 31.570562 32.356255 32.695904 32.827183 32.874344 32.890747 32.896919 32.899757 32.901470 32.902611 32.903435 32.904007 32.904293 32.904694 32.904293 32.904007 32.903435 32.902611 32.901470 32.899761 32.896931 32.890850 32.874966 32.830505 32.710442 32.411293 31.747875 30.457695 28.329556 25.408806 22.170338 19.313643 17.516140 
4.648410 6.276951 9.349721 13.728982 18.949530 24.044361 28.047140 30.577204 31.910852 32.515671 32.760628 32.850899 32.882523 32.893581 32.898071 32.900364 32.901855 32.902863 32.903622 32.904007 32.904644 32.904007 32.903622 32.902863 32.901855 32.900368 32.898087 32.893669 32.883007 32.853249 32.770706 32.553791 32.037945 30.945955 28.954657 25.898273 22.071503 18.182692 15.026770 13.142188 
1.953596 3.348622 6.069445 10.132277 15.301571 20.860590 25.736471 29.189314 31.195654 32.191116 32.626392 32.799507 32.863396 32.886269 32.894745 32.898472 32.900513 32.901878 32.902863 32.903435 32.904465 32.903435 32.902863 32.901878 32.900513 32.898472 32.894753 32.886330 32.863731 32.801163 32.633621 32.218956 31.289658 29.462078 26.397461 22.170263 17.441135 13.140807 9.933985 8.146412 
0.601166 1.675877 3.921768 7.402837 12.074516 17.524517 22.882505 27.190756 30.029198 31.600428 32.359421 32.688538 32.820141 32.869652 32.888062 32.895252 32.898609 32.900513 32.901855 32.902611 32.904102 32.902611 32.901855 32.900513 32.898609 32.895252 32.888065 32.869682 32.820312 32.689362 32.363075 31.614372 30.076008 27.324493 23.198784 18.139120 13.081925 8.869092 5.920871 4.346912 
0.123232 0.764022 2.428014 5.198259 9.128510 14.071455 19.473043 24.434875 28.190706 30.559156 31.839258 32.453209 32.721054 32.830048 32.872253 32.888580 32.895252 32.898472 32.900368 32.901470 32.903416 32.901470 32.900368 32.898472 32.895252 32.888580 32.872257 32.830059 32.721115 32.453480 31.840397 30.563503 28.205019 24.474607 19.564692 14.249449 9.431795 5.674942 3.148756 1.849407 
0.018451 0.267448 1.318109 3.363273 6.483838 10.683993 15.716183 20.941408 25.507904 28.829952 30.875074 31.971785 32.500641 32.735184 32.833019 32.872257 32.888065 32.894753 32.898087 32.899761 32.902367 32.899761 32.898087 32.894753 32.888065 32.872257 32.833019 32.735188 32.500648 31.971825 30.875248 28.830584 25.509918 20.946871 15.728686 10.708908 6.529230 3.442188 1.453487 0.504884 
0.002144 0.054285 0.544450 1.909217 4.237931 7.600340 11.949580 16.963272 21.970955 26.200535 29.207794 31.042753 32.031155 32.515095 32.735188 32.830059 32.869682 32.886330 32.893669 32.896931 32.900826 32.896931 32.893669 32.886330 32.869682 32.830059 32.735188 32.515095 32.031155 31.042755 29.207798 26.200556 21.971037 16.963501 11.950130 7.601561 4.240487 1.914373 0.554781 0.074738 
0.000196 0.006554 0.135994 0.863016 2.456981 4.985937 8.497761 12.901558 17.830202 22.621347 26.587778 29.383358 31.095333 32.031155 32.500648 32.721115 32.820312 32.863731 32.883007 32.890850 32.898739 32.890850 32.883007 32.863731 32.820312 32.721115 32.500648 32.031155 31.095333 29.383358 26.587776 22.621347 17.830204 12.901560 8.497771 4.985974 2.457084 0.863270 0.136586 0.007666 
0.000000 0.000000 0.000000 0.000000 0.000000 0.000000 0.000000 0.000000 0.000000 0.000000 0.000000 0.000000 0.000000 0.000000 0.000000 0.000000 0.000000 0.000000 0.000000 0.000000 0.000000 0.000000 0.000000 0.000000 0.000000 0.000000 0.000000 0.000000 0.000000 0.000000 0.000000 0.000000 0.000000 0.000000 0.000000 0.000000 0.000000 0.000000 0.000000 0.000000 
0.000001 0.000037 0.001346 0.034889 0.377852 1.427093 3.274002 5.977842 9.549267 13.851035 18.507160 22.935555 26.587776 29.207798 30.875248 31.840397 32.363075 32.633621 32.770706 32.830505 32.891953 32.830505 32.770706 32.633621 32.363075 31.840397 30.875248 29.207798 26.587776 22.935556 18.507162 13.851037 9.549268 5.977843 3.274002 1.427094 0.377853 0.034890 0.001347 0.000039 
0.000000 0.000002 0.000080 0.002627 0.057579 0.484564 1.608253 3.490719 6.182351 9.682132 13.851035 18.339422 22.621347 26.200556 28.830584 30.563503 31.614372 32.218956 32.553791 32.710442 32.886444 32.710442 32.553791 32.218956 31.614372 30.563503 28.830584 26.200556 22.621347 18.339424 13.851037 9.682133 6.182352 3.490720 1.608254 0.484564 0.057579 0.002627 0.000080 0.000002 
0.000000 0.000000 0.000004 0.000142 0.004186 0.078824 0.555718 1.701939 3.563921 6.182351 9.549267 13.535153 17.830202 21.971035 25.509918 28.205019 30.076006 31.289658 32.037945 32.411293 32.878506 32.411293 32.037945 31.289656 30.076006 28.205019 25.509918 21.971035 17.830204 13.535154 9.549268 6.182352 3.563922 1.701939 0.555718 0.078824 0.004186 0.000142 0.000004 0.000000 
0.000000 0.000000 0.000000 0.000006 0.000207 0.005509 0.091623 0.580640 1.701939 3.490719 5.977842 9.152303 12.901558 16.963499 20.946871 24.474606 27.324492 29.462078 30.945955 31.747873 32.866947 31.747873 30.945953 29.462076 27.324492 24.474606 20.946871 16.963499 12.901560 9.152304 5.977843 3.490720 1.701939 0.580640 0.091623 0.005509 0.000207 0.000006 0.000000 0.000000 
0.000000 0.000000 0.000000 0.000000 0.000008 0.000249 0.006031 0.091623 0.555718 1.608253 3.274002 5.574379 8.497770 11.950130 15.728684 19.564692 23.198784 26.397459 28.954657 30.457695 32.850323 30.457695 28.954657 26.397461 23.198784 19.564690 15.728684 11.950130 8.497771 5.574379 3.274002 1.608254 0.555718 0.091623 0.006031 0.000249 0.000008 0.000000 0.000000 0.000000 
0.000000 0.000000 0.000000 0.000000 0.000000 0.000009 0.000249 0.005509 0.078824 0.484564 1.427094 2.923005 4.985974 7.601562 10.708908 14.249449 18.139120 22.170263 25.898273 28.329556 32.826809 28.329556 25.898273 22.170263 18.139120 14.249447 10.708907 7.601561 4.985974 2.923005 1.427094 0.484564 0.078824 0.005509 0.000249 0.000009 0.000000 0.000000 0.000000 0.000000 
0.000000 0.000000 0.000000 0.000000 0.000000 0.000000 0.000008 0.000207 0.004186 0.057579 0.377852 1.170939 2.457084 4.240487 6.529230 9.431795 13.081924 17.441135 22.071505 25.408806 32.796928 25.408804 22.071503 17.441133 13.081924 9.431795 6.529229 4.240487 2.457084 1.170939 0.377853 0.057579 0.004186 0.000207 0.000008 0.000000 0.000000 0.000000 0.000000 0.000000 
0.000000 0.000000 0.000000 0.000000 0.000000 0.000000 0.000000 0.000006 0.000142 0.002627 0.034890 0.253165 0.863270 1.914373 3.442188 5.674942 8.869092 13.140807 18.182692 22.170338 32.762852 22.170338 18.182692 13.140807 8.869091 5.674942 3.442187 1.914372 0.863270 0.253165 0.034890 0.002627 0.000142 0.000006 0.000000 0.000000 0.000000 0.000000 0.000000 0.000000 
0.000000 0.000000 0.000000 0.000000 0.000000 0.000000 0.000000 0.000000 0.000004 0.000080 0.001347 0.017084 0.136586 0.554781 1.453486 3.148756 5.920871 9.933985 15.026770 19.313643 32.730782 19.313643 15.026770 9.933985 5.920870 3.148755 1.453486 0.554781 0.136586 0.017084 0.001347 0.000080 0.000004 0.000000 0.000000 0.000000 0.000000 0.000000 0.000000 0.000000 
0.000000 0.000000 0.000000 0.000000 0.000000 0.000000 0.000000 0.000000 0.000000 0.000000 0.000000 0.000000 0.000000 0.000000 0.000000 0.000000 0.000000 0.000000 0.000000 0.000000 0.000000 0.000000 0.000000 0.000000 0.000000 0.000000 0.000000 0.000000 0.000000 0.000000 0.000000 0.000000 0.000000 0.000000 0.000000 0.000000 0.000000 0.000000 0.000000 0.000000 
