0.000000 0.000000 0.000000 0.000000 0.000000 0.000000 0.000000 0.000000 0.000000 0.000002 0.000027 0.000406 0.004926 0.047000 0.332451 1.396284 3.585017 6.191439 14.777723 15.177482 32.882755 15.187271 14.787596 6.201303 3.594196 1.402789 0.335443 0.047762 0.005233 0.001314 0.003775 0.012240 0.016930 6.325099 0.016928 0.012238 0.003746 0.000893 0.000189 0.000043 
0.000000 0.000000 0.000000 0.000000 0.000000 0.000000 0.000000 0.000000 0.000003 0.000060 0.000975 0.012141 0.100148 0.440708 1.188038 2.630539 5.098425 7.994938 16.362192 16.821785 32.882687 16.831118 16.371641 8.005381 5.108843 2.639425 1.194809 0.445263 0.102279 0.013153 0.003461 0.008253 0.019062 0.013843 0.019058 0.008187 0.002432 0.000590 0.000128 0.000030 
0.000000 0.000000 0.000000 0.000000 0.000000 0.000000 0.000000 0.000005 0.000115 0.002055 0.026910 0.204320 0.738613 1.692775 3.070784 5.064709 7.972441 11.260138 19.100954 19.609272 32.885113 19.617504 19.109360 11.270805 7.984029 5.076519 3.082708 1.704281 0.747941 0.209511 0.029137 0.005463 0.007521 0.009161 0.007397 0.003267 0.001034 0.000268 0.000062 0.000015 
0.000000 0.000000 0.000000 0.000000 0.000000 0.000000 0.000008 0.000182 0.003548 0.048045 0.327910 1.051354 2.248539 3.916399 6.047273 8.728662 12.134711 15.740346 22.556292 23.076323 32.888588 23.082752 22.562956 15.750312 12.146664 8.742674 6.063669 3.934659 2.266425 1.065736 0.336195 0.051091 0.005809 0.002834 0.002064 0.000969 0.000332 0.000093 0.000023 0.000006 
0.000000 0.000000 0.000000 0.000000 0.000000 0.000009 0.000239 0.005067 0.070824 0.443824 1.329238 2.744663 4.703096 7.187507 10.138494 13.496595 17.232666 20.805086 26.063887 26.526789 32.892246 26.531073 26.068420 20.813129 17.243551 13.511089 10.157246 7.210087 4.727304 2.766975 1.345999 0.452930 0.073526 0.005854 0.000725 0.000249 0.000089 0.000027 0.000007 0.000002 
0.000000 0.000000 0.000000 0.000000 0.000009 0.000262 0.006041 0.088350 0.532163 1.543107 3.143035 5.352039 8.159767 11.481686 15.131601 18.863277 22.454834 25.476234 28.945292 29.299181 32.895390 29.301565 28.947874 25.481552 22.463112 18.875898 15.149648 11.504963 8.186226 5.378290 3.165193 1.558235 0.539596 0.090159 0.006259 0.000320 0.000030 0.000007 0.000002 0.000001 
0.000000 0.000000 0.000000 0.000008 0.000239 0.006040 0.094907 0.579714 1.677284 3.418982 5.833150 8.909669 12.547019 16.504314 20.419918 23.930040 26.823450 28.940781 30.892267 31.121168 32.897720 31.122265 30.893488 28.943605 26.828506 23.938929 20.434212 16.524401 12.571462 8.935328 5.856412 3.436835 1.688346 0.584650 0.095971 0.006118 0.000246 0.000009 0.000001 0.000000 
0.000000 0.000000 0.000005 0.000182 0.005066 0.088340 0.579694 1.722992 3.559772 6.127651 9.417659 13.309414 17.513634 21.597237 25.128212 27.861004 29.795382 31.041153 31.992043 32.122078 32.899315 32.122494 31.992516 31.042360 29.797838 27.865973 25.137291 21.611526 17.532677 13.330878 9.438370 6.144848 3.571912 1.729944 0.582571 0.088899 0.005099 0.000184 0.000005 0.000000 
0.000000 0.000003 0.000115 0.003546 0.070803 0.532097 1.677203 3.559712 6.226645 9.673464 13.766067 18.171488 22.393272 25.953716 28.606367 30.382317 31.481951 32.114517 32.528545 32.593678 32.900429 32.593800 32.528687 32.114922 31.482889 30.384495 28.610924 25.961868 22.405500 18.186754 13.782090 9.687781 6.237680 3.567021 1.681143 0.533612 0.071056 0.003559 0.000116 0.000003 
0.000002 0.000060 0.002053 0.048011 0.443685 1.542895 3.418760 6.127484 9.673370 13.917934 18.495417 22.851372 26.461706 29.078224 30.765787 31.759674 32.308025 32.594818 32.758957 32.789017 32.901260 32.789040 32.758984 32.594910 32.308304 31.760424 30.767595 29.081934 26.468063 22.860426 18.506067 13.928413 9.682167 6.133913 3.422812 1.544966 0.444405 0.048110 0.002060 0.000065 
0.000027 0.000973 0.026868 0.327663 1.328807 3.142526 5.832685 9.417307 13.765848 18.495323 23.000748 26.703121 29.336769 30.988960 31.927488 32.421875 32.669289 32.787842 32.848759 32.861557 32.901958 32.861557 32.848759 32.787838 32.669315 32.422073 31.928061 30.990324 29.339468 26.707556 23.006735 18.502003 13.772081 9.422291 5.836191 3.144641 1.329819 0.328002 0.026963 0.001088 
0.000404 0.012103 0.203960 1.050536 2.743633 5.351026 8.908835 13.308822 18.171127 22.851202 26.703066 29.419024 31.091291 32.015545 32.485588 32.710560 32.813522 32.859528 32.881298 32.886818 32.902561 32.886814 32.881294 32.859520 32.813507 32.710598 32.485722 32.015945 31.092245 29.420830 26.705921 22.854877 18.175026 13.312296 8.911537 5.352906 2.744876 1.051528 0.205380 0.014753 
0.004893 0.099748 0.737289 2.246645 4.701083 8.158000 12.545697 17.512781 22.392811 26.461508 29.336700 31.091274 32.042965 32.513916 32.731522 32.826965 32.867699 32.885044 32.893070 32.895649 32.903107 32.895645 32.893066 32.885040 32.867683 32.826958 32.731552 32.514004 32.043236 31.091908 29.337866 26.463280 22.395092 17.515379 12.548686 8.162024 4.707688 2.258966 0.761720 0.149816 
0.046552 0.438827 1.689567 3.912636 7.183951 11.478845 16.502378 21.596142 25.953209 29.078028 30.988897 32.015526 32.513916 32.737907 32.832752 32.871601 32.887501 32.894371 32.897812 32.899311 32.903568 32.899311 32.897808 32.894367 32.887493 32.871586 32.832748 32.737915 32.513988 32.015762 30.989536 29.079634 25.957209 21.605793 16.523890 11.522549 7.265781 4.058540 1.944227 0.885940 
0.328628 1.182229 3.063838 6.040358 10.132649 15.127400 20.417404 25.126989 28.605883 30.765631 31.927444 32.485580 32.731522 32.832756 32.872765 32.888523 32.895130 32.898323 32.900253 32.901260 32.903965 32.901260 32.900249 32.898319 32.895126 32.888519 32.872761 32.832756 32.731571 32.485867 31.928650 30.770220 28.621376 25.172005 20.527094 15.352286 10.532858 6.687703 4.055997 2.674294 
1.385525 2.618611 5.052543 8.717823 13.488389 18.858133 23.927444 27.859962 30.381985 31.759586 32.421856 32.710560 32.826965 32.871601 32.888523 32.895355 32.898582 32.900478 32.901772 32.902538 32.904266 32.902538 32.901768 32.900475 32.898579 32.895355 32.888523 32.871616 32.827095 32.711205 32.424812 31.771469 30.423698 27.985516 24.241982 19.505363 14.601665 10.393073 7.377552 5.739228 
3.539286 5.054805 7.931938 12.100072 17.206961 22.439064 26.815660 29.792284 31.480915 32.307743 32.669216 32.813507 32.867695 32.887501 32.895130 32.898582 32.900558 32.901867 32.902847 32.903397 32.904491 32.903397 32.902847 32.901867 32.900558 32.898579 32.895134 32.887543 32.867924 32.814667 32.674461 32.328697 31.554705 30.016171 27.387230 23.639986 19.284838 15.162644 11.993924 10.183305 
6.953077 8.704149 11.883550 16.241016 21.153025 25.676107 29.034307 31.077433 32.126560 32.598320 32.788754 32.859741 32.885090 32.894382 32.898327 32.900478 32.901867 32.902863 32.903584 32.903984 32.904625 32.903984 32.903584 32.902863 32.901867 32.900478 32.898335 32.894436 32.885391 32.861237 32.795319 32.624271 32.216644 31.350237 29.741474 27.211752 23.919649 20.444536 17.512550 15.726083 
11.610044 13.494114 16.731583 20.810984 24.959253 28.358627 30.630211 31.891762 32.494938 32.749035 32.846123 32.880619 32.892921 32.897778 32.900242 32.901768 32.902847 32.903584 32.904106 32.904358 32.904697 32.904358 32.904106 32.903584 32.902847 32.901772 32.900261 32.897858 32.893295 32.882378 32.853321 32.776588 32.588364 32.169815 31.351219 29.964399 27.989794 25.671581 23.516603 22.090654 
0.000000 0.000000 0.000000 0.000000 0.000000 0.000000 0.000000 0.000000 0.000000 0.000000 0.000000 0.000000 0.000000 0.000000 0.000000 0.000000 0.000000 0.000000 0.000000 0.000000 0.000000 0.000000 0.000000 0.000000 0.000000 0.000000 0.000000 0.000000 0.000000 0.000000 0.000000 0.000000 0.000000 0.000000 0.000000 0.000000 0.000000 0.000000 0.000000 0.000000 
32.549946 32.597488 32.663971 32.730255 32.785690 32.826321 32.853695 32.871235 32.882332 32.889561 32.894447 32.897835 32.900280 32.902004 32.903210 32.903973 32.904411 32.904613 32.904697 32.904720 32.904732 32.904720 32.904697 32.904613 32.904430 32.904064 32.903496 32.902683 32.901638 32.900311 32.898720 32.896793 32.894516 32.891731 32.888248 32.884125 32.879311 32.873985 32.869350 32.866173 
17.084763 18.881474 21.739071 25.031801 28.034483 30.268085 31.640272 32.359802 32.687931 32.821934 32.871819 32.889744 32.896473 32.899570 32.901352 32.902569 32.903404 32.903984 32.904358 32.904526 32.904720 32.904526 32.904358 32.903988 32.903404 32.902569 32.901344 32.899555 32.896427 32.889648 32.871887 32.823967 32.701199 32.416412 31.832438 30.798016 29.248003 27.338480 25.477503 24.204197 
11.610046 13.494114 16.731581 20.810982 24.959253 28.358627 30.630213 31.891762 32.494938 32.749035 32.846123 32.880619 32.892921 32.897778 32.900242 32.901768 32.902847 32.903584 32.904106 32.904358 32.904697 32.904358 32.904106 32.903584 32.902847 32.901772 32.900261 32.897858 32.893295 32.882378 32.853325 32.776585 32.588356 32.169800 31.351183 29.964331 27.989683 25.671431 23.516418 22.090452 
6.953076 8.704148 11.883550 16.241016 21.153023 25.676107 29.034306 31.077431 32.126560 32.598320 32.788754 32.859741 32.885090 32.894382 32.898327 32.900478 32.901867 32.902863 32.903584 32.903988 32.904613 32.903988 32.903584 32.902863 32.901867 32.900478 32.898335 32.894436 32.885395 32.861237 32.795319 32.624264 32.216621 31.350185 29.741385 27.211613 23.919456 20.444298 17.512289 15.725806 
3.539286 5.054805 7.931938 12.100072 17.206963 22.439066 26.815659 29.792284 31.480915 32.307743 32.669216 32.813507 32.867695 32.887501 32.895130 32.898582 32.900558 32.901867 32.902847 32.903404 32.904430 32.903404 32.902847 32.901867 32.900558 32.898582 32.895138 32.887543 32.867928 32.814667 32.674446 32.328667 31.554638 30.016052 27.387049 23.639740 19.284540 15.162334 11.993611 10.182997 
1.385525 2.618611 5.052544 8.717824 13.488389 18.858135 23.927443 27.859962 30.381985 31.759586 32.421856 32.710560 32.826965 32.871601 32.888523 32.895355 32.898582 32.900478 32.901772 32.902569 32.904064 32.902569 32.901772 32.900478 32.898582 32.895355 32.888531 32.871620 32.827095 32.711189 32.424774 31.771372 30.423521 27.985241 24.241615 19.504957 14.601260 10.392703 7.377223 5.738930 
0.328628 1.182229 3.063838 6.040359 10.132649 15.127398 20.417402 25.126984 28.605883 30.765629 31.927443 32.485577 32.731522 32.832752 32.872765 32.888531 32.895138 32.898335 32.900261 32.901344 32.903496 32.901344 32.900261 32.898335 32.895138 32.888531 32.872768 32.832760 32.731564 32.485817 31.928518 30.769949 28.620928 25.171394 20.526419 15.351646 10.532321 6.687283 4.055677 2.674034 
0.046552 0.438828 1.689567 3.912637 7.183951 11.478843 16.502377 21.596136 25.953203 29.078024 30.988894 32.015522 32.513912 32.737911 32.832760 32.871620 32.887543 32.894436 32.897858 32.899555 32.902683 32.899555 32.897858 32.894436 32.887543 32.871620 32.832760 32.737911 32.513924 32.015575 30.989117 29.078907 25.956173 21.604582 16.522724 11.521582 7.265076 4.058073 1.943945 0.885765 
0.004893 0.099748 0.737289 2.246645 4.701081 8.157995 12.545691 17.512772 22.392799 26.461493 29.336687 31.091265 32.042957 32.513924 32.731564 32.827095 32.867928 32.885395 32.893295 32.896427 32.901638 32.896427 32.893295 32.885395 32.867928 32.827095 32.731564 32.513924 32.042957 31.091269 29.336697 26.461529 22.392937 17.513201 12.546835 8.160645 4.706785 2.258466 0.761509 0.149756 
0.000000 0.000000 0.000000 0.000000 0.000000 0.000000 0.000000 0.000000 0.000000 0.000000 0.000000 0.000000 0.000000 0.000000 0.000000 0.000000 0.000000 0.000000 0.000000 0.000000 0.000000 0.000000 0.000000 0.000000 0.000000 0.000000 0.000000 0.000000 0.000000 0.000000 0.000000 0.000000 0.000000 0.000000 0.000000 0.000000 0.000000 0.000000 0.000000 0.000000 
0.000027 0.000973 0.026868 0.327662 1.328804 3.142519 5.832674 9.417284 13.765807 18.495262 23.000666 26.703032 29.336697 30.989117 31.928518 32.424774 32.674446 32.795319 32.853325 32.871887 32.898724 32.871887 32.853325 32.795319 32.674446 32.424774 31.928518 30.989117 29.336697 26.703032 23.000668 18.495262 13.765808 9.417284 5.832675 3.142522 1.328813 0.327689 0.026931 0.001087 
0.000002 0.000060 0.002053 0.048011 0.443684 1.542889 3.418745 6.127447 9.673306 13.917828 18.495262 22.851168 26.461529 29.078907 30.769949 31.771372 32.328663 32.624264 32.776585 32.823967 32.896793 32.823967 32.776585 32.624264 32.328667 31.771372 30.769949 29.078907 26.461529 22.851168 18.495262 13.917828 9.673306 6.127447 3.418744 1.542888 0.443684 0.048012 0.002056 0.000065 
0.000000 0.000003 0.000115 0.003546 0.070802 0.532093 1.677184 3.559670 6.226555 9.673306 13.765807 18.171101 22.392937 25.956175 28.620928 30.423521 31.554638 32.216621 32.588356 32.701199 32.894516 32.701199 32.588356 32.216621 31.554638 30.423521 28.620928 25.956173 22.392937 18.171101 13.765808 9.673306 6.226555 3.559670 1.677184 0.532093 0.070802 0.003546 0.000115 0.000003 
0.000000 0.000000 0.000005 0.000182 0.005066 0.088338 0.579681 1.722948 3.559670 6.127447 9.417284 13.308809 17.513201 21.604582 25.171394 27.985241 30.016052 31.350185 32.169800 32.416412 32.891731 32.416412 32.169800 31.350185 30.016052 27.985241 25.171394 21.604582 17.513201 13.308810 9.417284 6.127447 3.559670 1.722948 0.579681 0.088338 0.005066 0.000182 0.000005 0.000000 
0.000000 0.000000 0.000000 0.000008 0.000239 0.006040 0.094901 0.579681 1.677184 3.418744 5.832674 8.908848 12.546834 16.522724 20.526419 24.241615 27.387047 29.741386 31.351183 31.832434 32.888248 31.832434 31.351183 29.741385 27.387049 24.241615 20.526417 16.522724 12.546835 8.908849 5.832675 3.418744 1.677184 0.579681 0.094901 0.006040 0.000239 0.000008 0.000000 0.000000 
0.000000 0.000000 0.000000 0.000000 0.000009 0.000262 0.006040 0.088338 0.532093 1.542889 3.142522 5.351091 8.160645 11.521582 15.351646 19.504957 23.639740 27.211613 29.964331 30.798016 32.884125 30.798016 29.964331 27.211613 23.639740 19.504957 15.351645 11.521582 8.160645 5.351092 3.142522 1.542888 0.532093 0.088338 0.006040 0.000262 0.000009 0.000000 0.000000 0.000000 
0.000000 0.000000 0.000000 0.000000 0.000000 0.000009 0.000239 0.005066 0.070802 0.443684 1.328813 2.743832 4.706785 7.265076 10.532321 14.601260 19.284540 23.919456 27.989683 29.247999 32.879318 29.247999 27.989683 23.919456 19.284540 14.601259 10.532321 7.265077 4.706785 2.743832 1.328813 0.443684 0.070802 0.005066 0.000239 0.000009 0.000000 0.000000 0.000000 0.000000 
0.000000 0.000000 0.000000 0.000000 0.000000 0.000000 0.000008 0.000182 0.003546 0.048012 0.327689 1.051063 2.258466 4.058073 6.687283 10.392703 15.162334 20.444298 25.671431 27.338480 32.873989 27.338478 25.671429 20.444296 15.162333 10.392702 6.687283 4.058073 2.258466 1.051063 0.327689 0.048012 0.003546 0.000182 0.000008 0.000000 0.000000 0.000000 0.000000 0.000000 
0.000000 0.000000 0.000000 0.000000 0.000000 0.000000 0.000000 0.000005 0.000115 0.002056 0.026931 0.205260 0.761509 1.943945 4.055677 7.377223 11.993611 17.512289 23.516418 25.477503 32.869354 25.477501 23.516417 17.512287 11.993610 7.377222 4.055676 1.943945 0.761509 0.205260 0.026931 0.002056 0.000115 0.000005 0.000000 0.000000 0.000000 0.000000 0.000000 0.000000 
0.000000 0.000000 0.000000 0.000000 0.000000 0.000000 0.000000 0.000000 0.000000 0.000000 0.000000 0.000000 0.000000 0.000000 0.000000 0.000000 0.000000 0.000000 0.000000 0.000000 0.000000 0.000000 0.000000 0.000000 0.000000 0.000000 0.000000 0.000000 0.000000 0.000000 0.000000 0.000000 0.000000 0.000000 0.000000 0.000000 0.000000 0.000000 0.000000 0.000000 
