0.000000 0.000000 0.000000 0.000000 0.000000 0.000000 0.000000 0.000000 0.000002 0.000047 0.000760 0.009980 0.101027 0.659532 2.201734 4.891612 9.546424 13.461007 21.743666 22.535496 32.894295 22.548893 21.757833 13.481026 9.567724 4.911259 2.217672 0.668704 0.103835 0.011356 0.004730 0.012646 0.017238 6.325925 0.017185 0.012591 0.003918 0.000949 0.000203 0.000047 
0.000000 0.000000 0.000000 0.000000 0.000000 0.000000 0.000000 0.000004 0.000091 0.001565 0.020206 0.160505 0.633437 1.654917 3.535280 6.501215 11.287823 15.351799 23.173981 23.948633 32.894760 23.960581 23.186768 15.371211 11.309350 6.522664 3.554819 1.670250 0.643890 0.166349 0.024036 0.010203 0.019559 0.014167 0.019449 0.008479 0.002561 0.000631 0.000139 0.000033 
0.000000 0.000000 0.000000 0.000000 0.000000 0.000000 0.000007 0.000156 0.002915 0.038950 0.277757 0.929326 2.043414 3.689528 6.100232 9.485304 14.396624 18.523743 25.362659 26.054115 32.896362 26.063511 25.372890 18.541098 14.417240 9.508110 6.123867 3.712765 2.065264 0.947636 0.289363 0.045302 0.010881 0.009587 0.007659 0.003428 0.001102 0.000289 0.000067 0.000017 
0.000000 0.000000 0.000000 0.000000 0.000000 0.000009 0.000222 0.004504 0.061825 0.398755 1.222353 2.554720 4.409211 6.814530 9.883529 13.700638 18.520817 22.399132 27.739241 28.293367 32.898243 28.299709 27.746307 22.412790 18.538630 13.722936 9.909560 6.843958 4.440968 2.585474 1.247012 0.413523 0.067691 0.007571 0.002395 0.001040 0.000359 0.000102 0.000025 0.000007 
0.000000 0.000000 0.000000 0.000000 0.000010 0.000264 0.005821 0.082675 0.500702 1.464006 2.992898 5.106186 7.796175 11.012205 14.689325 18.695137 22.983660 26.174362 29.793062 30.181963 32.899933 30.185555 29.797165 26.183372 22.996885 18.714138 14.714498 11.043767 7.832977 5.144492 3.026924 1.488447 0.513405 0.086193 0.006536 0.000531 0.000107 0.000030 0.000008 0.000002 
0.000000 0.000000 0.000000 0.000009 0.000264 0.006336 0.095058 0.568190 1.634394 3.321855 5.656314 8.629804 12.150880 16.014402 19.937391 23.619902 26.916458 29.145117 31.246996 31.487080 32.901203 31.488781 31.248989 29.149982 26.924515 23.633354 19.957832 16.042940 12.186593 8.668929 5.693241 3.351154 1.652985 0.576622 0.096957 0.006512 0.000292 0.000017 0.000002 0.000001 
0.000000 0.000000 0.000007 0.000222 0.005820 0.095054 0.591748 1.722420 3.524782 6.033165 9.239303 13.031761 17.144012 21.176224 24.736559 27.587416 29.737869 31.056551 32.115582 32.246384 32.902061 32.247055 32.116394 31.058687 29.741833 27.595011 24.749889 21.197338 17.173012 13.065693 9.273088 6.061882 3.545310 1.734258 0.596721 0.096071 0.005887 0.000225 0.000007 0.000000 
0.000000 0.000004 0.000155 0.004502 0.082660 0.568149 1.722381 3.593295 6.224154 9.609084 13.619642 17.942760 22.108839 25.661793 28.356874 30.211273 31.415007 32.091358 32.562378 32.626991 32.902615 32.627213 32.562645 32.092110 31.416557 30.214682 28.363745 25.674267 22.128109 17.967585 13.646264 9.633294 6.243069 3.605878 1.729253 0.570888 0.083164 0.004530 0.000157 0.000005 
0.000002 0.000091 0.002913 0.061799 0.500609 1.634258 3.524658 6.224078 9.732858 13.913059 18.413588 22.705629 26.288181 28.914330 30.636892 31.673969 32.268333 32.576309 32.765778 32.794849 32.903008 32.794899 32.765835 32.576504 32.268795 31.675152 30.639687 28.920162 26.298466 22.720596 18.431505 13.930882 9.747993 6.235306 3.531830 1.638031 0.502010 0.062021 0.002928 0.000099 
0.000047 0.001563 0.038913 0.398577 1.463715 3.321535 6.032881 9.608898 13.912969 18.568930 22.995094 26.642286 29.255455 30.914419 31.871288 32.385906 32.651066 32.778824 32.849033 32.861412 32.903309 32.861412 32.849037 32.778862 32.651154 32.386200 31.872154 30.916571 29.259842 26.649639 23.005194 18.580317 13.923720 9.617682 6.039174 3.325436 1.465682 0.399288 0.039113 0.001785 
0.000758 0.020167 0.277475 1.221789 2.992231 5.655675 9.238790 13.619299 18.413403 22.995028 26.756525 29.415483 31.065638 31.988245 32.464901 32.697285 32.806686 32.855911 32.880703 32.885994 32.903576 32.885986 32.880692 32.855896 32.806675 32.697311 32.465088 31.988853 31.067152 29.418449 26.761263 23.001242 18.420132 13.625452 9.243694 5.659190 2.994627 1.223755 0.280242 0.025614 
0.009941 0.160145 0.928386 2.553439 5.104882 8.628693 13.030949 17.942257 22.705370 26.642183 29.415457 31.113403 32.041645 32.506912 32.725071 32.822781 32.865379 32.883789 32.892647 32.895107 32.903816 32.895100 32.892639 32.883774 32.865360 32.822758 32.725071 32.507023 32.042061 31.114395 29.417345 26.645140 22.709280 17.946888 13.036382 8.636120 5.117246 2.576800 0.975228 0.257645 
0.100517 0.631999 2.041237 4.406783 7.793963 12.149164 17.142887 22.108215 26.287899 29.255356 31.065611 32.041637 32.519958 32.737598 32.831326 32.870422 32.886795 32.893906 32.897587 32.898979 32.904041 32.898975 32.897583 32.893898 32.886780 32.870399 32.831310 32.737595 32.520042 32.041962 31.066460 29.257412 26.292934 22.120407 17.170782 12.207944 7.907919 4.615201 2.409762 1.277543 
0.656425 1.650919 3.685053 6.810272 11.008732 16.012003 21.174856 25.661160 28.914089 30.914347 31.988224 32.506908 32.737598 32.833961 32.872688 32.888279 32.894901 32.898151 32.900105 32.901081 32.904236 32.901077 32.900101 32.898144 32.894897 32.888268 32.872677 32.833954 32.737640 32.507164 31.989367 30.918777 28.929630 25.708420 21.295834 16.271185 11.485520 7.596573 4.897357 3.462662 
2.192840 3.526251 6.091634 9.876231 14.684004 19.934187 24.735014 28.356287 30.636715 31.871246 32.464897 32.725071 32.831329 32.872688 32.888741 32.895336 32.898525 32.900387 32.901699 32.902424 32.904404 32.902420 32.901695 32.900383 32.898521 32.895329 32.888733 32.872700 32.831417 32.725609 32.467430 31.881767 30.675087 28.476391 25.048727 20.606943 15.882561 11.723495 8.685797 7.010911 
4.942687 6.542975 9.516774 13.722645 18.709036 23.627506 27.590929 30.212660 31.674452 32.386059 32.697330 32.822788 32.870426 32.888283 32.895336 32.898640 32.900547 32.901844 32.902790 32.903351 32.904533 32.903351 32.902790 32.901840 32.900543 32.898636 32.895336 32.888309 32.870602 32.823700 32.701546 32.403393 31.736971 30.408104 28.107681 24.757919 20.747362 16.834320 13.744777 11.947225 
9.042671 10.839361 14.028335 18.250463 22.814461 26.829264 29.701059 31.402031 32.264420 32.650036 32.806458 32.865334 32.886787 32.894901 32.898525 32.900547 32.901901 32.902859 32.903572 32.903961 32.904633 32.903961 32.903572 32.902855 32.901901 32.900547 32.898529 32.894943 32.887009 32.866444 32.811459 32.670189 32.335625 31.622807 30.290218 28.157408 25.313652 22.215874 19.527483 17.848808 
14.362206 16.193645 19.239231 22.931637 26.508005 29.318054 31.131193 32.118801 32.585072 32.781281 32.856525 32.883926 32.893940 32.898159 32.900391 32.901844 32.902859 32.903580 32.904083 32.904343 32.904690 32.904343 32.904083 32.903580 32.902859 32.901844 32.900398 32.898201 32.894150 32.884907 32.860786 32.798027 32.643265 32.298004 31.614069 30.440620 28.734379 26.691750 24.747465 23.444490 
20.559135 22.111088 24.509926 27.137375 29.426901 31.055996 32.029705 32.528736 32.754139 32.845367 32.879684 32.892380 32.897514 32.900078 32.901691 32.902790 32.903572 32.904083 32.904415 32.904560 32.904720 32.904560 32.904415 32.904083 32.903572 32.902798 32.901711 32.900146 32.897755 32.893299 32.883324 32.858486 32.797993 32.660561 32.380493 31.878212 31.106453 30.113876 29.098753 28.371483 
0.000000 0.000000 0.000000 0.000000 0.000000 0.000000 0.000000 0.000000 0.000000 0.000000 0.000000 0.000000 0.000000 0.000000 0.000000 0.000000 0.000000 0.000000 0.000000 0.000000 0.000000 0.000000 0.000000 0.000000 0.000000 0.000000 0.000000 0.000000 0.000000 0.000000 0.000000 0.000000 0.000000 0.000000 0.000000 0.000000 0.000000 0.000000 0.000000 0.000000 
32.849503 32.854099 32.861225 32.869099 32.876369 32.882538 32.887489 32.891506 32.894676 32.897217 32.899296 32.900944 32.902252 32.903229 32.903927 32.904358 32.904587 32.904682 32.904720 32.904728 32.904732 32.904728 32.904720 32.904686 32.904602 32.904434 32.904175 32.903812 32.903358 32.902813 32.902199 32.901508 32.900761 32.899940 32.899040 32.898014 32.896854 32.895611 32.894459 32.893665 
23.136580 24.528664 26.588680 28.730507 30.488297 31.672184 32.343044 32.671455 32.812954 32.868099 32.888306 32.895927 32.899303 32.901226 32.902485 32.903374 32.903965 32.904343 32.904560 32.904644 32.904728 32.904644 32.904560 32.904343 32.903969 32.903378 32.902489 32.901234 32.899349 32.896183 32.889561 32.873497 32.833569 32.740215 32.543091 32.178013 31.597816 30.828270 30.017130 29.422676 
20.559139 22.111092 24.509928 27.137375 29.426901 31.055996 32.029705 32.528736 32.754139 32.845367 32.879684 32.892380 32.897514 32.900078 32.901691 32.902790 32.903572 32.904083 32.904415 32.904560 32.904720 32.904560 32.904415 32.904083 32.903572 32.902798 32.901714 32.900146 32.897755 32.893299 32.883324 32.858486 32.797989 32.660549 32.380470 31.878162 31.106363 30.113741 29.098574 28.371269 
14.362211 16.193651 19.239235 22.931639 26.508009 29.318056 31.131193 32.118801 32.585072 32.781281 32.856525 32.883926 32.893940 32.898159 32.900391 32.901844 32.902859 32.903584 32.904083 32.904343 32.904686 32.904343 32.904083 32.903584 32.902859 32.901848 32.900402 32.898205 32.894150 32.884907 32.860786 32.798023 32.643250 32.297974 31.614004 30.440493 28.734171 26.691450 24.747086 23.444065 
9.042674 10.839364 14.028337 18.250467 22.814461 26.829264 29.701059 31.402031 32.264420 32.650036 32.806458 32.865334 32.886787 32.894901 32.898525 32.900547 32.901901 32.902859 32.903572 32.903969 32.904602 32.903969 32.903572 32.902859 32.901905 32.900547 32.898533 32.894943 32.887009 32.866447 32.811455 32.670177 32.335590 31.622726 30.290066 28.157148 25.313271 22.215385 19.526913 17.848213 
4.942687 6.542978 9.516776 13.722647 18.709038 23.627506 27.590929 30.212660 31.674452 32.386059 32.697330 32.822788 32.870426 32.888283 32.895336 32.898640 32.900547 32.901848 32.902798 32.903378 32.904434 32.903378 32.902798 32.901848 32.900547 32.898640 32.895340 32.888313 32.870605 32.823696 32.701534 32.403351 31.736868 30.407904 28.107344 24.757439 20.746754 16.833641 13.744061 11.946520 
2.192840 3.526252 6.091635 9.876232 14.684005 19.934187 24.735014 28.356285 30.636713 31.871244 32.464893 32.725071 32.831329 32.872692 32.888744 32.895340 32.898533 32.900402 32.901714 32.902489 32.904175 32.902489 32.901714 32.900402 32.898533 32.895340 32.888744 32.872707 32.831425 32.725586 32.467381 31.881630 30.674805 28.475910 25.048052 20.606129 15.881704 11.722655 8.685013 7.010179 
0.656425 1.650919 3.685054 6.810272 11.008731 16.012001 21.174854 25.661154 28.914085 30.914341 31.988222 32.506908 32.737602 32.833965 32.872707 32.888313 32.894943 32.898205 32.900146 32.901234 32.903812 32.901234 32.900146 32.898205 32.894943 32.888313 32.872707 32.833969 32.737637 32.507107 31.989170 30.918356 28.928894 25.707361 21.294575 16.269913 11.484385 7.595626 4.896576 3.462009 
0.100517 0.631999 2.041237 4.406783 7.793961 12.149159 17.142879 22.108206 26.287888 29.255342 31.065601 32.041634 32.519962 32.737633 32.831425 32.870605 32.887009 32.894150 32.897755 32.899349 32.903358 32.899349 32.897755 32.894150 32.887009 32.870605 32.831425 32.737637 32.519970 32.041676 31.065813 29.256243 26.291182 22.118263 17.168621 12.206069 7.906470 4.614174 2.409065 1.277068 
0.000000 0.000000 0.000000 0.000000 0.000000 0.000000 0.000000 0.000000 0.000000 0.000000 0.000000 0.000000 0.000000 0.000000 0.000000 0.000000 0.000000 0.000000 0.000000 0.000000 0.000000 0.000000 0.000000 0.000000 0.000000 0.000000 0.000000 0.000000 0.000000 0.000000 0.000000 0.000000 0.000000 0.000000 0.000000 0.000000 0.000000 0.000000 0.000000 0.000000 
0.000758 0.020167 0.277475 1.221788 2.992226 5.655664 9.238771 13.619268 18.413359 22.994972 26.756468 29.415445 31.065813 31.989170 32.467381 32.701534 32.811455 32.860786 32.883324 32.889561 32.902199 32.889561 32.883324 32.860786 32.811455 32.701534 32.467381 31.989170 31.065813 29.415445 26.756466 22.994967 18.413351 13.619268 9.238800 5.655783 2.992586 1.222757 0.279948 0.025579 
0.000047 0.001563 0.038913 0.398576 1.463710 3.321525 6.032858 9.608850 13.912895 18.568829 22.994967 26.642218 29.256243 30.918356 31.881628 32.403351 32.670177 32.798023 32.858486 32.873497 32.901508 32.873497 32.858486 32.798023 32.670177 32.403351 31.881630 30.918356 29.256243 26.642218 22.994967 18.568829 13.912893 9.608849 6.032855 3.321524 1.463720 0.398619 0.039030 0.001781 
0.000002 0.000091 0.002913 0.061798 0.500606 1.634248 3.524629 6.224020 9.732753 13.912893 18.413351 22.705591 26.291182 28.928894 30.674805 31.736868 32.335590 32.643250 32.797989 32.833569 32.900761 32.833569 32.797989 32.643250 32.335590 31.736868 30.674805 28.928894 26.291182 22.705591 18.413351 13.912893 9.732753 6.224020 3.524629 1.634248 0.500607 0.061800 0.002917 0.000099 
0.000000 0.000004 0.000155 0.004502 0.082659 0.568142 1.722353 3.593228 6.224021 9.608849 13.619268 17.943029 22.118263 25.707361 28.475910 30.407904 31.622726 32.297974 32.660553 32.740215 32.899940 32.740215 32.660553 32.297974 31.622726 30.407904 28.475910 25.707361 22.118263 17.943031 13.619268 9.608849 6.224020 3.593228 1.722352 0.568141 0.082659 0.004502 0.000156 0.000005 
0.000000 0.000000 0.000007 0.000222 0.005820 0.095050 0.591726 1.722353 3.524629 6.032855 9.238800 13.032966 17.168621 21.294575 25.048052 28.107344 30.290068 31.614004 32.380474 32.543091 32.899040 32.543091 32.380474 31.614004 30.290066 28.107344 25.048052 21.294575 17.168621 13.032965 9.238800 6.032855 3.524629 1.722352 0.591726 0.095050 0.005820 0.000222 0.000007 0.000000 
0.000000 0.000000 0.000000 0.000009 0.000264 0.006335 0.095050 0.568141 1.634249 3.321524 5.655783 8.633498 12.206069 16.269913 20.606131 24.757439 28.157148 30.440493 31.878162 32.178013 32.898014 32.178013 31.878162 30.440493 28.157148 24.757439 20.606129 16.269913 12.206069 8.633498 5.655783 3.321524 1.634248 0.568141 0.095050 0.006335 0.000264 0.000009 0.000000 0.000000 
0.000000 0.000000 0.000000 0.000000 0.000010 0.000264 0.005820 0.082659 0.500607 1.463720 2.992587 5.115458 7.906470 11.484385 15.881703 20.746754 25.313271 28.734171 31.106365 31.597816 32.896858 31.597815 31.106363 28.734169 25.313271 20.746754 15.881703 11.484386 7.906470 5.115458 2.992586 1.463720 0.500607 0.082659 0.005820 0.000264 0.000010 0.000000 0.000000 0.000000 
0.000000 0.000000 0.000000 0.000000 0.000000 0.000009 0.000222 0.004502 0.061800 0.398619 1.222757 2.575731 4.614174 7.595626 11.722655 16.833641 22.215385 26.691450 30.113741 30.828268 32.895615 30.828266 30.113739 26.691446 22.215384 16.833641 11.722655 7.595626 4.614174 2.575730 1.222757 0.398619 0.061800 0.004502 0.000222 0.000009 0.000000 0.000000 0.000000 0.000000 
0.000000 0.000000 0.000000 0.000000 0.000000 0.000000 0.000007 0.000156 0.002917 0.039030 0.279948 0.974709 2.409065 4.896576 8.685013 13.744061 19.526913 24.747086 29.098574 30.017128 32.894463 30.017128 29.098572 24.747084 19.526911 13.744061 8.685013 4.896576 2.409066 0.974709 0.279948 0.039030 0.002917 0.000156 0.000007 0.000000 0.000000 0.000000 0.000000 0.000000 
0.000000 0.000000 0.000000 0.000000 0.000000 0.000000 0.000000 0.000000 0.000000 0.000000 0.000000 0.000000 0.000000 0.000000 0.000000 0.000000 0.000000 0.000000 0.000000 0.000000 0.000000 0.000000 0.000000 0.000000 0.000000 0.000000 0.000000 0.000000 0.000000 0.000000 0.000000 0.000000 0.000000 0.000000 0.000000 0.000000 0.000000 0.000000 0.000000 0.000000 
