0.000000 0.000000 0.000000 0.000000 0.000000 0.000000 0.000000 0.000000 0.000000 0.000000 0.000000 0.000001 0.000008 0.000091 0.000866 0.006553 0.038629 0.180898 0.667626 0.679543 32.747971 0.680102 0.668188 0.181186 0.038738 0.006585 0.000878 0.000122 0.000169 0.000787 0.003405 0.011523 0.016429 6.323725 0.016429 0.011523 0.003405 0.000786 0.000161 0.000036 
0.000000 0.000000 0.000000 0.000000 0.000000 0.000000 0.000000 0.000000 0.000000 0.000000 0.000001 0.000021 0.000290 0.003178 0.025502 0.135190 0.431644 0.955141 1.895645 1.961995 32.703484 1.963017 1.896703 0.956133 0.432496 0.135718 0.025686 0.003235 0.000402 0.000534 0.002180 0.007596 0.018268 0.013547 0.018268 0.007596 0.002178 0.000512 0.000108 0.000025 
0.000000 0.000000 0.000000 0.000000 0.000000 0.000000 0.000000 0.000000 0.000000 0.000003 0.000052 0.000814 0.009843 0.080317 0.362381 0.943404 1.802346 2.872262 4.353141 4.536557 32.709793 4.538125 4.354822 2.874336 1.804802 0.945873 0.364191 0.081087 0.010041 0.001058 0.000956 0.002950 0.006882 0.008648 0.006881 0.002947 0.000903 0.000227 0.000051 0.000012 
0.000000 0.000000 0.000000 0.000000 0.000000 0.000000 0.000000 0.000000 0.000005 0.000104 0.001816 0.023459 0.180078 0.667717 1.546869 2.771639 4.296747 6.036691 8.128270 8.510448 32.734325 8.512457 8.130468 6.039797 4.300891 2.776543 1.551792 0.671628 0.182041 0.023949 0.002142 0.000955 0.001857 0.002413 0.001852 0.000848 0.000282 0.000077 0.000018 0.000005 
0.000000 0.000000 0.000000 0.000000 0.000000 0.000000 0.000000 0.000007 0.000169 0.003264 0.044049 0.305509 0.992881 2.135930 3.717747 5.697182 7.997884 10.474156 13.168240 13.788987 32.767563 13.791189 13.170707 10.477962 8.003333 5.704184 3.725692 2.143666 0.998972 0.308765 0.044878 0.003538 0.000591 0.000548 0.000419 0.000205 0.000074 0.000022 0.000005 0.000001 
0.000000 0.000000 0.000000 0.000000 0.000000 0.000000 0.000009 0.000226 0.004782 0.067074 0.426333 1.286811 2.662443 4.560095 6.951422 9.758528 12.822481 15.908711 18.907511 19.736341 32.802181 19.738350 18.909845 15.912633 12.828484 9.766701 6.961331 4.570681 2.672179 1.294088 0.430185 0.068046 0.004944 0.000338 0.000094 0.000044 0.000017 0.000005 0.000001 0.000000 
0.000000 0.000000 0.000000 0.000000 0.000000 0.000009 0.000249 0.005773 0.085168 0.519466 1.514458 3.087724 5.254740 7.999205 11.232319 14.762395 18.304024 21.528395 24.294407 25.136337 32.832638 25.137779 24.296181 21.531696 18.309504 14.770432 11.242648 8.010907 5.266413 3.097697 1.521392 0.522943 0.086000 0.005852 0.000267 0.000017 0.000004 0.000001 0.000000 0.000000 
0.000000 0.000000 0.000000 0.000000 0.000007 0.000226 0.005772 0.092001 0.569858 1.657556 3.383005 5.770711 8.806361 12.387050 16.274124 20.115160 23.534750 26.280937 28.326622 29.000820 32.855663 29.001606 28.327700 26.283165 23.538834 20.121714 16.283255 12.398058 8.817989 5.781428 3.391456 1.662979 0.572378 0.092553 0.005811 0.000229 0.000008 0.000000 0.000000 0.000000 
0.000000 0.000000 0.000000 0.000005 0.000169 0.004781 0.085159 0.569841 1.706340 3.533720 6.086732 9.353022 13.211332 17.374565 21.419025 24.920198 27.631285 29.527885 30.773483 31.199795 32.871616 31.200146 30.773993 29.529070 27.633705 24.924517 21.425674 17.383326 13.221277 9.362763 6.095048 3.539793 1.709933 0.571364 0.085454 0.004798 0.000170 0.000005 0.000000 0.000000 
0.000000 0.000000 0.000003 0.000104 0.003262 0.067053 0.519402 1.657476 3.533659 6.192953 9.628201 13.704266 18.088787 22.291353 25.839336 28.490633 30.270094 31.369738 32.012287 32.241745 32.881905 32.241871 32.012474 31.370232 30.271227 28.492897 25.843275 22.297199 18.096115 13.712007 9.635242 6.198522 3.537444 1.659549 0.520195 0.067182 0.003268 0.000104 0.000003 0.000000 
0.000000 0.000001 0.000052 0.001814 0.044015 0.426191 1.514248 3.382793 6.086568 9.628107 13.868045 18.439600 22.790546 26.398304 29.017611 30.711262 31.713079 32.266094 32.560467 32.666710 32.888878 32.666748 32.560543 32.266258 31.713509 30.712229 29.019512 26.401470 22.795067 18.444921 13.873326 9.632569 6.089864 3.384877 1.515305 0.426552 0.044061 0.001816 0.000052 0.000001 
0.000000 0.000021 0.000812 0.023417 0.305247 1.286351 3.087198 5.770236 9.352660 13.704046 18.439505 22.952854 26.662321 29.302889 30.960960 31.905462 32.404575 32.655331 32.777248 32.821945 32.893562 32.821949 32.777260 32.655373 32.404705 31.905802 30.961716 29.304304 26.664621 22.955936 18.442944 13.707227 9.355181 5.772002 3.088248 1.286837 0.305390 0.023430 0.000813 0.000022 
0.000007 0.000288 0.009804 0.179689 0.991973 2.661312 5.253639 8.805465 13.210702 18.088415 22.790367 26.662262 29.393135 31.074196 32.004089 32.477486 32.704792 32.809238 32.856621 32.873940 32.896976 32.873936 32.856613 32.809238 32.704819 32.477585 32.004337 31.074728 29.394112 26.663776 22.792290 18.090406 13.212440 8.806792 5.254513 2.661796 0.992180 0.179742 0.009820 0.000311 
0.000085 0.003150 0.079896 0.666177 2.133703 4.557734 7.997144 12.385509 17.373573 22.290813 26.398066 29.302801 31.074171 32.034481 32.509220 32.728733 32.825172 32.866508 32.884289 32.891075 32.899448 32.891071 32.884289 32.866505 32.825172 32.728752 32.509285 32.034653 31.074532 29.303432 26.398983 22.291920 17.374653 12.386414 7.997802 4.558157 2.133956 0.666357 0.080135 0.003552 
0.000822 0.025180 0.360237 1.542929 3.713081 6.947012 11.228794 16.271711 21.417646 25.838673 29.017347 30.960869 32.004063 32.509216 32.735981 32.831783 32.871086 32.887150 32.894203 32.897133 32.901329 32.897133 32.894199 32.887150 32.871086 32.831783 32.735992 32.509262 32.004185 30.961105 29.017736 25.839214 21.418276 16.272366 11.229446 6.947776 3.714198 1.544842 0.363780 0.031639 
0.006198 0.132779 0.937047 2.763096 5.688345 9.750923 14.756831 20.111748 24.918463 28.489904 30.711004 31.905384 32.477470 32.728733 32.831783 32.872414 32.888355 32.895035 32.898281 32.899918 32.902664 32.899918 32.898281 32.895031 32.888355 32.872414 32.831783 32.728745 32.477505 31.905481 30.711235 28.490433 24.919695 20.114471 14.762321 9.760989 5.705655 2.791904 0.984850 0.214971 
0.035439 0.420576 1.787162 4.280391 7.983005 12.810928 18.296425 23.530693 27.629499 30.269445 31.712881 32.404526 32.704781 32.825172 32.871086 32.888355 32.895298 32.898533 32.900486 32.901527 32.903618 32.901524 32.900486 32.898533 32.895298 32.888355 32.871090 32.825180 32.704838 32.404766 31.713823 30.272820 27.639853 23.557480 18.354000 12.915476 8.151606 4.534725 2.161942 0.982415 
0.152930 0.908648 2.830527 6.006128 10.455860 15.900323 21.525850 26.280663 29.528078 31.369877 32.266151 32.655354 32.809250 32.866508 32.887150 32.895035 32.898533 32.900532 32.901875 32.902657 32.904194 32.902657 32.901875 32.900532 32.898533 32.895031 32.887161 32.866550 32.809467 32.656380 32.270355 31.385328 29.577213 26.412193 21.814697 16.420698 11.254293 7.112479 4.291059 2.827891 
0.478327 1.603146 4.033248 7.832821 12.932814 18.749828 24.208059 28.287851 30.758677 32.007324 32.558949 32.776890 32.856533 32.884270 32.894199 32.898281 32.900486 32.901875 32.902920 32.903469 32.904530 32.903469 32.902920 32.901875 32.900490 32.898285 32.894218 32.884384 32.857132 32.779716 32.570984 32.051628 30.901167 28.676704 25.081305 20.337772 15.319144 10.961280 7.846827 6.154245 
0.000000 0.000000 0.000000 0.000000 0.000000 0.000000 0.000000 0.000000 0.000000 0.000000 0.000000 0.000000 0.000000 0.000000 0.000000 0.000000 0.000000 0.000000 0.000000 0.000000 0.000000 0.000000 0.000000 0.000000 0.000000 0.000000 0.000000 0.000000 0.000000 0.000000 0.000000 0.000000 0.000000 0.000000 0.000000 0.000000 0.000000 0.000000 0.000000 0.000000 
1.404372 2.988248 6.130714 10.784982 16.654781 22.631893 27.429020 30.412809 31.917137 32.552540 32.787712 32.865387 32.889709 32.897549 32.900772 32.902485 32.903564 32.904182 32.904530 32.904640 32.904732 32.904640 32.904530 32.904182 32.903568 32.902508 32.900928 32.898483 32.894516 32.886566 32.868259 32.822166 32.709019 32.449829 31.920250 30.967525 29.513174 27.654232 25.774923 24.408211 
1.030616 2.460593 5.295473 9.621902 15.174740 21.135872 26.213173 29.639175 31.500370 32.359138 32.705677 32.833118 32.876720 32.891689 32.897259 32.899940 32.901531 32.902657 32.903469 32.903896 32.904640 32.903896 32.903469 32.902657 32.901531 32.899948 32.897289 32.891891 32.877899 32.839016 32.731449 32.456165 31.816870 30.515429 28.226938 24.890882 20.887346 17.017033 13.961738 12.227395 
0.478327 1.603146 4.033249 7.832823 12.932815 18.749828 24.208061 28.287851 30.758677 32.007324 32.558949 32.776890 32.856533 32.884270 32.894199 32.898281 32.900486 32.901875 32.902920 32.903469 32.904530 32.903469 32.902920 32.901875 32.900490 32.898285 32.894218 32.884384 32.857132 32.779713 32.570980 32.051617 30.901150 28.676676 25.081270 20.337732 15.319107 10.961246 7.846795 6.154216 
0.152930 0.908648 2.830528 6.006129 10.455859 15.900324 21.525850 26.280663 29.528078 31.369877 32.266151 32.655354 32.809250 32.866508 32.887150 32.895035 32.898533 32.900532 32.901875 32.902657 32.904182 32.902657 32.901875 32.900532 32.898533 32.895035 32.887161 32.866550 32.809467 32.656372 32.270340 31.385298 29.577162 26.412125 21.814623 16.420630 11.254240 7.112439 4.291027 2.827867 
0.035439 0.420576 1.787162 4.280392 7.983004 12.810928 18.296421 23.530691 27.629499 30.269444 31.712879 32.404526 32.704781 32.825169 32.871086 32.888355 32.895298 32.898533 32.900490 32.901531 32.903568 32.901531 32.900490 32.898533 32.895298 32.888355 32.871090 32.825180 32.704830 32.404743 31.713772 30.272730 27.639719 23.557327 18.353855 12.915359 8.151519 4.534668 2.161911 0.982397 
0.006198 0.132779 0.937047 2.763096 5.688345 9.750922 14.756829 20.111744 24.918461 28.489901 30.711002 31.905382 32.477467 32.728729 32.831779 32.872414 32.888355 32.895035 32.898285 32.899948 32.902508 32.899948 32.898285 32.895035 32.888355 32.872414 32.831783 32.728733 32.477470 31.905403 30.711086 28.490200 24.919403 20.114172 14.762055 9.760795 5.705525 2.791831 0.984820 0.214961 
0.000822 0.025180 0.360237 1.542929 3.713081 6.947012 11.228792 16.271709 21.417641 25.838667 29.017344 30.960865 32.004063 32.509212 32.735985 32.831783 32.871090 32.887161 32.894218 32.897289 32.900928 32.897289 32.894218 32.887161 32.871090 32.831783 32.735985 32.509212 32.004063 30.960867 29.017345 25.838680 21.417679 16.271807 11.229010 6.947481 3.714022 1.544757 0.363757 0.031637 
0.000085 0.003150 0.079896 0.666177 2.133703 4.557734 7.997142 12.385505 17.373566 22.290802 26.398052 29.302788 31.074160 32.034470 32.509212 32.728733 32.825180 32.866550 32.884384 32.891891 32.898483 32.891891 32.884384 32.866550 32.825180 32.728733 32.509212 32.034470 31.074158 29.302788 26.398050 22.290802 17.373568 12.385508 7.997149 4.557752 2.133747 0.666281 0.080124 0.003551 
0.000007 0.000288 0.009804 0.179689 0.991972 2.661311 5.253636 8.805456 13.210690 18.088392 22.790337 26.662230 29.393097 31.074158 32.004059 32.477470 32.704830 32.809467 32.857132 32.877899 32.894516 32.877899 32.857132 32.809467 32.704830 32.477470 32.004063 31.074158 29.393097 26.662228 22.790337 18.088392 13.210690 8.805456 5.253636 2.661311 0.991974 0.179696 0.009817 0.000311 
0.000000 0.000000 0.000000 0.000000 0.000000 0.000000 0.000000 0.000000 0.000000 0.000000 0.000000 0.000000 0.000000 0.000000 0.000000 0.000000 0.000000 0.000000 0.000000 0.000000 0.000000 0.000000 0.000000 0.000000 0.000000 0.000000 0.000000 0.000000 0.000000 0.000000 0.000000 0.000000 0.000000 0.000000 0.000000 0.000000 0.000000 0.000000 0.000000 0.000000 
0.000000 0.000001 0.000052 0.001814 0.044015 0.426190 1.514244 3.382778 6.086539 9.628049 13.867945 18.439447 22.790337 26.398050 29.017345 30.711086 31.713772 32.270340 32.570980 32.731449 32.868259 32.731449 32.570980 32.270340 31.713772 30.711086 29.017345 26.398050 22.790337 18.439447 13.867944 9.628048 6.086539 3.382778 1.514244 0.426190 0.044015 0.001814 0.000052 0.000001 
0.000000 0.000000 0.000003 0.000104 0.003262 0.067053 0.519398 1.657461 3.533624 6.192875 9.628048 13.704008 18.088392 22.290800 25.838680 28.490198 30.272730 31.385298 32.051617 32.456161 32.822166 32.456165 32.051617 31.385298 30.272730 28.490200 25.838680 22.290802 18.088392 13.704007 9.628048 6.192875 3.533624 1.657461 0.519398 0.067053 0.003262 0.000104 0.000003 0.000000 
0.000000 0.000000 0.000000 0.000005 0.000169 0.004781 0.085157 0.569831 1.706303 3.533624 6.086539 9.352642 13.210690 17.373568 21.417679 24.919403 27.639719 29.577162 30.901150 31.816868 32.709023 31.816870 30.901150 29.577162 27.639719 24.919403 21.417679 17.373568 13.210690 9.352642 6.086539 3.533624 1.706303 0.569831 0.085157 0.004781 0.000169 0.000005 0.000000 0.000000 
0.000000 0.000000 0.000000 0.000000 0.000007 0.000226 0.005772 0.091997 0.569831 1.657461 3.382778 5.770224 8.805455 12.385507 16.271807 20.114170 23.557327 26.412123 28.676676 30.515429 32.449829 30.515430 28.676676 26.412125 23.557327 20.114172 16.271807 12.385507 8.805456 5.770224 3.382778 1.657461 0.569831 0.091997 0.005772 0.000226 0.000007 0.000000 0.000000 0.000000 
0.000000 0.000000 0.000000 0.000000 0.000000 0.000009 0.000249 0.005772 0.085157 0.519398 1.514244 3.087194 5.253635 7.997149 11.229009 14.762053 18.353855 21.814621 25.081270 28.226938 31.920252 28.226938 25.081270 21.814623 18.353855 14.762054 11.229010 7.997149 5.253636 3.087194 1.514244 0.519398 0.085157 0.005772 0.000249 0.000009 0.000000 0.000000 0.000000 0.000000 
0.000000 0.000000 0.000000 0.000000 0.000000 0.000000 0.000009 0.000226 0.004781 0.067053 0.426190 1.286349 2.661311 4.557752 6.947481 9.760794 12.915358 16.420628 20.337732 24.890884 30.967527 24.890882 20.337732 16.420628 12.915358 9.760794 6.947481 4.557752 2.661311 1.286349 0.426190 0.067053 0.004781 0.000226 0.000009 0.000000 0.000000 0.000000 0.000000 0.000000 
0.000000 0.000000 0.000000 0.000000 0.000000 0.000000 0.000000 0.000007 0.000169 0.003262 0.044015 0.305247 0.991974 2.133747 3.714023 5.705525 8.151518 11.254239 15.319108 20.887346 29.513176 20.887346 15.319107 11.254239 8.151518 5.705524 3.714022 2.133747 0.991974 0.305247 0.044015 0.003262 0.000169 0.000007 0.000000 0.000000 0.000000 0.000000 0.000000 0.000000 
0.000000 0.000000 0.000000 0.000000 0.000000 0.000000 0.000000 0.000000 0.000005 0.000104 0.001814 0.023418 0.179696 0.666281 1.544757 2.791831 4.534668 7.112438 10.961246 17.017033 27.654232 17.017033 10.961246 7.112439 4.534668 2.791831 1.544757 0.666281 0.179696 0.023418 0.001814 0.000104 0.000005 0.000000 0.000000 0.000000 0.000000 0.000000 0.000000 0.000000 
0.000000 0.000000 0.000000 0.000000 0.000000 0.000000 0.000000 0.000000 0.000000 0.000003 0.000052 0.000812 0.009817 0.080124 0.363757 0.984820 2.161911 4.291027 7.846795 13.961738 25.774923 13.961738 7.846795 4.291027 2.161911 0.984820 0.363757 0.080124 0.009817 0.000812 0.000052 0.000003 0.000000 0.000000 0.000000 0.000000 0.000000 0.000000 0.000000 0.000000 
0.000000 0.000000 0.000000 0.000000 0.000000 0.000000 0.000000 0.000000 0.000000 0.000000 0.000000 0.000000 0.000000 0.000000 0.000000 0.000000 0.000000 0.000000 0.000000 0.000000 0.000000 0.000000 0.000000 0.000000 0.000000 0.000000 0.000000 0.000000 0.000000 0.000000 0.000000 0.000000 0.000000 0.000000 0.000000 0.000000 0.000000 0.000000 0.000000 0.000000 
