0.000000 0.000000 0.000000 0.000000 0.000000 0.000000 0.000000 0.000000 0.000001 0.000006 0.000042 0.000257 0.001396 0.006714 0.028127 0.101032 0.306908 0.787444 1.716645 2.210717 73.395912 2.210689 1.716617 0.787426 0.306899 0.101030 0.028126 0.006714 0.001396 0.000257 0.000042 0.000007 0.000006 0.000011 0.000000 0.000000 0.000000 0.000000 0.000000 0.000000 
0.000000 0.000000 0.000000 0.000000 0.000000 0.000000 0.000000 0.000001 0.000009 0.000067 0.000443 0.002624 0.013787 0.063314 0.249007 0.818102 2.186843 4.708085 8.575577 12.576434 73.985588 12.575858 8.574936 4.707601 2.186614 0.818029 0.248991 0.063312 0.013787 0.002624 0.000443 0.000068 0.000010 0.000012 0.000001 0.000000 0.000000 0.000000 0.000000 0.000000 
0.000000 0.000000 0.000000 0.000000 0.000000 0.000000 0.000002 0.000013 0.000102 0.000725 0.004633 0.026367 0.131117 0.554503 1.915964 5.125803 10.220322 15.676989 20.556053 25.255680 74.300797 25.254604 20.554258 15.674185 10.217536 5.124269 1.915541 0.554433 0.131108 0.026367 0.004633 0.000725 0.000102 0.000014 0.000002 0.000000 0.000000 0.000000 0.000000 0.000000 
0.000000 0.000000 0.000000 0.000000 0.000000 0.000002 0.000017 0.000138 0.001042 0.007152 0.043714 0.232590 1.036813 3.624122 9.087151 15.942388 21.894455 26.893250 31.305523 36.056519 77.311203 36.055267 31.303474 26.889587 21.888657 15.934849 9.081771 3.622516 1.036576 0.232567 0.043713 0.007152 0.001043 0.000138 0.000017 0.000002 0.000000 0.000000 0.000000 0.000000 
0.000000 0.000000 0.000000 0.000000 0.000002 0.000019 0.000164 0.001325 0.009708 0.063349 0.357701 1.656520 5.685964 12.894774 20.176601 26.452299 31.974634 36.684170 40.845455 45.455891 81.374237 45.454338 40.843037 36.680035 31.968304 26.443296 20.164860 12.883885 5.681968 1.655958 0.357656 0.063346 0.009708 0.001325 0.000164 0.000019 0.000002 0.000000 0.000000 0.000000 
0.000000 0.000000 0.000000 0.000002 0.000019 0.000174 0.001493 0.011640 0.080800 0.482169 2.303908 7.674494 15.837653 23.244263 29.835978 35.609154 40.796707 45.399632 49.502899 54.032227 85.991295 54.030201 49.499630 45.394619 40.789642 35.599796 29.823927 23.229572 15.822534 7.667811 2.302971 0.482104 0.080796 0.011640 0.001493 0.000174 0.000019 0.000002 0.000000 0.000000 
0.000000 0.000000 0.000002 0.000017 0.000164 0.001493 0.012362 0.091141 0.574615 2.838020 9.242990 17.870090 25.486652 32.236401 38.293156 43.763851 48.789246 53.383286 57.588169 62.079914 91.054001 62.077225 57.583958 53.376945 48.780849 43.753559 38.281036 32.222420 25.470879 17.854172 9.235024 2.836885 0.574546 0.091138 0.012362 0.001493 0.000164 0.000017 0.000002 0.000000 
0.000000 0.000001 0.000013 0.000138 0.001325 0.011640 0.091141 0.608819 3.138290 10.218922 19.142412 27.001190 33.923153 40.187675 45.928009 51.249634 56.232265 60.912022 65.286568 69.870262 96.539909 69.866547 65.280693 60.904320 56.222187 51.238052 45.915428 40.174461 33.909161 26.986549 19.128614 10.211657 3.137295 0.608763 0.091139 0.011640 0.001325 0.000138 0.000013 0.000001 
0.000001 0.000009 0.000102 0.001042 0.009708 0.080800 0.574619 3.138314 10.547389 19.758064 27.867609 35.007095 41.463161 47.430943 53.015358 58.296036 63.339455 68.165100 72.801964 77.528870 102.545784 77.523590 72.793991 68.154907 63.327507 58.283112 53.002007 47.417744 41.450275 34.994858 27.855976 19.747890 10.542189 3.137644 0.574585 0.080799 0.009708 0.001042 0.000102 0.000010 
0.000006 0.000067 0.000725 0.007152 0.063349 0.482177 2.838082 10.219172 19.758263 28.149183 35.535080 42.208855 48.384155 54.201466 59.742947 65.081421 70.259979 75.321312 80.257790 85.243973 109.176514 85.236794 80.247971 75.309402 70.247047 65.066925 59.729355 54.188484 48.371605 42.198143 35.525970 28.141108 19.751616 10.216086 2.837735 0.482161 0.063349 0.007152 0.000725 0.000073 
0.000042 0.000443 0.004633 0.043715 0.357711 2.304024 9.243617 19.143206 27.868105 35.535313 42.454483 48.851044 54.885376 60.662170 66.258713 71.732407 77.139717 82.495247 87.845200 93.107216 116.652084 93.097885 87.833359 82.481438 77.125870 71.718163 66.245430 60.649956 54.873993 48.841801 42.446869 35.529297 27.863056 19.139286 9.242111 2.303886 0.357705 0.043715 0.004636 0.000482 
0.000257 0.002624 0.026368 0.232599 1.656656 7.675587 17.872002 27.002586 35.007965 42.209385 48.851311 55.109756 61.108372 66.942612 72.675415 78.376427 84.081757 89.846275 95.677155 101.320274 125.218391 101.308746 95.663315 89.831207 84.066467 78.361343 72.662003 66.931450 61.098549 55.101624 48.845108 42.204731 35.004425 26.999828 17.870089 7.675013 1.656619 0.232599 0.026387 0.002859 
0.001396 0.013787 0.131125 1.036953 5.687471 15.841977 25.490160 33.925522 41.464752 48.385242 54.886063 61.108727 67.165565 73.137512 79.097855 85.102608 91.221703 97.477859 103.978577 110.014374 135.302444 110.001007 103.963287 97.461380 91.205803 85.088005 79.084465 73.126442 67.156456 61.101933 54.880859 48.381405 41.462196 33.923721 25.488838 15.841135 5.687297 1.036953 0.131234 0.015065 
0.006711 0.063312 0.554599 3.625643 12.902438 23.252214 32.242142 40.191677 47.433765 54.203487 60.663586 66.943512 73.137978 79.335762 85.604698 92.027847 98.652863 105.575974 112.877319 119.469971 147.433716 119.454727 112.861496 105.559685 98.637131 92.013466 85.593063 79.325668 73.130440 66.938644 60.659618 54.200710 47.432030 40.190495 32.241318 23.251629 12.902143 3.625667 0.555148 0.069439 
0.028081 0.248960 1.916953 9.097006 20.193644 29.849327 38.302650 45.934872 53.020374 59.746620 66.261375 72.677299 79.099106 85.605370 92.295120 99.232513 106.539925 114.248192 122.688942 129.922180 162.435837 129.905350 122.672493 114.232841 106.525612 99.220284 92.284546 85.597534 79.092903 72.673233 66.258583 59.744740 53.019108 45.934044 38.302109 29.848965 20.193476 9.097375 1.919656 0.274623 
0.100494 0.817262 5.132871 15.972824 26.480331 35.630184 43.779556 51.261517 58.305088 65.088287 71.737556 78.380180 85.105164 92.029587 99.233383 106.858040 114.978073 123.764053 133.589813 141.782593 181.408936 141.765259 133.573318 123.748688 114.964645 106.847015 99.225174 92.022888 85.100533 78.376907 71.735382 65.086906 58.304245 51.261070 43.779453 35.630547 26.481543 15.976577 5.147478 0.911301 
0.301323 2.174790 10.247344 21.946951 32.018917 40.830990 48.815937 56.253094 63.355904 70.272858 77.149155 84.088959 91.226974 98.656715 106.542160 114.979233 124.199585 134.273544 146.043365 155.553635 205.440598 155.536606 146.027695 134.259720 124.188301 114.969719 106.535393 98.651375 91.223419 84.086555 77.147743 70.272354 63.356102 56.253952 48.818504 40.836540 32.030880 21.974476 10.323592 2.487680 
0.740564 4.576467 15.693007 26.945366 36.737320 45.448238 53.425968 60.948097 68.195053 75.345337 82.514084 89.860672 97.488914 105.583900 114.253510 123.767731 134.275482 146.056793 160.222336 171.547562 234.541382 171.531677 160.208038 146.044708 134.265900 123.760406 114.248596 105.580566 97.487015 89.860298 82.515373 75.348396 68.202728 60.959629 53.448036 45.488976 36.814388 27.095234 16.019497 5.533457 
1.459597 7.592454 20.066757 31.045721 40.713997 49.452896 57.587055 65.309837 72.835449 80.294128 87.877815 95.704651 104.001038 112.894424 122.701714 133.599274 146.050140 160.226471 177.781311 192.333847 267.195831 192.320267 177.769211 160.216736 146.042816 133.594254 122.698921 112.893867 104.003616 95.711761 87.891899 80.319084 72.879875 65.384125 57.710247 49.657726 41.054485 31.624302 21.131218 10.024032 
0.000000 0.000000 0.000000 0.000000 0.000000 0.000000 0.000000 0.000000 0.000000 0.000000 0.000000 0.000000 0.000000 0.000000 0.000000 0.000000 0.000000 0.000000 0.000000 116.666664 116.666664 116.666664 0.000000 0.000000 0.000000 0.000000 0.000000 0.000000 0.000000 0.000000 0.000000 0.000000 0.000000 0.000000 0.000000 0.000000 0.000000 0.000000 0.000000 0.000000 
2.632179 11.206301 24.226751 35.415241 45.358395 54.545795 63.400101 72.166336 81.125290 90.483391 100.547867 111.608231 124.135384 138.669525 156.017303 177.206894 203.164215 233.667053 267.043762 293.101959 319.616089 293.095764 267.040924 233.673798 203.201157 177.282608 156.143036 138.855118 124.390579 111.943901 100.975906 91.019707 81.790955 72.990295 64.424500 55.837379 47.028534 37.676666 27.554594 17.054684 
2.252102 10.159607 22.900347 34.026253 43.816940 52.795418 61.215668 69.326294 77.235588 85.128242 93.098183 101.362564 110.067322 119.511314 129.945831 141.791962 155.554337 171.546082 192.333817 209.699509 293.105042 209.699539 192.333954 171.546509 155.555298 141.793961 129.950470 119.521317 110.087807 101.402542 93.170387 85.251358 77.434875 69.635590 61.680099 53.478397 44.817883 35.525608 25.302120 14.728822 
1.459597 7.592457 20.066759 31.045723 40.713997 49.452892 57.587048 65.309830 72.835457 80.294144 87.877815 95.704659 104.001068 112.894470 122.701813 133.599503 146.050659 160.227600 177.784912 192.333923 267.049530 192.333923 177.784943 160.227722 146.050888 133.599960 122.702827 112.896400 104.005310 95.712799 87.892509 80.319435 72.880089 65.384224 57.710300 49.657745 41.054497 31.624310 21.131224 10.024032 
0.740564 4.576468 15.693009 26.945364 36.737316 45.448235 53.425968 60.948097 68.195045 75.345345 82.514091 89.860687 97.488960 105.583977 114.253677 123.768127 134.276291 146.058624 160.227692 171.546432 233.679916 171.546448 160.227722 146.058655 134.276321 123.768196 114.253807 105.584267 97.489571 89.861877 82.516373 75.348946 68.203117 60.959850 53.448158 45.489040 36.814426 27.095266 16.019518 5.533461 
0.301323 2.174790 10.247345 21.946951 32.018917 40.830986 48.815937 56.253098 63.355907 70.272858 77.149162 84.088989 91.227036 98.656860 106.542419 114.979874 124.200806 134.276321 146.050842 155.555237 203.204544 155.555252 146.050888 134.276321 124.200821 114.979897 106.542442 98.656876 91.227051 84.089020 77.149200 70.273399 63.356739 56.254322 48.818741 40.836678 32.030960 21.974531 10.323619 2.487683 
0.100494 0.817262 5.132871 15.972824 26.480328 35.630180 43.779556 51.261520 58.305088 65.088295 71.737587 78.380241 85.105263 92.029823 99.233788 106.858932 114.979881 123.768173 133.599945 141.793930 177.284424 141.793930 133.599960 123.768196 114.979897 106.858940 99.233803 92.029823 85.105263 78.380257 71.737625 65.088356 58.305168 51.261658 43.779827 35.630787 26.481699 15.976658 5.147490 0.911302 
0.028081 0.248960 1.916953 9.097006 20.193642 29.849327 38.302650 45.934872 53.020378 59.746643 66.261436 72.677399 79.099304 85.605736 92.295853 99.233795 106.542427 114.253792 122.702812 129.950424 156.143906 129.950439 122.702827 114.253807 106.542442 99.233803 92.295860 85.605736 79.099304 72.677406 66.261436 59.746651 53.020386 45.934883 38.302666 29.849360 20.193743 9.097449 1.919663 0.274623 
0.006711 0.063312 0.554599 3.625643 12.902439 23.252214 32.242142 40.191681 47.433784 54.203518 60.663658 66.943642 73.138245 79.336288 85.605736 92.029823 98.656876 105.584267 112.896400 119.521301 138.855453 119.521301 112.896400 105.584267 98.656876 92.029823 85.605736 79.336281 73.138245 66.943649 60.663666 54.203526 47.433788 40.191685 32.242146 23.252220 12.902454 3.625710 0.555150 0.069439 
0.001396 0.013787 0.131125 1.036953 5.687471 15.841981 25.490162 33.925522 41.464775 48.385288 54.886169 61.108932 67.165962 73.138245 79.099297 85.105270 91.227058 97.489571 104.005310 110.087799 124.390732 110.087799 104.005310 97.489571 91.227051 85.105263 79.099304 73.138245 67.165970 61.108932 54.886169 48.385288 41.464775 33.925526 25.490164 15.841983 5.687471 1.036962 0.131234 0.015065 
0.000000 0.000000 0.000000 0.000000 0.000000 0.000000 0.000000 0.000000 0.000000 0.000000 0.000000 0.000000 0.000000 0.000000 0.000000 0.000000 0.000000 0.000000 0.000000 0.000000 0.000000 0.000000 0.000000 0.000000 0.000000 0.000000 0.000000 0.000000 0.000000 0.000000 0.000000 0.000000 0.000000 0.000000 0.000000 0.000000 0.000000 0.000000 0.000000 0.000000 
0.000042 0.000443 0.004633 0.043715 0.357711 2.304025 9.243629 19.143238 27.868185 35.535446 42.454716 48.851463 54.886169 60.663658 66.261436 71.737625 77.149200 82.516373 87.892509 93.170387 100.975929 93.170387 87.892509 82.516373 77.149200 71.737625 66.261436 60.663666 54.886169 48.851467 42.454716 35.535446 27.868183 19.143238 9.243629 2.304025 0.357711 0.043715 0.004636 0.000482 
0.000006 0.000067 0.000725 0.007152 0.063349 0.482177 2.838087 10.219200 19.758385 28.149399 35.535446 42.209465 48.385288 54.203518 59.746647 65.088356 70.273399 75.348946 80.319435 85.251358 91.019722 85.251358 80.319435 75.348946 70.273399 65.088356 59.746651 54.203526 48.385288 42.209465 35.535446 28.149399 19.758385 10.219200 2.838087 0.482177 0.063349 0.007152 0.000725 0.000073 
0.000001 0.000009 0.000102 0.001042 0.009708 0.080800 0.574620 3.138328 10.547509 19.758385 27.868185 35.008007 41.464771 47.433784 53.020386 58.305168 63.356735 68.203117 72.880089 77.434868 81.790955 77.434875 72.880089 68.203117 63.356739 58.305168 53.020386 47.433788 41.464775 35.008007 27.868183 19.758385 10.547509 3.138328 0.574620 0.080800 0.009708 0.001042 0.000102 0.000010 
0.000000 0.000001 0.000013 0.000138 0.001325 0.011640 0.091142 0.608821 3.138328 10.219200 19.143238 27.002604 33.925522 40.191681 45.934883 51.261658 56.254322 60.959850 65.384232 69.635590 72.990288 69.635590 65.384224 60.959850 56.254322 51.261658 45.934883 40.191685 33.925526 27.002602 19.143238 10.219200 3.138328 0.608821 0.091142 0.011640 0.001325 0.000138 0.000013 0.000001 
0.000000 0.000000 0.000002 0.000017 0.000164 0.001493 0.012362 0.091142 0.574620 2.838087 9.243629 17.872007 25.490162 32.242142 38.302662 43.779827 48.818741 53.448154 57.710304 61.680096 64.424492 61.680099 57.710300 53.448158 48.818741 43.779827 38.302666 32.242146 25.490164 17.872007 9.243629 2.838087 0.574620 0.091142 0.012362 0.001493 0.000164 0.000017 0.000002 0.000000 
0.000000 0.000000 0.000000 0.000002 0.000019 0.000174 0.001493 0.011640 0.080800 0.482177 2.304025 7.675588 15.841981 23.252218 29.849358 35.630787 40.836678 45.489040 49.657745 53.478397 55.837376 53.478397 49.657745 45.489040 40.836678 35.630787 29.849360 23.252220 15.841983 7.675588 2.304025 0.482177 0.080800 0.011640 0.001493 0.000174 0.000019 0.000002 0.000000 0.000000 
0.000000 0.000000 0.000000 0.000000 0.000002 0.000019 0.000164 0.001325 0.009708 0.063349 0.357711 1.656657 5.687472 12.902454 20.193743 26.481699 32.030960 36.814426 41.054497 44.817883 47.028530 44.817886 41.054493 36.814426 32.030960 26.481699 20.193743 12.902454 5.687471 1.656657 0.357711 0.063349 0.009708 0.001325 0.000164 0.000019 0.000002 0.000000 0.000000 0.000000 
0.000000 0.000000 0.000000 0.000000 0.000000 0.000002 0.000017 0.000138 0.001042 0.007152 0.043715 0.232600 1.036962 3.625710 9.097449 15.976658 21.974531 27.095266 31.624308 35.525612 37.676666 35.525612 31.624308 27.095266 21.974531 15.976658 9.097449 3.625710 1.036962 0.232600 0.043715 0.007152 0.001042 0.000138 0.000017 0.000002 0.000000 0.000000 0.000000 0.000000 
0.000000 0.000000 0.000000 0.000000 0.000000 0.000000 0.000002 0.000013 0.000102 0.000725 0.004636 0.026388 0.131234 0.555150 1.919663 5.147490 10.323619 16.019518 21.131224 25.302122 27.554596 25.302122 21.131224 16.019518 10.323619 5.147490 1.919663 0.555150 0.131234 0.026388 0.004636 0.000725 0.000102 0.000013 0.000002 0.000000 0.000000 0.000000 0.000000 0.000000 
0.000000 0.000000 0.000000 0.000000 0.000000 0.000000 0.000000 0.000000 0.000000 0.000000 0.000000 0.000000 0.000000 0.000000 0.000000 0.000000 0.000000 0.000000 0.000000 0.000000 0.000000 0.000000 0.000000 0.000000 0.000000 0.000000 0.000000 0.000000 0.000000 0.000000 0.000000 0.000000 0.000000 0.000000 0.000000 0.000000 0.000000 0.000000 0.000000 0.000000 
