0.000000 0.000000 0.000000 0.000000 0.000000 0.000000 0.000000 0.000000 0.000000 0.000000 0.000000 0.000000 0.000000 0.000000 0.000000 0.000000 0.000000 0.000000 0.000000 0.000000 0.000000 0.000000 0.000000 0.000000 0.000000 0.000000 0.000000 0.000000 0.000000 0.000000 0.000000 0.000000 0.000000 0.000000 0.000000 0.000000 0.000000 0.000000 0.000000 0.000000 
0.000000 0.000000 0.000000 0.000000 0.000000 0.000000 0.000000 0.000000 0.000000 0.000000 0.000000 0.000000 0.000000 0.000000 0.000000 0.000000 0.000000 0.000000 0.000000 0.000000 0.000000 0.000000 0.000000 0.000000 0.000000 0.000000 0.000000 0.000000 0.000000 0.000000 0.000000 0.000000 0.000000 0.000000 0.000000 0.000000 0.000000 0.000000 0.000000 0.000000 
0.000000 0.000000 0.000000 0.000000 0.000000 0.000000 0.000000 0.000000 0.000000 0.000000 0.000000 0.000000 0.000000 0.000000 0.000000 0.000000 0.000000 0.000000 0.000000 0.000000 0.000000 0.000000 0.000000 0.000000 0.000000 0.000000 0.000000 0.000000 0.000000 0.000000 0.000000 0.000000 0.000000 0.000000 0.000000 0.000000 0.000000 0.000000 0.000000 0.000000 
0.000000 0.000000 0.000000 0.000000 0.000000 0.000000 0.000000 0.000000 0.000000 0.000000 0.000000 0.000000 0.000000 0.000000 0.000000 0.000000 0.000000 0.000000 0.000000 0.000000 0.000000 0.000000 0.000000 0.000000 0.000000 0.000000 0.000000 0.000000 0.000000 0.000000 0.000000 0.000000 0.000000 0.000000 0.000000 0.000000 0.000000 0.000000 0.000000 0.000000 
0.000000 0.000000 0.000000 0.000000 0.000000 0.000000 0.000000 0.000000 0.000000 0.000000 0.000000 0.000000 0.000000 0.000000 0.000000 0.000000 0.000000 0.000000 0.000000 0.000000 0.000000 0.000000 0.000000 0.000000 0.000000 0.000000 0.000000 0.000000 0.000000 0.000000 0.000000 0.000000 0.000000 0.000000 0.000000 0.000000 0.000000 0.000000 0.000000 0.000000 
0.000000 0.000000 0.000000 0.000000 0.000000 0.000000 0.000000 0.000000 0.000000 0.000000 0.000000 0.000000 0.000000 0.000000 0.000000 0.000000 0.000000 0.000000 0.000001 0.000003 0.000005 0.000003 0.000001 0.000000 0.000000 0.000000 0.000000 0.000000 0.000000 0.000000 0.000000 0.000000 0.000000 0.000000 0.000000 0.000000 0.000000 0.000000 0.000000 0.000000 
0.000000 0.000000 0.000000 0.000000 0.000000 0.000000 0.000000 0.000000 0.000000 0.000000 0.000000 0.000000 0.000000 0.000000 0.000000 0.000000 0.000001 0.000005 0.000019 0.000054 0.000089 0.000054 0.000019 0.000005 0.000001 0.000000 0.000000 0.000000 0.000000 0.000000 0.000000 0.000000 0.000000 0.000000 0.000000 0.000000 0.000000 0.000000 0.000000 0.000000 
0.000000 0.000000 0.000000 0.000000 0.000000 0.000000 0.000000 0.000000 0.000000 0.000000 0.000000 0.000000 0.000000 0.000000 0.000000 0.000002 0.000015 0.000077 0.000307 0.000846 0.001368 0.000846 0.000307 0.000077 0.000015 0.000002 0.000000 0.000000 0.000000 0.000000 0.000000 0.000000 0.000000 0.000000 0.000000 0.000000 0.000000 0.000000 0.000000 0.000000 
0.000000 0.000000 0.000000 0.000000 0.000000 0.000000 0.000000 0.000000 0.000000 0.000000 0.000000 0.000000 0.000000 0.000001 0.000005 0.000035 0.000223 0.001128 0.004357 0.011734 0.018661 0.011734 0.004357 0.001128 0.000223 0.000035 0.000005 0.000001 0.000000 0.000000 0.000000 0.000000 0.000000 0.000000 0.000000 0.000000 0.000000 0.000000 0.000000 0.000000 
0.000000 0.000000 0.000000 0.000000 0.000000 0.000000 0.000000 0.000000 0.000000 0.000000 0.000000 0.000000 0.000001 0.000008 0.000066 0.000484 0.002963 0.014526 0.053962 0.139699 0.216484 0.139699 0.053962 0.014526 0.002963 0.000484 0.000066 0.000008 0.000001 0.000000 0.000000 0.000000 0.000000 0.000000 0.000000 0.000000 0.000000 0.000000 0.000000 0.000000 
0.000000 0.000000 0.000000 0.000000 0.000000 0.000000 0.000000 0.000000 0.000000 0.000000 0.000000 0.000001 0.000010 0.000098 0.000823 0.005870 0.034442 0.159548 0.551345 1.316418 1.935064 1.316418 0.551345 0.159548 0.034442 0.005870 0.000823 0.000098 0.000010 0.000001 0.000000 0.000000 0.000000 0.000000 0.000000 0.000000 0.000000 0.000000 0.000000 0.000000 
0.000000 0.000000 0.000000 0.000000 0.000000 0.000000 0.000000 0.000000 0.000000 0.000000 0.000001 0.000011 0.000119 0.001123 0.009089 0.061497 0.334249 1.377344 3.998365 7.771434 10.019629 7.771434 3.998365 1.377344 0.334249 0.061497 0.009089 0.001123 0.000119 0.000011 0.000001 0.000000 0.000000 0.000000 0.000000 0.000000 0.000000 0.000000 0.000000 0.000000 
0.000000 0.000000 0.000000 0.000000 0.000000 0.000000 0.000000 0.000000 0.000000 0.000001 0.000010 0.000119 0.001243 0.011249 0.085815 0.528207 2.428807 7.433492 14.486413 19.152760 26.055788 19.152760 14.486414 7.433491 2.428807 0.528207 0.085815 0.011249 0.001243 0.000119 0.000010 0.000001 0.000000 0.000000 0.000000 0.000000 0.000000 0.000000 0.000000 0.000000 
0.000000 0.000000 0.000000 0.000000 0.000000 0.000000 0.000000 0.000000 0.000001 0.000008 0.000098 0.001123 0.011249 0.095660 0.656643 3.283887 10.071937 18.470516 24.041162 31.266655 35.912861 31.266659 24.041168 18.470516 10.071937 3.283887 0.656643 0.095660 0.011249 0.001123 0.000098 0.000008 0.000001 0.000000 0.000000 0.000000 0.000000 0.000000 0.000000 0.000000 
0.000000 0.000000 0.000000 0.000000 0.000000 0.000000 0.000000 0.000000 0.000005 0.000066 0.000823 0.009089 0.085815 0.656643 3.606124 11.370581 20.422131 27.055241 33.207829 40.011776 44.192444 40.011780 33.207836 27.055241 20.422131 11.370581 3.606124 0.656643 0.085815 0.009089 0.000823 0.000066 0.000005 0.000000 0.000000 0.000000 0.000000 0.000000 0.000000 0.000000 
0.000000 0.000000 0.000000 0.000000 0.000000 0.000000 0.000000 0.000002 0.000035 0.000484 0.005870 0.061497 0.528207 3.283887 11.370581 21.018480 28.418528 34.945030 40.607071 47.839508 50.870098 47.839508 40.607075 34.945030 28.418528 21.018480 11.370581 3.283887 0.528207 0.061497 0.005870 0.000484 0.000035 0.000002 0.000000 0.000000 0.000000 0.000000 0.000000 0.000000 
0.000000 0.000000 0.000000 0.000000 0.000000 0.000000 0.000001 0.000015 0.000223 0.002963 0.034442 0.334249 2.428807 10.071939 20.422131 28.418528 35.567242 41.529884 47.734016 53.795692 57.459518 53.795692 47.734016 41.529884 35.567242 28.418528 20.422131 10.071939 2.428807 0.334249 0.034442 0.002963 0.000223 0.000015 0.000001 0.000000 0.000000 0.000000 0.000000 0.000000 
0.000000 0.000000 0.000000 0.000000 0.000000 0.000000 0.000005 0.000077 0.001128 0.014526 0.159548 1.377345 7.433493 18.470522 27.055244 34.945030 41.529884 47.987019 53.817303 59.624878 63.962879 59.624878 53.817303 47.987019 41.529884 34.945034 27.055246 18.470522 7.433493 1.377345 0.159548 0.014526 0.001128 0.000077 0.000005 0.000000 0.000000 0.000000 0.000000 0.000000 
0.000000 0.000000 0.000000 0.000000 0.000000 0.000001 0.000019 0.000307 0.004357 0.053962 0.551345 3.998367 14.486420 24.041168 33.207832 40.607075 47.734016 53.817303 60.195690 65.518211 70.931458 65.518211 60.195686 53.817303 47.734016 40.607075 33.207836 24.041172 14.486420 3.998367 0.551345 0.053962 0.004357 0.000307 0.000019 0.000001 0.000000 0.000000 0.000000 0.000000 
0.000000 0.000000 0.000000 0.000000 0.000000 0.000000 0.000000 0.000000 0.000000 0.000000 0.000000 0.000000 0.000000 0.000000 0.000000 0.000000 0.000000 0.000000 0.000000 116.666664 116.666664 116.666664 0.000000 0.000000 0.000000 0.000000 0.000000 0.000000 0.000000 0.000000 0.000000 0.000000 0.000000 0.000000 0.000000 0.000000 0.000000 0.000000 0.000000 0.000000 
0.000000 0.000000 0.000000 0.000000 0.000000 0.000005 0.000089 0.001368 0.018661 0.216484 1.935065 10.019633 26.055788 35.912861 44.192436 50.870090 57.459511 63.962875 70.931450 72.849182 284.670044 72.849190 70.931458 63.962879 57.459511 50.870094 44.192440 35.912861 26.055788 10.019633 1.935065 0.216484 0.018661 0.001368 0.000089 0.000005 0.000000 0.000000 0.000000 0.000000 
0.000000 0.000000 0.000000 0.000000 0.000000 0.000003 0.000054 0.000846 0.011734 0.139699 1.316418 7.771439 19.152765 31.266661 40.011780 47.839508 53.795692 59.624878 65.518211 69.596794 72.849190 69.596794 65.518211 59.624878 53.795692 47.839508 40.011780 31.266661 19.152765 7.771439 1.316418 0.139699 0.011734 0.000846 0.000054 0.000003 0.000000 0.000000 0.000000 0.000000 
0.000000 0.000000 0.000000 0.000000 0.000000 0.000001 0.000019 0.000307 0.004357 0.053962 0.551345 3.998367 14.486420 24.041172 33.207836 40.607075 47.734016 53.817303 60.195686 65.518211 70.931458 65.518211 60.195690 53.817303 47.734016 40.607075 33.207836 24.041172 14.486420 3.998367 0.551345 0.053962 0.004357 0.000307 0.000019 0.000001 0.000000 0.000000 0.000000 0.000000 
0.000000 0.000000 0.000000 0.000000 0.000000 0.000000 0.000005 0.000077 0.001128 0.014526 0.159548 1.377345 7.433493 18.470522 27.055246 34.945034 41.529884 47.987019 53.817303 59.624878 63.962879 59.624878 53.817303 47.987019 41.529884 34.945034 27.055246 18.470522 7.433493 1.377345 0.159548 0.014526 0.001128 0.000077 0.000005 0.000000 0.000000 0.000000 0.000000 0.000000 
0.000000 0.000000 0.000000 0.000000 0.000000 0.000000 0.000001 0.000015 0.000223 0.002963 0.034442 0.334249 2.428807 10.071939 20.422131 28.418528 35.567242 41.529884 47.734016 53.795692 57.459511 53.795692 47.734016 41.529884 35.567242 28.418528 20.422131 10.071939 2.428807 0.334249 0.034442 0.002963 0.000223 0.000015 0.000001 0.000000 0.000000 0.000000 0.000000 0.000000 
0.000000 0.000000 0.000000 0.000000 0.000000 0.000000 0.000000 0.000002 0.000035 0.000484 0.005870 0.061497 0.528207 3.283887 11.370581 21.018480 28.418528 34.945034 40.607075 47.839508 50.870094 47.839508 40.607075 34.945034 28.418528 21.018480 11.370581 3.283887 0.528207 0.061497 0.005870 0.000484 0.000035 0.000002 0.000000 0.000000 0.000000 0.000000 0.000000 0.000000 
0.000000 0.000000 0.000000 0.000000 0.000000 0.000000 0.000000 0.000000 0.000005 0.000066 0.000823 0.009089 0.085815 0.656643 3.606124 11.370581 20.422131 27.055246 33.207836 40.011780 44.192440 40.011780 33.207836 27.055246 20.422131 11.370581 3.606124 0.656643 0.085815 0.009089 0.000823 0.000066 0.000005 0.000000 0.000000 0.000000 0.000000 0.000000 0.000000 0.000000 
0.000000 0.000000 0.000000 0.000000 0.000000 0.000000 0.000000 0.000000 0.000001 0.000008 0.000098 0.001123 0.011249 0.095660 0.656643 3.283887 10.071939 18.470522 24.041172 31.266661 35.912861 31.266661 24.041172 18.470522 10.071939 3.283887 0.656643 0.095660 0.011249 0.001123 0.000098 0.000008 0.000001 0.000000 0.000000 0.000000 0.000000 0.000000 0.000000 0.000000 
0.000000 0.000000 0.000000 0.000000 0.000000 0.000000 0.000000 0.000000 0.000000 0.000001 0.000010 0.000119 0.001243 0.011249 0.085815 0.528207 2.428807 7.433493 14.486420 19.152765 26.055788 19.152765 14.486420 7.433493 2.428807 0.528207 0.085815 0.011249 0.001243 0.000119 0.000010 0.000001 0.000000 0.000000 0.000000 0.000000 0.000000 0.000000 0.000000 0.000000 
0.000000 0.000000 0.000000 0.000000 0.000000 0.000000 0.000000 0.000000 0.000000 0.000000 0.000000 0.000000 0.000000 0.000000 0.000000 0.000000 0.000000 0.000000 0.000000 0.000000 0.000000 0.000000 0.000000 0.000000 0.000000 0.000000 0.000000 0.000000 0.000000 0.000000 0.000000 0.000000 0.000000 0.000000 0.000000 0.000000 0.000000 0.000000 0.000000 0.000000 
0.000000 0.000000 0.000000 0.000000 0.000000 0.000000 0.000000 0.000000 0.000000 0.000000 0.000000 0.000001 0.000010 0.000098 0.000823 0.005870 0.034442 0.159548 0.551345 1.316418 1.935065 1.316418 0.551345 0.159548 0.034442 0.005870 0.000823 0.000098 0.000010 0.000001 0.000000 0.000000 0.000000 0.000000 0.000000 0.000000 0.000000 0.000000 0.000000 0.000000 
0.000000 0.000000 0.000000 0.000000 0.000000 0.000000 0.000000 0.000000 0.000000 0.000000 0.000000 0.000000 0.000001 0.000008 0.000066 0.000484 0.002963 0.014526 0.053962 0.139699 0.216484 0.139699 0.053962 0.014526 0.002963 0.000484 0.000066 0.000008 0.000001 0.000000 0.000000 0.000000 0.000000 0.000000 0.000000 0.000000 0.000000 0.000000 0.000000 0.000000 
0.000000 0.000000 0.000000 0.000000 0.000000 0.000000 0.000000 0.000000 0.000000 0.000000 0.000000 0.000000 0.000000 0.000001 0.000005 0.000035 0.000223 0.001128 0.004357 0.011734 0.018661 0.011734 0.004357 0.001128 0.000223 0.000035 0.000005 0.000001 0.000000 0.000000 0.000000 0.000000 0.000000 0.000000 0.000000 0.000000 0.000000 0.000000 0.000000 0.000000 
0.000000 0.000000 0.000000 0.000000 0.000000 0.000000 0.000000 0.000000 0.000000 0.000000 0.000000 0.000000 0.000000 0.000000 0.000000 0.000002 0.000015 0.000077 0.000307 0.000846 0.001368 0.000846 0.000307 0.000077 0.000015 0.000002 0.000000 0.000000 0.000000 0.000000 0.000000 0.000000 0.000000 0.000000 0.000000 0.000000 0.000000 0.000000 0.000000 0.000000 
0.000000 0.000000 0.000000 0.000000 0.000000 0.000000 0.000000 0.000000 0.000000 0.000000 0.000000 0.000000 0.000000 0.000000 0.000000 0.000000 0.000001 0.000005 0.000019 0.000054 0.000089 0.000054 0.000019 0.000005 0.000001 0.000000 0.000000 0.000000 0.000000 0.000000 0.000000 0.000000 0.000000 0.000000 0.000000 0.000000 0.000000 0.000000 0.000000 0.000000 
0.000000 0.000000 0.000000 0.000000 0.000000 0.000000 0.000000 0.000000 0.000000 0.000000 0.000000 0.000000 0.000000 0.000000 0.000000 0.000000 0.000000 0.000000 0.000001 0.000003 0.000005 0.000003 0.000001 0.000000 0.000000 0.000000 0.000000 0.000000 0.000000 0.000000 0.000000 0.000000 0.000000 0.000000 0.000000 0.000000 0.000000 0.000000 0.000000 0.000000 
0.000000 0.000000 0.000000 0.000000 0.000000 0.000000 0.000000 0.000000 0.000000 0.000000 0.000000 0.000000 0.000000 0.000000 0.000000 0.000000 0.000000 0.000000 0.000000 0.000000 0.000000 0.000000 0.000000 0.000000 0.000000 0.000000 0.000000 0.000000 0.000000 0.000000 0.000000 0.000000 0.000000 0.000000 0.000000 0.000000 0.000000 0.000000 0.000000 0.000000 
0.000000 0.000000 0.000000 0.000000 0.000000 0.000000 0.000000 0.000000 0.000000 0.000000 0.000000 0.000000 0.000000 0.000000 0.000000 0.000000 0.000000 0.000000 0.000000 0.000000 0.000000 0.000000 0.000000 0.000000 0.000000 0.000000 0.000000 0.000000 0.000000 0.000000 0.000000 0.000000 0.000000 0.000000 0.000000 0.000000 0.000000 0.000000 0.000000 0.000000 
0.000000 0.000000 0.000000 0.000000 0.000000 0.000000 0.000000 0.000000 0.000000 0.000000 0.000000 0.000000 0.000000 0.000000 0.000000 0.000000 0.000000 0.000000 0.000000 0.000000 0.000000 0.000000 0.000000 0.000000 0.000000 0.000000 0.000000 0.000000 0.000000 0.000000 0.000000 0.000000 0.000000 0.000000 0.000000 0.000000 0.000000 0.000000 0.000000 0.000000 
0.000000 0.000000 0.000000 0.000000 0.000000 0.000000 0.000000 0.000000 0.000000 0.000000 0.000000 0.000000 0.000000 0.000000 0.000000 0.000000 0.000000 0.000000 0.000000 0.000000 0.000000 0.000000 0.000000 0.000000 0.000000 0.000000 0.000000 0.000000 0.000000 0.000000 0.000000 0.000000 0.000000 0.000000 0.000000 0.000000 0.000000 0.000000 0.000000 0.000000 
