0.000000 0.000000 0.000000 0.000000 0.000000 0.000000 0.000000 0.000000 0.000000 0.000000 0.000000 0.000000 0.000000 0.000000 0.000000 0.000000 0.000000 0.000000 0.000000 0.000000 0.000000 0.000000 0.000000 0.000000 0.000000 0.000000 0.000000 0.000000 0.000000 0.000000 0.000000 0.000000 0.000000 0.000000 0.000000 0.000000 0.000000 0.000000 0.000000 0.000000 
0.000000 0.000000 0.000000 0.000000 0.000000 0.000000 0.000000 0.000000 0.000000 0.000000 0.000000 0.000000 0.000000 0.000000 0.000000 0.000000 0.000000 0.000000 0.000000 0.000000 0.000000 0.000000 0.000000 0.000000 0.000000 0.000000 0.000000 0.000000 0.000000 0.000000 0.000000 0.000000 0.000000 0.000000 0.000000 0.000000 0.000000 0.000000 0.000000 0.000000 
0.000000 0.000000 0.000000 0.000000 0.000000 0.000000 0.000000 0.000000 0.000000 0.000000 0.000000 0.000000 0.000000 0.000000 0.000000 0.000000 0.000000 0.000000 0.000000 0.000000 0.000000 0.000000 0.000000 0.000000 0.000000 0.000000 0.000000 0.000000 0.000000 0.000000 0.000000 0.000000 0.000000 0.000000 0.000000 0.000000 0.000000 0.000000 0.000000 0.000000 
0.000000 0.000000 0.000000 0.000000 0.000000 0.000000 0.000000 0.000000 0.000000 0.000000 0.000000 0.000000 0.000000 0.000000 0.000000 0.000000 0.000000 0.000000 0.000000 0.000001 0.000002 0.000001 0.000000 0.000000 0.000000 0.000000 0.000000 0.000000 0.000000 0.000000 0.000000 0.000000 0.000000 0.000000 0.000000 0.000000 0.000000 0.000000 0.000000 0.000000 
0.000000 0.000000 0.000000 0.000000 0.000000 0.000000 0.000000 0.000000 0.000000 0.000000 0.000000 0.000000 0.000000 0.000000 0.000000 0.000000 0.000000 0.000002 0.000007 0.000018 0.000027 0.000018 0.000007 0.000002 0.000000 0.000000 0.000000 0.000000 0.000000 0.000000 0.000000 0.000000 0.000000 0.000000 0.000000 0.000000 0.000000 0.000000 0.000000 0.000000 
0.000000 0.000000 0.000000 0.000000 0.000000 0.000000 0.000000 0.000000 0.000000 0.000000 0.000000 0.000000 0.000000 0.000000 0.000000 0.000001 0.000007 0.000033 0.000113 0.000278 0.000416 0.000278 0.000113 0.000033 0.000007 0.000001 0.000000 0.000000 0.000000 0.000000 0.000000 0.000000 0.000000 0.000000 0.000000 0.000000 0.000000 0.000000 0.000000 0.000000 
0.000000 0.000000 0.000000 0.000000 0.000000 0.000000 0.000000 0.000000 0.000000 0.000000 0.000000 0.000000 0.000000 0.000000 0.000003 0.000019 0.000107 0.000478 0.001631 0.003940 0.005823 0.003940 0.001631 0.000478 0.000107 0.000019 0.000003 0.000000 0.000000 0.000000 0.000000 0.000000 0.000000 0.000000 0.000000 0.000000 0.000000 0.000000 0.000000 0.000000 
0.000000 0.000000 0.000000 0.000000 0.000000 0.000000 0.000000 0.000000 0.000000 0.000000 0.000000 0.000000 0.000001 0.000006 0.000042 0.000270 0.001455 0.006307 0.020920 0.049172 0.071496 0.049172 0.020920 0.006307 0.001455 0.000270 0.000042 0.000006 0.000001 0.000000 0.000000 0.000000 0.000000 0.000000 0.000000 0.000000 0.000000 0.000000 0.000000 0.000000 
0.000000 0.000000 0.000000 0.000000 0.000000 0.000000 0.000000 0.000000 0.000000 0.000000 0.000000 0.000001 0.000009 0.000073 0.000538 0.003376 0.017552 0.072856 0.229733 0.513036 0.724049 0.513036 0.229733 0.072856 0.017552 0.003376 0.000538 0.000073 0.000009 0.000001 0.000000 0.000000 0.000000 0.000000 0.000000 0.000000 0.000000 0.000000 0.000000 0.000000 
0.000000 0.000000 0.000000 0.000000 0.000000 0.000000 0.000000 0.000000 0.000000 0.000000 0.000001 0.000011 0.000105 0.000866 0.006175 0.037099 0.181666 0.693690 1.956632 3.865696 5.094563 3.865696 1.956632 0.693690 0.181666 0.037099 0.006175 0.000866 0.000105 0.000011 0.000001 0.000000 0.000000 0.000000 0.000000 0.000000 0.000000 0.000000 0.000000 0.000000 
0.000000 0.000000 0.000000 0.000000 0.000000 0.000000 0.000000 0.000000 0.000000 0.000001 0.000012 0.000125 0.001145 0.009120 0.061767 0.343375 1.483693 4.617089 9.792568 14.620559 17.910925 14.620559 9.792568 4.617088 1.483693 0.343375 0.061767 0.009120 0.001145 0.000125 0.000012 0.000001 0.000000 0.000000 0.000000 0.000000 0.000000 0.000000 0.000000 0.000000 
0.000000 0.000000 0.000000 0.000000 0.000000 0.000000 0.000000 0.000000 0.000001 0.000011 0.000125 0.001256 0.011041 0.083036 0.512475 2.406859 7.602209 15.090534 21.083584 27.190187 27.491758 27.190187 21.083584 15.090534 7.602209 2.406859 0.512475 0.083036 0.011041 0.001256 0.000125 0.000011 0.000001 0.000000 0.000000 0.000000 0.000000 0.000000 0.000000 0.000000 
0.000000 0.000000 0.000000 0.000000 0.000000 0.000000 0.000000 0.000001 0.000009 0.000105 0.001145 0.011041 0.091489 0.621348 3.133330 9.849268 18.262022 24.886864 31.304863 36.691830 36.623829 36.691830 31.304863 24.886868 18.262022 9.849267 3.133330 0.621348 0.091489 0.011041 0.001145 0.000105 0.000009 0.000001 0.000000 0.000000 0.000000 0.000000 0.000000 0.000000 
0.000000 0.000000 0.000000 0.000000 0.000000 0.000000 0.000000 0.000006 0.000073 0.000866 0.009120 0.083036 0.621348 3.405211 10.979892 19.910608 27.192101 33.657864 39.618546 45.101582 45.078156 45.101582 39.618549 33.657867 27.192102 19.910608 10.979892 3.405210 0.621348 0.083036 0.009120 0.000866 0.000073 0.000006 0.000000 0.000000 0.000000 0.000000 0.000000 0.000000 
0.000000 0.000000 0.000000 0.000000 0.000000 0.000000 0.000003 0.000042 0.000538 0.006175 0.061767 0.512475 3.133330 10.979894 20.428432 28.244310 35.104683 41.157207 47.220329 52.212788 53.909771 52.212784 47.220333 41.157207 35.104683 28.244310 20.428431 10.979892 3.133330 0.512475 0.061767 0.006175 0.000538 0.000042 0.000003 0.000000 0.000000 0.000000 0.000000 0.000000 
0.000000 0.000000 0.000000 0.000000 0.000000 0.000001 0.000019 0.000270 0.003376 0.037099 0.343376 2.406861 9.849270 19.910614 28.244310 35.584068 41.989265 48.142853 53.859520 59.051407 62.688942 59.051407 53.859528 48.142857 41.989265 35.584068 28.244310 19.910614 9.849269 2.406861 0.343376 0.037099 0.003376 0.000270 0.000019 0.000001 0.000000 0.000000 0.000000 0.000000 
0.000000 0.000000 0.000000 0.000000 0.000000 0.000007 0.000107 0.001455 0.017552 0.181666 1.483694 7.602216 18.262037 27.192110 35.104683 41.989262 48.465157 54.397270 60.454697 65.184372 72.216743 65.184372 60.454704 54.397270 48.465157 41.989262 35.104683 27.192110 18.262037 7.602216 1.483694 0.181666 0.017552 0.001455 0.000107 0.000007 0.000000 0.000000 0.000000 0.000000 
0.000000 0.000000 0.000000 0.000000 0.000002 0.000033 0.000478 0.006307 0.072856 0.693691 4.617097 15.090556 24.886883 33.657875 41.157215 48.142860 54.397278 60.663555 66.565926 71.316399 82.400291 71.316391 66.565926 60.663555 54.397278 48.142860 41.157215 33.657875 24.886881 15.090556 4.617097 0.693691 0.072856 0.006307 0.000478 0.000033 0.000002 0.000000 0.000000 0.000000 
0.000000 0.000000 0.000000 0.000000 0.000007 0.000113 0.001631 0.020920 0.229733 1.956636 9.792605 21.083628 31.304888 39.618561 47.220345 53.859535 60.454708 66.565926 72.981628 77.747887 94.785645 77.747887 72.981628 66.565918 60.454704 53.859535 47.220345 39.618561 31.304884 21.083628 9.792604 1.956636 0.229733 0.020920 0.001631 0.000113 0.000007 0.000000 0.000000 0.000000 
0.000000 0.000000 0.000000 0.000000 0.000000 0.000000 0.000000 0.000000 0.000000 0.000000 0.000000 0.000000 0.000000 0.000000 0.000000 0.000000 0.000000 0.000000 0.000000 116.666664 116.666664 116.666664 0.000000 0.000000 0.000000 0.000000 0.000000 0.000000 0.000000 0.000000 0.000000 0.000000 0.000000 0.000000 0.000000 0.000000 0.000000 0.000000 0.000000 0.000000 
0.000000 0.000000 0.000000 0.000002 0.000027 0.000416 0.005823 0.071496 0.724050 5.094591 17.911009 27.491819 36.623886 45.078209 53.909821 62.688992 72.216789 82.400345 94.785713 98.742134 289.082031 98.742119 94.785706 82.400345 72.216797 62.688992 53.909821 45.078209 36.623886 27.491819 17.911009 5.094591 0.724050 0.071496 0.005823 0.000416 0.000027 0.000002 0.000000 0.000000 
0.000000 0.000000 0.000000 0.000001 0.000018 0.000278 0.003940 0.049172 0.513036 3.865715 14.620649 27.190254 36.691875 45.101616 52.212814 59.051430 65.184387 71.316399 77.747894 82.043236 98.742119 82.043243 77.747894 71.316399 65.184387 59.051430 52.212814 45.101616 36.691875 27.190252 14.620649 3.865715 0.513036 0.049172 0.003940 0.000278 0.000018 0.000001 0.000000 0.000000 
0.000000 0.000000 0.000000 0.000000 0.000007 0.000113 0.001631 0.020920 0.229733 1.956636 9.792604 21.083628 31.304884 39.618561 47.220345 53.859535 60.454704 66.565918 72.981621 77.747894 94.785706 77.747894 72.981621 66.565918 60.454704 53.859535 47.220345 39.618561 31.304884 21.083628 9.792604 1.956636 0.229733 0.020920 0.001631 0.000113 0.000007 0.000000 0.000000 0.000000 
0.000000 0.000000 0.000000 0.000000 0.000002 0.000033 0.000478 0.006307 0.072856 0.693691 4.617097 15.090556 24.886881 33.657875 41.157215 48.142860 54.397274 60.663555 66.565918 71.316399 82.400345 71.316399 66.565918 60.663555 54.397274 48.142860 41.157215 33.657875 24.886881 15.090556 4.617097 0.693691 0.072856 0.006307 0.000478 0.000033 0.000002 0.000000 0.000000 0.000000 
0.000000 0.000000 0.000000 0.000000 0.000000 0.000007 0.000107 0.001455 0.017552 0.181666 1.483694 7.602216 18.262037 27.192110 35.104683 41.989262 48.465153 54.397274 60.454704 65.184387 72.216797 65.184387 60.454704 54.397274 48.465153 41.989262 35.104683 27.192110 18.262037 7.602216 1.483694 0.181666 0.017552 0.001455 0.000107 0.000007 0.000000 0.000000 0.000000 0.000000 
0.000000 0.000000 0.000000 0.000000 0.000000 0.000001 0.000019 0.000270 0.003376 0.037099 0.343376 2.406861 9.849269 19.910614 28.244312 35.584068 41.989262 48.142860 53.859535 59.051430 62.688992 59.051430 53.859535 48.142860 41.989262 35.584068 28.244312 19.910614 9.849269 2.406861 0.343376 0.037099 0.003376 0.000270 0.000019 0.000001 0.000000 0.000000 0.000000 0.000000 
0.000000 0.000000 0.000000 0.000000 0.000000 0.000000 0.000003 0.000042 0.000538 0.006175 0.061767 0.512475 3.133330 10.979894 20.428434 28.244312 35.104683 41.157215 47.220345 52.212814 53.909821 52.212814 47.220345 41.157215 35.104683 28.244312 20.428434 10.979894 3.133330 0.512475 0.061767 0.006175 0.000538 0.000042 0.000003 0.000000 0.000000 0.000000 0.000000 0.000000 
0.000000 0.000000 0.000000 0.000000 0.000000 0.000000 0.000000 0.000006 0.000073 0.000866 0.009120 0.083036 0.621348 3.405211 10.979894 19.910614 27.192110 33.657875 39.618561 45.101616 45.078209 45.101616 39.618561 33.657875 27.192110 19.910614 10.979894 3.405212 0.621348 0.083036 0.009120 0.000866 0.000073 0.000006 0.000000 0.000000 0.000000 0.000000 0.000000 0.000000 
0.000000 0.000000 0.000000 0.000000 0.000000 0.000000 0.000000 0.000001 0.000009 0.000105 0.001145 0.011041 0.091489 0.621348 3.133330 9.849269 18.262037 24.886881 31.304884 36.691875 36.623886 36.691875 31.304884 24.886881 18.262037 9.849269 3.133330 0.621348 0.091489 0.011041 0.001145 0.000105 0.000009 0.000001 0.000000 0.000000 0.000000 0.000000 0.000000 0.000000 
0.000000 0.000000 0.000000 0.000000 0.000000 0.000000 0.000000 0.000000 0.000000 0.000000 0.000000 0.000000 0.000000 0.000000 0.000000 0.000000 0.000000 0.000000 0.000000 0.000000 0.000000 0.000000 0.000000 0.000000 0.000000 0.000000 0.000000 0.000000 0.000000 0.000000 0.000000 0.000000 0.000000 0.000000 0.000000 0.000000 0.000000 0.000000 0.000000 0.000000 
0.000000 0.000000 0.000000 0.000000 0.000000 0.000000 0.000000 0.000000 0.000000 0.000001 0.000012 0.000125 0.001145 0.009120 0.061767 0.343376 1.483694 4.617097 9.792603 14.620649 17.911009 14.620649 9.792604 4.617097 1.483694 0.343376 0.061767 0.009120 0.001145 0.000125 0.000012 0.000001 0.000000 0.000000 0.000000 0.000000 0.000000 0.000000 0.000000 0.000000 
0.000000 0.000000 0.000000 0.000000 0.000000 0.000000 0.000000 0.000000 0.000000 0.000000 0.000001 0.000011 0.000105 0.000866 0.006175 0.037099 0.181666 0.693691 1.956636 3.865715 5.094591 3.865715 1.956636 0.693691 0.181666 0.037099 0.006175 0.000866 0.000105 0.000011 0.000001 0.000000 0.000000 0.000000 0.000000 0.000000 0.000000 0.000000 0.000000 0.000000 
0.000000 0.000000 0.000000 0.000000 0.000000 0.000000 0.000000 0.000000 0.000000 0.000000 0.000000 0.000001 0.000009 0.000073 0.000538 0.003376 0.017552 0.072856 0.229733 0.513036 0.724050 0.513036 0.229733 0.072856 0.017552 0.003376 0.000538 0.000073 0.000009 0.000001 0.000000 0.000000 0.000000 0.000000 0.000000 0.000000 0.000000 0.000000 0.000000 0.000000 
0.000000 0.000000 0.000000 0.000000 0.000000 0.000000 0.000000 0.000000 0.000000 0.000000 0.000000 0.000000 0.000001 0.000006 0.000042 0.000270 0.001455 0.006307 0.020920 0.049172 0.071496 0.049172 0.020920 0.006307 0.001455 0.000270 0.000042 0.000006 0.000001 0.000000 0.000000 0.000000 0.000000 0.000000 0.000000 0.000000 0.000000 0.000000 0.000000 0.000000 
0.000000 0.000000 0.000000 0.000000 0.000000 0.000000 0.000000 0.000000 0.000000 0.000000 0.000000 0.000000 0.000000 0.000000 0.000003 0.000019 0.000107 0.000478 0.001631 0.003940 0.005823 0.003940 0.001631 0.000478 0.000107 0.000019 0.000003 0.000000 0.000000 0.000000 0.000000 0.000000 0.000000 0.000000 0.000000 0.000000 0.000000 0.000000 0.000000 0.000000 
0.000000 0.000000 0.000000 0.000000 0.000000 0.000000 0.000000 0.000000 0.000000 0.000000 0.000000 0.000000 0.000000 0.000000 0.000000 0.000001 0.000007 0.000033 0.000113 0.000278 0.000416 0.000278 0.000113 0.000033 0.000007 0.000001 0.000000 0.000000 0.000000 0.000000 0.000000 0.000000 0.000000 0.000000 0.000000 0.000000 0.000000 0.000000 0.000000 0.000000 
0.000000 0.000000 0.000000 0.000000 0.000000 0.000000 0.000000 0.000000 0.000000 0.000000 0.000000 0.000000 0.000000 0.000000 0.000000 0.000000 0.000000 0.000002 0.000007 0.000018 0.000027 0.000018 0.000007 0.000002 0.000000 0.000000 0.000000 0.000000 0.000000 0.000000 0.000000 0.000000 0.000000 0.000000 0.000000 0.000000 0.000000 0.000000 0.000000 0.000000 
0.000000 0.000000 0.000000 0.000000 0.000000 0.000000 0.000000 0.000000 0.000000 0.000000 0.000000 0.000000 0.000000 0.000000 0.000000 0.000000 0.000000 0.000000 0.000000 0.000001 0.000002 0.000001 0.000000 0.000000 0.000000 0.000000 0.000000 0.000000 0.000000 0.000000 0.000000 0.000000 0.000000 0.000000 0.000000 0.000000 0.000000 0.000000 0.000000 0.000000 
0.000000 0.000000 0.000000 0.000000 0.000000 0.000000 0.000000 0.000000 0.000000 0.000000 0.000000 0.000000 0.000000 0.000000 0.000000 0.000000 0.000000 0.000000 0.000000 0.000000 0.000000 0.000000 0.000000 0.000000 0.000000 0.000000 0.000000 0.000000 0.000000 0.000000 0.000000 0.000000 0.000000 0.000000 0.000000 0.000000 0.000000 0.000000 0.000000 0.000000 
0.000000 0.000000 0.000000 0.000000 0.000000 0.000000 0.000000 0.000000 0.000000 0.000000 0.000000 0.000000 0.000000 0.000000 0.000000 0.000000 0.000000 0.000000 0.000000 0.000000 0.000000 0.000000 0.000000 0.000000 0.000000 0.000000 0.000000 0.000000 0.000000 0.000000 0.000000 0.000000 0.000000 0.000000 0.000000 0.000000 0.000000 0.000000 0.000000 0.000000 
