0.000000 0.000000 0.000000 0.000000 0.000000 0.000000 0.000000 0.000000 0.000000 0.000000 0.000000 0.000000 0.000000 0.000000 0.000000 0.000000 0.000000 0.000000 0.000000 0.000000 0.000000 0.000000 0.000000 0.000000 0.000000 0.000000 0.000000 0.000000 0.000000 0.000000 0.000000 0.000000 0.000000 0.000000 0.000000 0.000000 0.000000 0.000000 0.000000 0.000000 
0.000000 0.000000 0.000000 0.000000 0.000000 0.000000 0.000000 0.000000 0.000000 0.000000 0.000000 0.000000 0.000000 0.000000 0.000000 0.000000 0.000000 0.000000 0.000000 0.000000 0.000000 0.000000 0.000000 0.000000 0.000000 0.000000 0.000000 0.000000 0.000000 0.000000 0.000000 0.000000 0.000000 0.000000 0.000000 0.000000 0.000000 0.000000 0.000000 0.000000 
0.000000 0.000000 0.000000 0.000000 0.000000 0.000000 0.000000 0.000000 0.000000 0.000000 0.000000 0.000000 0.000000 0.000000 0.000000 0.000000 0.000000 0.000000 0.000000 0.000000 0.000000 0.000000 0.000000 0.000000 0.000000 0.000000 0.000000 0.000000 0.000000 0.000000 0.000000 0.000000 0.000000 0.000000 0.000000 0.000000 0.000000 0.000000 0.000000 0.000000 
0.000000 0.000000 0.000000 0.000000 0.000000 0.000000 0.000000 0.000000 0.000000 0.000000 0.000000 0.000000 0.000000 0.000000 0.000000 0.000000 0.000000 0.000000 0.000000 0.000000 0.000000 0.000000 0.000000 0.000000 0.000000 0.000000 0.000000 0.000000 0.000000 0.000000 0.000000 0.000000 0.000000 0.000000 0.000000 0.000000 0.000000 0.000000 0.000000 0.000000 
0.000000 0.000000 0.000000 0.000000 0.000000 0.000000 0.000000 0.000000 0.000000 0.000000 0.000000 0.000000 0.000000 0.000000 0.000000 0.000000 0.000000 0.000000 0.000001 0.000002 0.000003 0.000002 0.000001 0.000000 0.000000 0.000000 0.000000 0.000000 0.000000 0.000000 0.000000 0.000000 0.000000 0.000000 0.000000 0.000000 0.000000 0.000000 0.000000 0.000000 
0.000000 0.000000 0.000000 0.000000 0.000000 0.000000 0.000000 0.000000 0.000000 0.000000 0.000000 0.000000 0.000000 0.000000 0.000000 0.000000 0.000001 0.000003 0.000012 0.000031 0.000049 0.000031 0.000012 0.000003 0.000001 0.000000 0.000000 0.000000 0.000000 0.000000 0.000000 0.000000 0.000000 0.000000 0.000000 0.000000 0.000000 0.000000 0.000000 0.000000 
0.000000 0.000000 0.000000 0.000000 0.000000 0.000000 0.000000 0.000000 0.000000 0.000000 0.000000 0.000000 0.000000 0.000000 0.000000 0.000002 0.000010 0.000050 0.000187 0.000485 0.000752 0.000485 0.000187 0.000050 0.000010 0.000002 0.000000 0.000000 0.000000 0.000000 0.000000 0.000000 0.000000 0.000000 0.000000 0.000000 0.000000 0.000000 0.000000 0.000000 
0.000000 0.000000 0.000000 0.000000 0.000000 0.000000 0.000000 0.000000 0.000000 0.000000 0.000000 0.000000 0.000000 0.000000 0.000004 0.000027 0.000156 0.000738 0.002673 0.006801 0.010402 0.006801 0.002673 0.000738 0.000156 0.000027 0.000004 0.000000 0.000000 0.000000 0.000000 0.000000 0.000000 0.000000 0.000000 0.000000 0.000000 0.000000 0.000000 0.000000 
0.000000 0.000000 0.000000 0.000000 0.000000 0.000000 0.000000 0.000000 0.000000 0.000000 0.000000 0.000000 0.000001 0.000007 0.000053 0.000365 0.002094 0.009629 0.033729 0.083049 0.124441 0.083049 0.033729 0.009629 0.002094 0.000365 0.000053 0.000007 0.000001 0.000000 0.000000 0.000000 0.000000 0.000000 0.000000 0.000000 0.000000 0.000000 0.000000 0.000000 
0.000000 0.000000 0.000000 0.000000 0.000000 0.000000 0.000000 0.000000 0.000000 0.000000 0.000000 0.000001 0.000009 0.000086 0.000675 0.004503 0.024816 0.108632 0.358268 0.827627 1.191496 0.827628 0.358268 0.108632 0.024816 0.004503 0.000675 0.000086 0.000009 0.000001 0.000000 0.000000 0.000000 0.000000 0.000000 0.000000 0.000000 0.000000 0.000000 0.000000 
0.000000 0.000000 0.000000 0.000000 0.000000 0.000000 0.000000 0.000000 0.000000 0.000000 0.000001 0.000011 0.000114 0.001003 0.007603 0.048371 0.249151 0.988148 2.835730 5.592259 7.316309 5.592259 2.835730 0.988148 0.249151 0.048371 0.007603 0.001003 0.000114 0.000011 0.000001 0.000000 0.000000 0.000000 0.000000 0.000000 0.000000 0.000000 0.000000 0.000000 
0.000000 0.000000 0.000000 0.000000 0.000000 0.000000 0.000000 0.000000 0.000000 0.000001 0.000011 0.000125 0.001218 0.010317 0.073988 0.431993 1.924740 5.955358 12.083878 17.906685 18.374035 17.906685 12.083878 5.955358 1.924740 0.431993 0.073988 0.010317 0.001218 0.000125 0.000011 0.000001 0.000000 0.000000 0.000000 0.000000 0.000000 0.000000 0.000000 0.000000 
0.000000 0.000000 0.000000 0.000000 0.000000 0.000000 0.000000 0.000000 0.000001 0.000009 0.000114 0.001218 0.011404 0.090956 0.590423 2.855051 8.876903 16.611933 23.844332 27.590736 31.704029 27.590736 23.844332 16.611933 8.876903 2.855051 0.590423 0.090956 0.011404 0.001218 0.000114 0.000009 0.000001 0.000000 0.000000 0.000000 0.000000 0.000000 0.000000 0.000000 
0.000000 0.000000 0.000000 0.000000 0.000000 0.000000 0.000000 0.000000 0.000007 0.000086 0.001003 0.010317 0.090956 0.653199 3.420236 10.710948 19.009743 26.832977 32.782204 36.980553 43.578659 36.980553 32.782200 26.832977 19.009743 10.710948 3.420236 0.653199 0.090956 0.010317 0.001003 0.000086 0.000007 0.000000 0.000000 0.000000 0.000000 0.000000 0.000000 0.000000 
0.000000 0.000000 0.000000 0.000000 0.000000 0.000000 0.000000 0.000004 0.000053 0.000675 0.007603 0.073988 0.590423 3.420236 11.313998 20.088722 28.270191 35.104908 40.929802 45.024982 55.083420 45.024982 40.929802 35.104908 28.270191 20.088722 11.313998 3.420236 0.590423 0.073988 0.007603 0.000675 0.000053 0.000004 0.000000 0.000000 0.000000 0.000000 0.000000 0.000000 
0.000000 0.000000 0.000000 0.000000 0.000000 0.000000 0.000002 0.000027 0.000365 0.004503 0.048371 0.431993 2.855051 10.710948 20.088722 28.700460 36.010567 42.670441 47.927158 52.742752 65.115379 52.742752 47.927162 42.670441 36.010567 28.700460 20.088722 10.710948 2.855051 0.431993 0.048371 0.004503 0.000365 0.000027 0.000002 0.000000 0.000000 0.000000 0.000000 0.000000 
0.000000 0.000000 0.000000 0.000000 0.000000 0.000001 0.000010 0.000156 0.002094 0.024816 0.249151 1.924740 8.876904 19.009747 28.270191 36.010567 43.123379 49.210861 54.805988 59.309753 74.773422 59.309753 54.805988 49.210861 43.123379 36.010567 28.270191 19.009747 8.876904 1.924740 0.249151 0.024816 0.002094 0.000156 0.000010 0.000001 0.000000 0.000000 0.000000 0.000000 
0.000000 0.000000 0.000000 0.000000 0.000000 0.000003 0.000050 0.000738 0.009629 0.108632 0.988148 5.955361 16.611940 26.832985 35.104912 42.670444 49.210869 55.530037 60.897598 65.605415 83.821861 65.605415 60.897598 55.530037 49.210869 42.670444 35.104912 26.832983 16.611942 5.955361 0.988148 0.108632 0.009629 0.000738 0.000050 0.000003 0.000000 0.000000 0.000000 0.000000 
0.000000 0.000000 0.000000 0.000000 0.000001 0.000012 0.000187 0.002673 0.033729 0.358268 2.835732 12.083889 23.844345 32.782211 40.929810 47.927166 54.805992 60.897602 66.903343 71.686462 93.040077 71.686455 66.903343 60.897602 54.805992 47.927166 40.929810 32.782211 23.844343 12.083890 2.835732 0.358268 0.033729 0.002673 0.000187 0.000012 0.000001 0.000000 0.000000 0.000000 
0.000000 0.000000 0.000000 0.000000 0.000000 0.000000 0.000000 0.000000 0.000000 0.000000 0.000000 0.000000 0.000000 0.000000 0.000000 0.000000 0.000000 0.000000 0.000000 116.666664 116.666664 116.666664 0.000000 0.000000 0.000000 0.000000 0.000000 0.000000 0.000000 0.000000 0.000000 0.000000 0.000000 0.000000 0.000000 0.000000 0.000000 0.000000 0.000000 0.000000 
0.000000 0.000000 0.000000 0.000000 0.000003 0.000049 0.000752 0.010402 0.124441 1.191497 7.316323 18.374063 31.704046 43.578674 55.083431 65.115387 74.773430 83.821861 93.040070 95.636078 286.717316 95.636063 93.040054 83.821861 74.773430 65.115387 55.083427 43.578674 31.704046 18.374063 7.316323 1.191497 0.124441 0.010402 0.000752 0.000049 0.000003 0.000000 0.000000 0.000000 
0.000000 0.000000 0.000000 0.000000 0.000002 0.000031 0.000485 0.006801 0.083049 0.827628 5.592268 17.906710 27.590755 36.980564 45.024994 52.742767 59.309765 65.605423 71.686462 75.820580 95.636063 75.820580 71.686462 65.605423 59.309765 52.742767 45.024994 36.980564 27.590755 17.906710 5.592268 0.827628 0.083049 0.006801 0.000485 0.000031 0.000002 0.000000 0.000000 0.000000 
0.000000 0.000000 0.000000 0.000000 0.000001 0.000012 0.000187 0.002673 0.033729 0.358268 2.835732 12.083890 23.844343 32.782211 40.929810 47.927166 54.805992 60.897610 66.903351 71.686462 93.040054 71.686462 66.903351 60.897606 54.805992 47.927166 40.929810 32.782211 23.844343 12.083890 2.835732 0.358268 0.033729 0.002673 0.000187 0.000012 0.000001 0.000000 0.000000 0.000000 
0.000000 0.000000 0.000000 0.000000 0.000000 0.000003 0.000050 0.000738 0.009629 0.108632 0.988148 5.955361 16.611942 26.832983 35.104912 42.670444 49.210869 55.530045 60.897610 65.605423 83.821861 65.605423 60.897606 55.530045 49.210869 42.670444 35.104912 26.832983 16.611940 5.955361 0.988148 0.108632 0.009629 0.000738 0.000050 0.000003 0.000000 0.000000 0.000000 0.000000 
0.000000 0.000000 0.000000 0.000000 0.000000 0.000001 0.000010 0.000156 0.002094 0.024816 0.249151 1.924740 8.876904 19.009747 28.270191 36.010567 43.123379 49.210869 54.805992 59.309765 74.773430 59.309765 54.805992 49.210869 43.123379 36.010567 28.270191 19.009747 8.876904 1.924740 0.249151 0.024816 0.002094 0.000156 0.000010 0.000001 0.000000 0.000000 0.000000 0.000000 
0.000000 0.000000 0.000000 0.000000 0.000000 0.000000 0.000002 0.000027 0.000365 0.004503 0.048371 0.431993 2.855051 10.710948 20.088722 28.700460 36.010567 42.670444 47.927166 52.742767 65.115387 52.742767 47.927166 42.670444 36.010567 28.700460 20.088722 10.710948 2.855051 0.431993 0.048371 0.004503 0.000365 0.000027 0.000002 0.000000 0.000000 0.000000 0.000000 0.000000 
0.000000 0.000000 0.000000 0.000000 0.000000 0.000000 0.000000 0.000004 0.000053 0.000675 0.007603 0.073988 0.590423 3.420236 11.313998 20.088722 28.270191 35.104912 40.929810 45.024994 55.083427 45.024994 40.929810 35.104912 28.270191 20.088722 11.313998 3.420236 0.590423 0.073988 0.007603 0.000675 0.000053 0.000004 0.000000 0.000000 0.000000 0.000000 0.000000 0.000000 
0.000000 0.000000 0.000000 0.000000 0.000000 0.000000 0.000000 0.000000 0.000007 0.000086 0.001003 0.010317 0.090956 0.653199 3.420236 10.710948 19.009747 26.832983 32.782211 36.980564 43.578674 36.980564 32.782211 26.832983 19.009747 10.710948 3.420236 0.653199 0.090956 0.010317 0.001003 0.000086 0.000007 0.000000 0.000000 0.000000 0.000000 0.000000 0.000000 0.000000 
0.000000 0.000000 0.000000 0.000000 0.000000 0.000000 0.000000 0.000000 0.000001 0.000009 0.000114 0.001218 0.011404 0.090956 0.590423 2.855051 8.876904 16.611940 23.844343 27.590755 31.704046 27.590755 23.844343 16.611940 8.876904 2.855051 0.590423 0.090956 0.011404 0.001218 0.000114 0.000009 0.000001 0.000000 0.000000 0.000000 0.000000 0.000000 0.000000 0.000000 
0.000000 0.000000 0.000000 0.000000 0.000000 0.000000 0.000000 0.000000 0.000000 0.000000 0.000000 0.000000 0.000000 0.000000 0.000000 0.000000 0.000000 0.000000 0.000000 0.000000 0.000000 0.000000 0.000000 0.000000 0.000000 0.000000 0.000000 0.000000 0.000000 0.000000 0.000000 0.000000 0.000000 0.000000 0.000000 0.000000 0.000000 0.000000 0.000000 0.000000 
0.000000 0.000000 0.000000 0.000000 0.000000 0.000000 0.000000 0.000000 0.000000 0.000000 0.000001 0.000011 0.000114 0.001003 0.007603 0.048371 0.249151 0.988148 2.835732 5.592268 7.316323 5.592268 2.835732 0.988148 0.249151 0.048371 0.007603 0.001003 0.000114 0.000011 0.000001 0.000000 0.000000 0.000000 0.000000 0.000000 0.000000 0.000000 0.000000 0.000000 
0.000000 0.000000 0.000000 0.000000 0.000000 0.000000 0.000000 0.000000 0.000000 0.000000 0.000000 0.000001 0.000009 0.000086 0.000675 0.004503 0.024816 0.108632 0.358268 0.827628 1.191497 0.827628 0.358268 0.108632 0.024816 0.004503 0.000675 0.000086 0.000009 0.000001 0.000000 0.000000 0.000000 0.000000 0.000000 0.000000 0.000000 0.000000 0.000000 0.000000 
0.000000 0.000000 0.000000 0.000000 0.000000 0.000000 0.000000 0.000000 0.000000 0.000000 0.000000 0.000000 0.000001 0.000007 0.000053 0.000365 0.002094 0.009629 0.033729 0.083049 0.124441 0.083049 0.033729 0.009629 0.002094 0.000365 0.000053 0.000007 0.000001 0.000000 0.000000 0.000000 0.000000 0.000000 0.000000 0.000000 0.000000 0.000000 0.000000 0.000000 
0.000000 0.000000 0.000000 0.000000 0.000000 0.000000 0.000000 0.000000 0.000000 0.000000 0.000000 0.000000 0.000000 0.000000 0.000004 0.000027 0.000156 0.000738 0.002673 0.006801 0.010402 0.006801 0.002673 0.000738 0.000156 0.000027 0.000004 0.000000 0.000000 0.000000 0.000000 0.000000 0.000000 0.000000 0.000000 0.000000 0.000000 0.000000 0.000000 0.000000 
0.000000 0.000000 0.000000 0.000000 0.000000 0.000000 0.000000 0.000000 0.000000 0.000000 0.000000 0.000000 0.000000 0.000000 0.000000 0.000002 0.000010 0.000050 0.000187 0.000485 0.000752 0.000485 0.000187 0.000050 0.000010 0.000002 0.000000 0.000000 0.000000 0.000000 0.000000 0.000000 0.000000 0.000000 0.000000 0.000000 0.000000 0.000000 0.000000 0.000000 
0.000000 0.000000 0.000000 0.000000 0.000000 0.000000 0.000000 0.000000 0.000000 0.000000 0.000000 0.000000 0.000000 0.000000 0.000000 0.000000 0.000001 0.000003 0.000012 0.000031 0.000049 0.000031 0.000012 0.000003 0.000001 0.000000 0.000000 0.000000 0.000000 0.000000 0.000000 0.000000 0.000000 0.000000 0.000000 0.000000 0.000000 0.000000 0.000000 0.000000 
0.000000 0.000000 0.000000 0.000000 0.000000 0.000000 0.000000 0.000000 0.000000 0.000000 0.000000 0.000000 0.000000 0.000000 0.000000 0.000000 0.000000 0.000000 0.000001 0.000002 0.000003 0.000002 0.000001 0.000000 0.000000 0.000000 0.000000 0.000000 0.000000 0.000000 0.000000 0.000000 0.000000 0.000000 0.000000 0.000000 0.000000 0.000000 0.000000 0.000000 
0.000000 0.000000 0.000000 0.000000 0.000000 0.000000 0.000000 0.000000 0.000000 0.000000 0.000000 0.000000 0.000000 0.000000 0.000000 0.000000 0.000000 0.000000 0.000000 0.000000 0.000000 0.000000 0.000000 0.000000 0.000000 0.000000 0.000000 0.000000 0.000000 0.000000 0.000000 0.000000 0.000000 0.000000 0.000000 0.000000 0.000000 0.000000 0.000000 0.000000 
0.000000 0.000000 0.000000 0.000000 0.000000 0.000000 0.000000 0.000000 0.000000 0.000000 0.000000 0.000000 0.000000 0.000000 0.000000 0.000000 0.000000 0.000000 0.000000 0.000000 0.000000 0.000000 0.000000 0.000000 0.000000 0.000000 0.000000 0.000000 0.000000 0.000000 0.000000 0.000000 0.000000 0.000000 0.000000 0.000000 0.000000 0.000000 0.000000 0.000000 
0.000000 0.000000 0.000000 0.000000 0.000000 0.000000 0.000000 0.000000 0.000000 0.000000 0.000000 0.000000 0.000000 0.000000 0.000000 0.000000 0.000000 0.000000 0.000000 0.000000 0.000000 0.000000 0.000000 0.000000 0.000000 0.000000 0.000000 0.000000 0.000000 0.000000 0.000000 0.000000 0.000000 0.000000 0.000000 0.000000 0.000000 0.000000 0.000000 0.000000 
