0.000000 0.000000 0.000000 0.000000 0.000000 0.000000 0.000000 0.000000 0.000000 0.000000 0.000000 0.000000 0.000000 0.000000 0.000000 0.000000 0.000000 0.000000 0.000000 0.000000 0.000000 0.000000 0.000000 0.000000 0.000000 0.000000 0.000000 0.000000 0.000000 0.000000 0.000000 0.000000 0.000000 0.000000 0.000000 0.000000 0.000000 0.000000 0.000000 0.000000 
0.000000 0.000000 0.000000 0.000000 0.000000 0.000000 0.000000 0.000000 0.000000 0.000000 0.000000 0.000000 0.000000 0.000000 0.000000 0.000000 0.000000 0.000000 0.000000 0.000000 0.000000 0.000000 0.000000 0.000000 0.000000 0.000000 0.000000 0.000000 0.000000 0.000000 0.000000 0.000000 0.000000 0.000000 0.000000 0.000000 0.000000 0.000000 0.000000 0.000000 
0.000000 0.000000 0.000000 0.000000 0.000000 0.000000 0.000000 0.000000 0.000000 0.000000 0.000000 0.000000 0.000000 0.000000 0.000000 0.000000 0.000000 0.000001 0.000004 0.000011 0.000017 0.000011 0.000004 0.000001 0.000000 0.000000 0.000000 0.000000 0.000000 0.000000 0.000000 0.000000 0.000000 0.000000 0.000000 0.000000 0.000000 0.000000 0.000000 0.000000 
0.000000 0.000000 0.000000 0.000000 0.000000 0.000000 0.000000 0.000000 0.000000 0.000000 0.000000 0.000000 0.000000 0.000000 0.000000 0.000001 0.000008 0.000052 0.000214 0.000532 0.000751 0.000532 0.000214 0.000052 0.000008 0.000001 0.000000 0.000000 0.000000 0.000000 0.000000 0.000000 0.000000 0.000000 0.000000 0.000000 0.000000 0.000000 0.000000 0.000000 
0.000000 0.000000 0.000000 0.000000 0.000000 0.000000 0.000000 0.000000 0.000000 0.000000 0.000000 0.000000 0.000000 0.000000 0.000004 0.000049 0.000367 0.001702 0.005014 0.009814 0.013105 0.009814 0.005014 0.001702 0.000367 0.000049 0.000004 0.000000 0.000000 0.000000 0.000000 0.000000 0.000000 0.000000 0.000000 0.000000 0.000000 0.000000 0.000000 0.000000 
0.000000 0.000000 0.000000 0.000000 0.000000 0.000000 0.000000 0.000000 0.000000 0.000000 0.000000 0.000000 0.000001 0.000015 0.000188 0.001430 0.006393 0.019231 0.042566 0.072531 0.089283 0.072531 0.042566 0.019231 0.006393 0.001430 0.000188 0.000015 0.000001 0.000000 0.000000 0.000000 0.000000 0.000000 0.000000 0.000000 0.000000 0.000000 0.000000 0.000000 
0.000000 0.000000 0.000000 0.000000 0.000000 0.000000 0.000000 0.000000 0.000000 0.000000 0.000000 0.000002 0.000036 0.000491 0.003541 0.015128 0.045422 0.105417 0.199639 0.308601 0.377575 0.308601 0.199639 0.105417 0.045422 0.015128 0.003541 0.000491 0.000036 0.000002 0.000000 0.000000 0.000000 0.000000 0.000000 0.000000 0.000000 0.000000 0.000000 0.000000 
0.000000 0.000000 0.000000 0.000000 0.000000 0.000000 0.000000 0.000000 0.000000 0.000000 0.000003 0.000068 0.000934 0.006449 0.026884 0.080548 0.191078 0.379546 0.644819 0.943921 1.122743 0.943921 0.644819 0.379546 0.191078 0.080548 0.026884 0.006449 0.000934 0.000068 0.000003 0.000000 0.000000 0.000000 0.000000 0.000000 0.000000 0.000000 0.000000 0.000000 
0.000000 0.000000 0.000000 0.000000 0.000000 0.000000 0.000000 0.000000 0.000000 0.000004 0.000097 0.001381 0.009452 0.039265 0.118333 0.285083 0.580970 1.030039 1.619368 2.240766 2.652636 2.240766 1.619368 1.030039 0.580970 0.285083 0.118333 0.039265 0.009452 0.001381 0.000097 0.000004 0.000000 0.000000 0.000000 0.000000 0.000000 0.000000 0.000000 0.000000 
0.000000 0.000000 0.000000 0.000000 0.000000 0.000000 0.000000 0.000000 0.000004 0.000109 0.001662 0.011700 0.049499 0.151642 0.371700 0.772145 1.402226 2.276920 3.333895 4.430901 5.136368 4.430902 3.333894 2.276919 1.402226 0.772145 0.371700 0.151642 0.049499 0.011700 0.001662 0.000109 0.000004 0.000000 0.000000 0.000000 0.000000 0.000000 0.000000 0.000000 
0.000000 0.000000 0.000000 0.000000 0.000000 0.000000 0.000000 0.000003 0.000097 0.001662 0.012532 0.055266 0.174336 0.437416 0.926994 1.715487 2.840729 4.269415 5.912923 7.529726 8.690123 7.529727 5.912924 4.269415 2.840729 1.715487 0.926994 0.437416 0.174336 0.055266 0.012532 0.001662 0.000097 0.000003 0.000000 0.000000 0.000000 0.000000 0.000000 0.000000 
0.000000 0.000000 0.000000 0.000000 0.000000 0.000000 0.000002 0.000068 0.001381 0.011700 0.055266 0.182368 0.472705 1.027064 1.939195 3.266376 4.994344 7.059201 9.299472 11.523984 13.127723 11.523984 9.299471 7.059201 4.994344 3.266376 1.939195 1.027064 0.472705 0.182368 0.055266 0.011700 0.001381 0.000068 0.000002 0.000000 0.000000 0.000000 0.000000 0.000000 
0.000000 0.000000 0.000000 0.000000 0.000000 0.000001 0.000036 0.000934 0.009452 0.049499 0.174336 0.472705 1.061590 2.055223 3.529554 5.484996 7.870875 10.559797 13.435002 16.188091 18.466286 16.188091 13.435002 10.559797 7.870875 5.484996 3.529554 2.055223 1.061589 0.472705 0.174336 0.049499 0.009452 0.000934 0.000036 0.000001 0.000000 0.000000 0.000000 0.000000 
0.000000 0.000000 0.000000 0.000000 0.000000 0.000015 0.000491 0.006449 0.039265 0.151642 0.437416 1.027064 2.055223 3.618440 5.731880 8.353930 11.372581 14.696280 18.122349 21.503052 24.372011 21.503052 18.122347 14.696280 11.372581 8.353930 5.731880 3.618440 2.055223 1.027064 0.437416 0.151642 0.039265 0.006449 0.000491 0.000015 0.000000 0.000000 0.000000 0.000000 
0.000000 0.000000 0.000000 0.000000 0.000004 0.000188 0.003541 0.026884 0.118333 0.371700 0.926994 1.939195 3.529554 5.731880 8.514204 11.771213 15.420010 19.296679 23.334696 27.164915 30.935919 27.164917 23.334694 19.296679 15.420010 11.771214 8.514204 5.731880 3.529554 1.939195 0.926994 0.371700 0.118333 0.026884 0.003541 0.000188 0.000004 0.000000 0.000000 0.000000 
0.000000 0.000000 0.000000 0.000001 0.000049 0.001430 0.015128 0.080548 0.285083 0.772145 1.715487 3.266376 5.484996 8.353930 11.771213 15.656324 19.856356 24.324596 28.820719 33.263432 37.702499 33.263432 28.820719 24.324596 19.856356 15.656324 11.771214 8.353930 5.484996 3.266376 1.715487 0.772145 0.285083 0.080548 0.015128 0.001430 0.000049 0.000001 0.000000 0.000000 
0.000000 0.000000 0.000000 0.000008 0.000367 0.006393 0.045422 0.191078 0.580970 1.402226 2.840729 4.994344 7.870875 11.372583 15.420010 19.856356 24.639801 29.561384 34.651764 39.403549 44.849861 39.403549 34.651764 29.561382 24.639799 19.856356 15.420010 11.372581 7.870875 4.994344 2.840729 1.402225 0.580970 0.191078 0.045422 0.006393 0.000367 0.000008 0.000000 0.000000 
0.000000 0.000000 0.000001 0.000052 0.001702 0.019231 0.105417 0.379546 1.030039 2.276920 4.269415 7.059201 10.559797 14.696281 19.296679 24.324596 29.561384 35.053360 40.501644 45.876774 51.919010 45.876774 40.501648 35.053364 29.561382 24.324596 19.296679 14.696280 10.559797 7.059201 4.269415 2.276919 1.030039 0.379546 0.105417 0.019231 0.001702 0.000052 0.000001 0.000000 
0.000000 0.000000 0.000004 0.000214 0.005014 0.042566 0.199639 0.644819 1.619368 3.333895 5.912924 9.299472 13.435003 18.122349 23.334694 28.820719 34.651764 40.501644 46.590191 52.341446 59.399670 52.341446 46.590191 40.501648 34.651760 28.820719 23.334694 18.122349 13.435002 9.299471 5.912924 3.333895 1.619369 0.644819 0.199639 0.042567 0.005014 0.000214 0.000004 0.000000 
0.000000 0.000000 0.000011 0.000532 0.009814 0.072531 0.308601 0.943921 2.240766 4.430901 7.529727 11.523984 16.188091 21.503050 27.164915 33.263428 39.403553 45.876774 52.341446 58.878475 66.682579 58.878475 52.341446 45.876774 39.403553 33.263428 27.164915 21.503052 16.188091 11.523984 7.529727 4.430902 2.240767 0.943923 0.308602 0.072532 0.009815 0.000532 0.000011 0.000000 
0.000000 0.000000 0.000017 0.000751 0.013105 0.089283 0.377575 1.122743 2.652637 5.136368 8.690123 13.127723 18.466286 24.372011 30.935919 37.702499 44.849861 51.919010 59.399666 66.682579 75.142975 66.682579 59.399670 51.919010 44.849861 37.702499 30.935919 24.372013 18.466286 13.127724 8.690126 5.136373 2.652643 1.122750 0.377580 0.089286 0.013106 0.000751 0.000017 0.000000 
0.000000 0.000000 0.000011 0.000532 0.009814 0.072531 0.308601 0.943921 2.240766 4.430901 7.529727 11.523984 16.188091 21.503052 27.164915 33.263428 39.403553 45.876774 52.341446 58.878475 66.682579 58.878475 52.341446 45.876774 39.403553 33.263428 27.164915 21.503052 16.188091 11.523985 7.529727 4.430902 2.240767 0.943922 0.308602 0.072532 0.009815 0.000532 0.000011 0.000000 
0.000000 0.000000 0.000004 0.000214 0.005014 0.042566 0.199639 0.644819 1.619368 3.333895 5.912923 9.299471 13.435002 18.122349 23.334694 28.820719 34.651760 40.501648 46.590187 52.341446 59.399670 52.341446 46.590187 40.501648 34.651760 28.820719 23.334694 18.122349 13.435002 9.299471 5.912924 3.333895 1.619368 0.644819 0.199639 0.042567 0.005014 0.000214 0.000004 0.000000 
0.000000 0.000000 0.000001 0.000052 0.001702 0.019231 0.105417 0.379546 1.030039 2.276920 4.269415 7.059201 10.559797 14.696281 19.296679 24.324596 29.561382 35.053364 40.501648 45.876774 51.919010 45.876774 40.501648 35.053360 29.561382 24.324596 19.296679 14.696281 10.559797 7.059201 4.269415 2.276920 1.030039 0.379546 0.105417 0.019231 0.001702 0.000052 0.000001 0.000000 
0.000000 0.000000 0.000000 0.000008 0.000367 0.006393 0.045422 0.191078 0.580970 1.402226 2.840729 4.994344 7.870875 11.372581 15.420011 19.856356 24.639799 29.561382 34.651760 39.403553 44.849861 39.403553 34.651760 29.561382 24.639799 19.856356 15.420010 11.372581 7.870874 4.994344 2.840729 1.402226 0.580970 0.191078 0.045422 0.006393 0.000367 0.000008 0.000000 0.000000 
0.000000 0.000000 0.000000 0.000001 0.000049 0.001430 0.015128 0.080548 0.285083 0.772145 1.715487 3.266376 5.484996 8.353930 11.771213 15.656324 19.856356 24.324596 28.820719 33.263428 37.702496 33.263428 28.820719 24.324596 19.856356 15.656324 11.771214 8.353930 5.484996 3.266376 1.715487 0.772145 0.285083 0.080548 0.015128 0.001430 0.000049 0.000001 0.000000 0.000000 
0.000000 0.000000 0.000000 0.000000 0.000004 0.000188 0.003541 0.026884 0.118333 0.371700 0.926994 1.939195 3.529554 5.731880 8.514204 11.771213 15.420010 19.296679 23.334694 27.164915 30.935919 27.164915 23.334694 19.296679 15.420010 11.771214 8.514204 5.731880 3.529554 1.939195 0.926994 0.371700 0.118333 0.026884 0.003541 0.000188 0.000004 0.000000 0.000000 0.000000 
0.000000 0.000000 0.000000 0.000000 0.000000 0.000015 0.000491 0.006449 0.039265 0.151642 0.437416 1.027064 2.055223 3.618440 5.731880 8.353930 11.372581 14.696281 18.122349 21.503052 24.372013 21.503052 18.122349 14.696281 11.372581 8.353930 5.731880 3.618440 2.055223 1.027064 0.437416 0.151642 0.039265 0.006449 0.000491 0.000015 0.000000 0.000000 0.000000 0.000000 
0.000000 0.000000 0.000000 0.000000 0.000000 0.000001 0.000036 0.000934 0.009452 0.049499 0.174336 0.472705 1.061589 2.055223 3.529554 5.484995 7.870875 10.559798 13.435002 16.188091 18.466284 16.188091 13.435002 10.559797 7.870874 5.484996 3.529554 2.055223 1.061589 0.472705 0.174336 0.049499 0.009452 0.000934 0.000036 0.000001 0.000000 0.000000 0.000000 0.000000 
0.000000 0.000000 0.000000 0.000000 0.000000 0.000000 0.000002 0.000068 0.001381 0.011700 0.055266 0.182368 0.472705 1.027064 1.939195 3.266376 4.994344 7.059201 9.299471 11.523984 13.127724 11.523985 9.299471 7.059201 4.994344 3.266376 1.939195 1.027064 0.472705 0.182368 0.055266 0.011700 0.001381 0.000068 0.000002 0.000000 0.000000 0.000000 0.000000 0.000000 
0.000000 0.000000 0.000000 0.000000 0.000000 0.000000 0.000000 0.000003 0.000097 0.001662 0.012532 0.055266 0.174336 0.437416 0.926994 1.715487 2.840729 4.269415 5.912923 7.529727 8.690126 7.529727 5.912924 4.269415 2.840729 1.715487 0.926994 0.437416 0.174336 0.055266 0.012532 0.001662 0.000097 0.000003 0.000000 0.000000 0.000000 0.000000 0.000000 0.000000 
0.000000 0.000000 0.000000 0.000000 0.000000 0.000000 0.000000 0.000000 0.000004 0.000109 0.001662 0.011700 0.049499 0.151642 0.371700 0.772145 1.402226 2.276920 3.333895 4.430902 5.136373 4.430902 3.333895 2.276920 1.402226 0.772145 0.371700 0.151642 0.049499 0.011700 0.001662 0.000109 0.000004 0.000000 0.000000 0.000000 0.000000 0.000000 0.000000 0.000000 
0.000000 0.000000 0.000000 0.000000 0.000000 0.000000 0.000000 0.000000 0.000000 0.000004 0.000097 0.001381 0.009452 0.039265 0.118333 0.285083 0.580970 1.030039 1.619368 2.240767 2.652643 2.240767 1.619368 1.030039 0.580970 0.285083 0.118333 0.039265 0.009452 0.001381 0.000097 0.000004 0.000000 0.000000 0.000000 0.000000 0.000000 0.000000 0.000000 0.000000 
0.000000 0.000000 0.000000 0.000000 0.000000 0.000000 0.000000 0.000000 0.000000 0.000000 0.000003 0.000068 0.000934 0.006449 0.026884 0.080548 0.191078 0.379546 0.644819 0.943922 1.122750 0.943922 0.644819 0.379546 0.191078 0.080548 0.026884 0.006449 0.000934 0.000068 0.000003 0.000000 0.000000 0.000000 0.000000 0.000000 0.000000 0.000000 0.000000 0.000000 
0.000000 0.000000 0.000000 0.000000 0.000000 0.000000 0.000000 0.000000 0.000000 0.000000 0.000000 0.000002 0.000036 0.000491 0.003541 0.015128 0.045422 0.105417 0.199639 0.308602 0.377580 0.308602 0.199639 0.105417 0.045422 0.015128 0.003541 0.000491 0.000036 0.000002 0.000000 0.000000 0.000000 0.000000 0.000000 0.000000 0.000000 0.000000 0.000000 0.000000 
0.000000 0.000000 0.000000 0.000000 0.000000 0.000000 0.000000 0.000000 0.000000 0.000000 0.000000 0.000000 0.000001 0.000015 0.000188 0.001430 0.006393 0.019231 0.042567 0.072532 0.089286 0.072532 0.042567 0.019231 0.006393 0.001430 0.000188 0.000015 0.000001 0.000000 0.000000 0.000000 0.000000 0.000000 0.000000 0.000000 0.000000 0.000000 0.000000 0.000000 
0.000000 0.000000 0.000000 0.000000 0.000000 0.000000 0.000000 0.000000 0.000000 0.000000 0.000000 0.000000 0.000000 0.000000 0.000004 0.000049 0.000367 0.001702 0.005014 0.009815 0.013106 0.009815 0.005014 0.001702 0.000367 0.000049 0.000004 0.000000 0.000000 0.000000 0.000000 0.000000 0.000000 0.000000 0.000000 0.000000 0.000000 0.000000 0.000000 0.000000 
0.000000 0.000000 0.000000 0.000000 0.000000 0.000000 0.000000 0.000000 0.000000 0.000000 0.000000 0.000000 0.000000 0.000000 0.000000 0.000001 0.000008 0.000052 0.000214 0.000532 0.000751 0.000532 0.000214 0.000052 0.000008 0.000001 0.000000 0.000000 0.000000 0.000000 0.000000 0.000000 0.000000 0.000000 0.000000 0.000000 0.000000 0.000000 0.000000 0.000000 
0.000000 0.000000 0.000000 0.000000 0.000000 0.000000 0.000000 0.000000 0.000000 0.000000 0.000000 0.000000 0.000000 0.000000 0.000000 0.000000 0.000000 0.000001 0.000004 0.000011 0.000017 0.000011 0.000004 0.000001 0.000000 0.000000 0.000000 0.000000 0.000000 0.000000 0.000000 0.000000 0.000000 0.000000 0.000000 0.000000 0.000000 0.000000 0.000000 0.000000 
0.000000 0.000000 0.000000 0.000000 0.000000 0.000000 0.000000 0.000000 0.000000 0.000000 0.000000 0.000000 0.000000 0.000000 0.000000 0.000000 0.000000 0.000000 0.000000 0.000000 0.000000 0.000000 0.000000 0.000000 0.000000 0.000000 0.000000 0.000000 0.000000 0.000000 0.000000 0.000000 0.000000 0.000000 0.000000 0.000000 0.000000 0.000000 0.000000 0.000000 
