0.000000 0.000000 0.000000 0.000000 0.000000 0.000000 0.000000 0.000000 0.000000 0.000000 0.000000 0.000000 0.000000 0.000000 0.000000 0.000000 0.000000 0.000000 0.000000 0.000000 0.000000 0.000000 0.000000 0.000000 0.000000 0.000000 0.000000 0.000000 0.000000 0.000000 0.000000 0.000000 0.000000 0.000000 0.000000 0.000000 0.000000 0.000000 0.000000 0.000000 
0.000000 0.000000 0.000000 0.000000 0.000000 0.000000 0.000000 0.000000 0.000000 0.000000 0.000000 0.000000 0.000000 0.000000 0.000000 0.000000 0.000000 0.000000 0.000000 0.000000 0.000000 0.000000 0.000000 0.000000 0.000000 0.000000 0.000000 0.000000 0.000000 0.000000 0.000000 0.000000 0.000000 0.000000 0.000000 0.000000 0.000000 0.000000 0.000000 0.000000 
0.000000 0.000000 0.000000 0.000000 0.000000 0.000000 0.000000 0.000000 0.000000 0.000000 0.000000 0.000000 0.000000 0.000000 0.000000 0.000000 0.000000 0.000000 0.000000 0.000000 0.000000 0.000000 0.000000 0.000000 0.000000 0.000000 0.000000 0.000000 0.000000 0.000000 0.000000 0.000000 0.000000 0.000000 0.000000 0.000000 0.000000 0.000000 0.000000 0.000000 
0.000000 0.000000 0.000000 0.000000 0.000000 0.000000 0.000000 0.000000 0.000000 0.000000 0.000000 0.000000 0.000000 0.000000 0.000000 0.000000 0.000000 0.000000 0.000000 0.000000 0.000000 0.000000 0.000000 0.000000 0.000000 0.000000 0.000000 0.000000 0.000000 0.000000 0.000000 0.000000 0.000000 0.000000 0.000000 0.000000 0.000000 0.000000 0.000000 0.000000 
0.000000 0.000000 0.000000 0.000000 0.000000 0.000000 0.000000 0.000000 0.000000 0.000000 0.000000 0.000000 0.000000 0.000000 0.000000 0.000000 0.000000 0.000000 0.000001 0.000003 0.000004 0.000003 0.000001 0.000000 0.000000 0.000000 0.000000 0.000000 0.000000 0.000000 0.000000 0.000000 0.000000 0.000000 0.000000 0.000000 0.000000 0.000000 0.000000 0.000000 
0.000000 0.000000 0.000000 0.000000 0.000000 0.000000 0.000000 0.000000 0.000000 0.000000 0.000000 0.000000 0.000000 0.000000 0.000000 0.000000 0.000001 0.000009 0.000047 0.000142 0.000223 0.000142 0.000047 0.000009 0.000001 0.000000 0.000000 0.000000 0.000000 0.000000 0.000000 0.000000 0.000000 0.000000 0.000000 0.000000 0.000000 0.000000 0.000000 0.000000 
0.000000 0.000000 0.000000 0.000000 0.000000 0.000000 0.000000 0.000000 0.000000 0.000000 0.000000 0.000000 0.000000 0.000000 0.000000 0.000006 0.000060 0.000402 0.001618 0.003880 0.005744 0.003880 0.001618 0.000402 0.000060 0.000006 0.000000 0.000000 0.000000 0.000000 0.000000 0.000000 0.000000 0.000000 0.000000 0.000000 0.000000 0.000000 0.000000 0.000000 
0.000000 0.000000 0.000000 0.000000 0.000000 0.000000 0.000000 0.000000 0.000000 0.000000 0.000000 0.000000 0.000000 0.000001 0.000019 0.000240 0.001698 0.007037 0.019162 0.037945 0.048617 0.037945 0.019162 0.007037 0.001698 0.000240 0.000019 0.000001 0.000000 0.000000 0.000000 0.000000 0.000000 0.000000 0.000000 0.000000 0.000000 0.000000 0.000000 0.000000 
0.000000 0.000000 0.000000 0.000000 0.000000 0.000000 0.000000 0.000000 0.000000 0.000000 0.000000 0.000000 0.000002 0.000047 0.000619 0.004240 0.017341 0.049437 0.109023 0.186478 0.243197 0.186478 0.109023 0.049437 0.017341 0.004240 0.000619 0.000047 0.000002 0.000000 0.000000 0.000000 0.000000 0.000000 0.000000 0.000000 0.000000 0.000000 0.000000 0.000000 
0.000000 0.000000 0.000000 0.000000 0.000000 0.000000 0.000000 0.000000 0.000000 0.000000 0.000000 0.000003 0.000082 0.001124 0.007546 0.030741 0.089615 0.207405 0.394662 0.634952 0.793147 0.634952 0.394662 0.207405 0.089615 0.030741 0.007546 0.001124 0.000082 0.000003 0.000000 0.000000 0.000000 0.000000 0.000000 0.000000 0.000000 0.000000 0.000000 0.000000 
0.000000 0.000000 0.000000 0.000000 0.000000 0.000000 0.000000 0.000000 0.000000 0.000000 0.000004 0.000108 0.001560 0.010628 0.043885 0.130723 0.311762 0.622848 1.082492 1.616890 2.035672 1.616890 1.082492 0.622848 0.311762 0.130723 0.043885 0.010628 0.001560 0.000108 0.000004 0.000000 0.000000 0.000000 0.000000 0.000000 0.000000 0.000000 0.000000 0.000000 
0.000000 0.000000 0.000000 0.000000 0.000000 0.000000 0.000000 0.000000 0.000000 0.000003 0.000108 0.001732 0.012475 0.053384 0.163797 0.401679 0.828293 1.494230 2.377838 3.403464 4.153173 3.403464 2.377837 1.494230 0.828292 0.401679 0.163797 0.053384 0.012475 0.001732 0.000108 0.000003 0.000000 0.000000 0.000000 0.000000 0.000000 0.000000 0.000000 0.000000 
0.000000 0.000000 0.000000 0.000000 0.000000 0.000000 0.000000 0.000000 0.000002 0.000082 0.001560 0.012475 0.056837 0.182104 0.461778 0.980495 1.817222 2.986355 4.463579 6.028583 7.364175 6.028582 4.463579 2.986355 1.817222 0.980495 0.461778 0.182104 0.056837 0.012475 0.001560 0.000082 0.000002 0.000000 0.000000 0.000000 0.000000 0.000000 0.000000 0.000000 
0.000000 0.000000 0.000000 0.000000 0.000000 0.000000 0.000000 0.000001 0.000047 0.001124 0.010628 0.053384 0.182104 0.482823 1.060897 2.020870 3.404958 5.215929 7.305934 9.567398 11.421140 9.567399 7.305934 5.215929 3.404958 2.020870 1.060897 0.482823 0.182104 0.053384 0.010628 0.001124 0.000047 0.000001 0.000000 0.000000 0.000000 0.000000 0.000000 0.000000 
0.000000 0.000000 0.000000 0.000000 0.000000 0.000000 0.000000 0.000019 0.000619 0.007546 0.043885 0.163797 0.461778 1.060897 2.090221 3.617073 5.663853 8.117380 10.920538 13.719498 16.480120 13.719498 10.920537 8.117380 5.663853 3.617073 2.090221 1.060897 0.461778 0.163797 0.043885 0.007546 0.000619 0.000019 0.000000 0.000000 0.000000 0.000000 0.000000 0.000000 
0.000000 0.000000 0.000000 0.000000 0.000000 0.000000 0.000006 0.000240 0.004240 0.030741 0.130723 0.401679 0.980495 2.020870 3.617073 5.812419 8.511527 11.675217 15.040601 18.597950 22.018173 18.597950 15.040601 11.675217 8.511527 5.812419 3.617073 2.020870 0.980495 0.401679 0.130723 0.030741 0.004240 0.000240 0.000006 0.000000 0.000000 0.000000 0.000000 0.000000 
0.000000 0.000000 0.000000 0.000000 0.000000 0.000001 0.000060 0.001698 0.017341 0.089615 0.311762 0.828293 1.817222 3.404958 5.663853 8.511527 11.917338 15.650336 19.755348 23.716263 28.393621 23.716263 19.755348 15.650335 11.917338 8.511527 5.663853 3.404958 1.817222 0.828292 0.311762 0.089615 0.017341 0.001698 0.000060 0.000001 0.000000 0.000000 0.000000 0.000000 
0.000000 0.000000 0.000000 0.000000 0.000000 0.000009 0.000402 0.007037 0.049437 0.207405 0.622848 1.494230 2.986355 5.215929 8.117380 11.675217 15.650336 20.107405 24.668262 29.496809 34.973026 29.496809 24.668264 20.107405 15.650335 11.675217 8.117380 5.215929 2.986355 1.494230 0.622848 0.207405 0.049437 0.007037 0.000402 0.000009 0.000000 0.000000 0.000000 0.000000 
0.000000 0.000000 0.000000 0.000000 0.000001 0.000047 0.001618 0.019162 0.109023 0.394662 1.082492 2.377838 4.463579 7.305934 10.920538 15.040601 19.755348 24.668262 30.089624 35.430893 42.622345 35.430897 30.089624 24.668264 19.755348 15.040601 10.920538 7.305934 4.463579 2.377837 1.082492 0.394662 0.109023 0.019162 0.001618 0.000047 0.000001 0.000000 0.000000 0.000000 
0.000000 0.000000 0.000000 0.000000 0.000003 0.000142 0.003880 0.037945 0.186478 0.634952 1.616890 3.403464 6.028583 9.567398 13.719498 18.597948 23.716267 29.496809 35.430893 42.043922 50.973431 42.043922 35.430897 29.496809 23.716267 18.597948 13.719499 9.567398 6.028583 3.403464 1.616890 0.634952 0.186478 0.037945 0.003880 0.000142 0.000003 0.000000 0.000000 0.000000 
0.000000 0.000000 0.000000 0.000000 0.000004 0.000223 0.005744 0.048617 0.243197 0.793147 2.035672 4.153173 7.364175 11.421140 16.480120 22.018175 28.393621 34.973026 42.622345 50.973431 64.582756 50.973431 42.622349 34.973026 28.393623 22.018175 16.480120 11.421142 7.364175 4.153173 2.035673 0.793147 0.243197 0.048617 0.005744 0.000223 0.000004 0.000000 0.000000 0.000000 
0.000000 0.000000 0.000000 0.000000 0.000003 0.000142 0.003880 0.037945 0.186478 0.634952 1.616890 3.403464 6.028581 9.567399 13.719498 18.597948 23.716267 29.496809 35.430897 42.043922 50.973431 42.043922 35.430897 29.496809 23.716267 18.597948 13.719499 9.567398 6.028583 3.403464 1.616890 0.634952 0.186478 0.037945 0.003880 0.000142 0.000003 0.000000 0.000000 0.000000 
0.000000 0.000000 0.000000 0.000000 0.000001 0.000047 0.001618 0.019162 0.109023 0.394662 1.082492 2.377837 4.463579 7.305934 10.920537 15.040601 19.755344 24.668264 30.089622 35.430897 42.622349 35.430897 30.089622 24.668264 19.755348 15.040601 10.920538 7.305934 4.463579 2.377837 1.082492 0.394662 0.109023 0.019162 0.001618 0.000047 0.000001 0.000000 0.000000 0.000000 
0.000000 0.000000 0.000000 0.000000 0.000000 0.000009 0.000402 0.007037 0.049437 0.207405 0.622848 1.494230 2.986355 5.215929 8.117380 11.675217 15.650335 20.107405 24.668264 29.496809 34.973026 29.496809 24.668264 20.107405 15.650335 11.675217 8.117380 5.215929 2.986355 1.494230 0.622848 0.207405 0.049437 0.007037 0.000402 0.000009 0.000000 0.000000 0.000000 0.000000 
0.000000 0.000000 0.000000 0.000000 0.000000 0.000001 0.000060 0.001698 0.017341 0.089615 0.311762 0.828293 1.817222 3.404958 5.663853 8.511526 11.917338 15.650335 19.755348 23.716267 28.393623 23.716267 19.755348 15.650335 11.917338 8.511527 5.663853 3.404958 1.817222 0.828292 0.311762 0.089615 0.017341 0.001698 0.000060 0.000001 0.000000 0.000000 0.000000 0.000000 
0.000000 0.000000 0.000000 0.000000 0.000000 0.000000 0.000006 0.000240 0.004240 0.030741 0.130723 0.401679 0.980495 2.020870 3.617072 5.812419 8.511526 11.675217 15.040601 18.597948 22.018173 18.597948 15.040601 11.675217 8.511527 5.812419 3.617073 2.020870 0.980495 0.401679 0.130723 0.030741 0.004240 0.000240 0.000006 0.000000 0.000000 0.000000 0.000000 0.000000 
0.000000 0.000000 0.000000 0.000000 0.000000 0.000000 0.000000 0.000019 0.000619 0.007546 0.043885 0.163797 0.461778 1.060897 2.090221 3.617072 5.663853 8.117380 10.920537 13.719498 16.480120 13.719499 10.920538 8.117380 5.663853 3.617073 2.090221 1.060897 0.461778 0.163797 0.043885 0.007546 0.000619 0.000019 0.000000 0.000000 0.000000 0.000000 0.000000 0.000000 
0.000000 0.000000 0.000000 0.000000 0.000000 0.000000 0.000000 0.000001 0.000047 0.001124 0.010628 0.053384 0.182104 0.482823 1.060897 2.020870 3.404958 5.215929 7.305934 9.567399 11.421142 9.567398 7.305934 5.215929 3.404958 2.020870 1.060897 0.482823 0.182104 0.053384 0.010628 0.001124 0.000047 0.000001 0.000000 0.000000 0.000000 0.000000 0.000000 0.000000 
0.000000 0.000000 0.000000 0.000000 0.000000 0.000000 0.000000 0.000000 0.000002 0.000082 0.001560 0.012475 0.056837 0.182104 0.461778 0.980495 1.817222 2.986355 4.463579 6.028582 7.364174 6.028582 4.463579 2.986355 1.817222 0.980495 0.461778 0.182104 0.056837 0.012475 0.001560 0.000082 0.000002 0.000000 0.000000 0.000000 0.000000 0.000000 0.000000 0.000000 
0.000000 0.000000 0.000000 0.000000 0.000000 0.000000 0.000000 0.000000 0.000000 0.000003 0.000108 0.001732 0.012475 0.053384 0.163797 0.401679 0.828293 1.494230 2.377837 3.403464 4.153173 3.403464 2.377837 1.494230 0.828292 0.401679 0.163797 0.053384 0.012475 0.001732 0.000108 0.000003 0.000000 0.000000 0.000000 0.000000 0.000000 0.000000 0.000000 0.000000 
0.000000 0.000000 0.000000 0.000000 0.000000 0.000000 0.000000 0.000000 0.000000 0.000000 0.000004 0.000108 0.001560 0.010628 0.043885 0.130723 0.311762 0.622848 1.082492 1.616890 2.035673 1.616890 1.082492 0.622848 0.311762 0.130723 0.043885 0.010628 0.001560 0.000108 0.000004 0.000000 0.000000 0.000000 0.000000 0.000000 0.000000 0.000000 0.000000 0.000000 
0.000000 0.000000 0.000000 0.000000 0.000000 0.000000 0.000000 0.000000 0.000000 0.000000 0.000000 0.000003 0.000082 0.001124 0.007546 0.030741 0.089615 0.207405 0.394662 0.634952 0.793147 0.634952 0.394662 0.207405 0.089615 0.030741 0.007546 0.001124 0.000082 0.000003 0.000000 0.000000 0.000000 0.000000 0.000000 0.000000 0.000000 0.000000 0.000000 0.000000 
0.000000 0.000000 0.000000 0.000000 0.000000 0.000000 0.000000 0.000000 0.000000 0.000000 0.000000 0.000000 0.000002 0.000047 0.000619 0.004240 0.017341 0.049437 0.109023 0.186478 0.243197 0.186478 0.109023 0.049437 0.017341 0.004240 0.000619 0.000047 0.000002 0.000000 0.000000 0.000000 0.000000 0.000000 0.000000 0.000000 0.000000 0.000000 0.000000 0.000000 
0.000000 0.000000 0.000000 0.000000 0.000000 0.000000 0.000000 0.000000 0.000000 0.000000 0.000000 0.000000 0.000000 0.000001 0.000019 0.000240 0.001698 0.007037 0.019162 0.037945 0.048617 0.037945 0.019162 0.007037 0.001698 0.000240 0.000019 0.000001 0.000000 0.000000 0.000000 0.000000 0.000000 0.000000 0.000000 0.000000 0.000000 0.000000 0.000000 0.000000 
0.000000 0.000000 0.000000 0.000000 0.000000 0.000000 0.000000 0.000000 0.000000 0.000000 0.000000 0.000000 0.000000 0.000000 0.000000 0.000006 0.000060 0.000402 0.001618 0.003880 0.005744 0.003880 0.001618 0.000402 0.000060 0.000006 0.000000 0.000000 0.000000 0.000000 0.000000 0.000000 0.000000 0.000000 0.000000 0.000000 0.000000 0.000000 0.000000 0.000000 
0.000000 0.000000 0.000000 0.000000 0.000000 0.000000 0.000000 0.000000 0.000000 0.000000 0.000000 0.000000 0.000000 0.000000 0.000000 0.000000 0.000001 0.000009 0.000047 0.000142 0.000223 0.000142 0.000047 0.000009 0.000001 0.000000 0.000000 0.000000 0.000000 0.000000 0.000000 0.000000 0.000000 0.000000 0.000000 0.000000 0.000000 0.000000 0.000000 0.000000 
0.000000 0.000000 0.000000 0.000000 0.000000 0.000000 0.000000 0.000000 0.000000 0.000000 0.000000 0.000000 0.000000 0.000000 0.000000 0.000000 0.000000 0.000000 0.000001 0.000003 0.000004 0.000003 0.000001 0.000000 0.000000 0.000000 0.000000 0.000000 0.000000 0.000000 0.000000 0.000000 0.000000 0.000000 0.000000 0.000000 0.000000 0.000000 0.000000 0.000000 
0.000000 0.000000 0.000000 0.000000 0.000000 0.000000 0.000000 0.000000 0.000000 0.000000 0.000000 0.000000 0.000000 0.000000 0.000000 0.000000 0.000000 0.000000 0.000000 0.000000 0.000000 0.000000 0.000000 0.000000 0.000000 0.000000 0.000000 0.000000 0.000000 0.000000 0.000000 0.000000 0.000000 0.000000 0.000000 0.000000 0.000000 0.000000 0.000000 0.000000 
0.000000 0.000000 0.000000 0.000000 0.000000 0.000000 0.000000 0.000000 0.000000 0.000000 0.000000 0.000000 0.000000 0.000000 0.000000 0.000000 0.000000 0.000000 0.000000 0.000000 0.000000 0.000000 0.000000 0.000000 0.000000 0.000000 0.000000 0.000000 0.000000 0.000000 0.000000 0.000000 0.000000 0.000000 0.000000 0.000000 0.000000 0.000000 0.000000 0.000000 
0.000000 0.000000 0.000000 0.000000 0.000000 0.000000 0.000000 0.000000 0.000000 0.000000 0.000000 0.000000 0.000000 0.000000 0.000000 0.000000 0.000000 0.000000 0.000000 0.000000 0.000000 0.000000 0.000000 0.000000 0.000000 0.000000 0.000000 0.000000 0.000000 0.000000 0.000000 0.000000 0.000000 0.000000 0.000000 0.000000 0.000000 0.000000 0.000000 0.000000 
