0.000000 0.000000 0.000000 0.000000 0.000000 0.000000 0.000000 0.000000 0.000000 0.000000 0.000000 0.000000 0.000000 0.000000 0.000000 0.000004 0.000040 0.000334 0.002017 0.007751 0.015736 0.007751 0.002017 0.000334 0.000040 0.000004 0.000000 0.000000 0.000000 0.000000 0.000000 0.000000 0.000000 0.000000 0.000000 0.000000 0.000000 0.000000 0.000000 0.000000 
0.000000 0.000000 0.000000 0.000000 0.000000 0.000000 0.000000 0.000000 0.000000 0.000000 0.000000 0.000000 0.000000 0.000002 0.000023 0.000193 0.001089 0.004349 0.013316 0.032283 0.053193 0.032283 0.013316 0.004349 0.001089 0.000193 0.000023 0.000002 0.000000 0.000000 0.000000 0.000000 0.000000 0.000000 0.000000 0.000000 0.000000 0.000000 0.000000 0.000000 
0.000000 0.000000 0.000000 0.000000 0.000000 0.000000 0.000000 0.000000 0.000000 0.000000 0.000000 0.000000 0.000007 0.000096 0.000803 0.004022 0.013480 0.034494 0.073420 0.133314 0.190779 0.133314 0.073420 0.034494 0.013480 0.004022 0.000803 0.000096 0.000007 0.000000 0.000000 0.000000 0.000000 0.000000 0.000000 0.000000 0.000000 0.000000 0.000000 0.000000 
0.000000 0.000000 0.000000 0.000000 0.000000 0.000000 0.000000 0.000000 0.000000 0.000000 0.000001 0.000021 0.000284 0.002218 0.010205 0.032487 0.079934 0.163085 0.287748 0.446773 0.574947 0.446773 0.287748 0.163085 0.079934 0.032487 0.010205 0.002218 0.000284 0.000021 0.000001 0.000000 0.000000 0.000000 0.000000 0.000000 0.000000 0.000000 0.000000 0.000000 
0.000000 0.000000 0.000000 0.000000 0.000000 0.000000 0.000000 0.000000 0.000000 0.000002 0.000045 0.000618 0.004495 0.019562 0.060598 0.148190 0.303755 0.540519 0.854072 1.201283 1.453794 1.201283 0.854072 0.540519 0.303755 0.148190 0.060598 0.019562 0.004495 0.000618 0.000045 0.000002 0.000000 0.000000 0.000000 0.000000 0.000000 0.000000 0.000000 0.000000 
0.000000 0.000000 0.000000 0.000000 0.000000 0.000000 0.000000 0.000000 0.000003 0.000075 0.001050 0.007299 0.030832 0.094229 0.230241 0.476127 0.861127 1.390901 2.028322 2.676586 3.092547 2.676587 2.028322 1.390901 0.861127 0.476127 0.230241 0.094229 0.030832 0.007299 0.001050 0.000075 0.000003 0.000000 0.000000 0.000000 0.000000 0.000000 0.000000 0.000000 
0.000000 0.000000 0.000000 0.000000 0.000000 0.000000 0.000000 0.000004 0.000103 0.001459 0.010022 0.042015 0.128262 0.314630 0.655855 1.200412 1.970645 2.941559 4.032224 5.066447 5.714041 5.066448 4.032224 2.941559 1.970645 1.200412 0.655855 0.314630 0.128262 0.042015 0.010022 0.001459 0.000103 0.000004 0.000000 0.000000 0.000000 0.000000 0.000000 0.000000 
0.000000 0.000000 0.000000 0.000000 0.000000 0.000000 0.000004 0.000113 0.001707 0.011995 0.050965 0.157298 0.389813 0.820588 1.516860 2.517343 3.810540 5.330741 6.944051 8.438548 9.344089 8.438549 6.944051 5.330741 3.810540 2.517343 1.516860 0.820588 0.389813 0.157298 0.050965 0.011995 0.001707 0.000113 0.000004 0.000000 0.000000 0.000000 0.000000 0.000000 
0.000000 0.000000 0.000000 0.000000 0.000000 0.000003 0.000103 0.001707 0.012714 0.055927 0.176748 0.445882 0.951821 1.779339 2.981473 4.557170 6.451943 8.557686 10.727130 12.692604 13.962571 12.692606 10.727130 8.557686 6.451943 4.557171 2.981473 1.779339 0.951821 0.445882 0.176748 0.055927 0.012714 0.001707 0.000103 0.000003 0.000000 0.000000 0.000000 0.000000 
0.000000 0.000000 0.000000 0.000000 0.000002 0.000075 0.001459 0.011995 0.055927 0.183583 0.475747 1.035990 1.965808 3.331602 5.140608 7.345130 9.851559 12.544082 15.250254 17.730255 19.385784 17.730255 15.250254 12.544082 9.851559 7.345131 5.140609 3.331602 1.965808 1.035990 0.475747 0.183583 0.055927 0.011995 0.001459 0.000075 0.000002 0.000000 0.000000 0.000000 
0.000000 0.000000 0.000000 0.000001 0.000045 0.001050 0.010022 0.050965 0.176748 0.475747 1.064950 2.062380 3.548505 5.538842 7.990218 10.816527 13.917367 17.161695 20.407856 23.361486 25.546673 23.361488 20.407858 17.161695 13.917367 10.816528 7.990218 5.538841 3.548505 2.062380 1.064950 0.475747 0.176748 0.050965 0.010022 0.001050 0.000045 0.000001 0.000000 0.000000 
0.000000 0.000000 0.000000 0.000021 0.000618 0.007299 0.042015 0.157298 0.445882 1.035990 2.062380 3.621873 5.740396 8.379223 11.455748 14.876594 18.529654 22.309464 26.042032 29.503407 32.198959 29.503410 26.042032 22.309462 18.529654 14.876594 11.455749 8.379223 5.740396 3.621873 2.062380 1.035990 0.445882 0.157298 0.042015 0.007299 0.000618 0.000021 0.000000 0.000000 
0.000000 0.000000 0.000007 0.000284 0.004495 0.030832 0.128262 0.389813 0.951821 1.965808 3.548505 5.740396 8.509119 11.773919 15.443563 19.413679 23.593489 27.852222 32.073246 35.940979 39.281895 35.940979 32.073246 27.852221 23.593487 19.413677 15.443563 11.773919 8.509118 5.740395 3.548505 1.965808 0.951821 0.389813 0.128262 0.030833 0.004495 0.000284 0.000008 0.000000 
0.000000 0.000002 0.000096 0.002218 0.019562 0.094229 0.314630 0.820588 1.779339 3.331603 5.538842 8.379223 11.773919 15.631112 19.847849 24.338154 28.987568 33.709782 38.325737 42.625412 46.489548 42.625412 38.325737 33.709782 28.987568 24.338156 19.847847 15.631111 11.773918 8.379223 5.538841 3.331604 1.779340 0.820592 0.314636 0.094235 0.019568 0.002223 0.000097 0.000002 
0.000000 0.000023 0.000803 0.010205 0.060598 0.230241 0.655855 1.516860 2.981473 5.140608 7.990218 11.455748 15.443563 19.847849 24.581970 29.536682 34.634903 39.731079 44.747997 49.312580 53.766525 49.312580 44.747997 39.731079 34.634907 29.536682 24.581966 19.847847 15.443564 11.455750 7.990227 5.140633 2.981523 1.516961 0.656006 0.230423 0.060773 0.010329 0.000855 0.000034 
0.000004 0.000193 0.004022 0.032487 0.148190 0.476127 1.200412 2.517343 4.557170 7.345130 10.816527 14.876594 19.413679 24.338154 29.536684 34.933891 40.395435 45.858849 51.131866 56.001678 60.780312 56.001682 51.131866 45.858849 40.395435 34.933891 29.536682 24.338158 19.413687 14.876624 10.816617 7.345397 4.557810 2.518582 1.202336 0.478486 0.150477 0.034197 0.004915 0.000492 
0.000040 0.001089 0.013480 0.079934 0.303755 0.861127 1.970645 3.810540 6.451943 9.851559 13.917367 18.529654 23.593487 28.987570 34.634907 40.395439 46.212017 51.910896 57.472252 62.438648 67.504196 62.438648 57.472256 51.910896 46.212013 40.395439 34.634914 28.987593 23.593531 18.529854 13.917969 9.853185 6.455791 3.818169 1.982818 0.876368 0.318762 0.091576 0.020462 0.004529 
0.000334 0.004349 0.034494 0.163085 0.540519 1.390901 2.941559 5.330741 8.557686 12.544082 17.161695 22.309464 27.852221 33.709782 39.731079 45.858849 51.910896 57.872456 63.550777 68.717361 73.743744 68.717361 63.550781 57.872467 51.910896 45.858860 39.731133 33.709942 27.852604 22.310577 17.164446 12.550934 8.573188 5.361021 2.990157 1.452780 0.602617 0.213088 0.067861 0.025436 
0.002017 0.013316 0.073420 0.287748 0.854072 2.028322 4.032224 6.944050 10.727130 15.250254 20.407858 26.042034 32.073246 38.325737 44.747997 51.131866 57.472256 63.550781 69.444145 74.684402 79.648605 74.684402 69.444145 63.550785 57.472282 51.131989 44.748295 38.326538 32.075153 26.046726 20.418356 15.273540 10.775647 7.034236 4.174155 2.209589 1.039840 0.443695 0.187504 0.097232 
0.007751 0.032283 0.133314 0.446773 1.201283 2.676587 5.066447 8.438548 12.692604 17.730257 23.361486 29.503410 35.940979 42.625408 49.312580 56.001678 62.438648 68.717361 74.684402 80.112961 84.921875 80.112961 74.684402 68.717415 62.438847 56.001736 49.313988 42.628761 35.949001 29.520271 23.395927 17.799168 12.822725 8.663125 5.404035 3.101676 1.642439 0.833737 0.438993 0.281093 
0.015736 0.053193 0.190779 0.574947 1.453794 3.092547 5.714041 9.344089 13.962571 19.385784 25.546671 32.198959 39.281895 46.489548 53.766525 60.780312 67.504196 73.743744 79.648605 84.921875 89.032005 84.921875 79.648636 73.744057 67.506195 60.788250 53.785885 46.534554 39.361176 32.327347 25.743666 19.682693 14.405836 9.989326 6.590957 4.157504 2.585742 1.638749 1.124033 0.883722 
0.007751 0.032283 0.133314 0.446773 1.201283 2.676587 5.066448 8.438549 12.692605 17.730255 23.361488 29.503410 35.940979 42.625412 49.312580 56.001678 62.438648 68.717361 74.684402 80.112961 84.921875 80.112968 74.684402 68.717415 62.438847 56.001740 49.313992 42.628765 35.949001 29.520271 23.395927 17.799168 12.822725 8.663125 5.404035 3.101676 1.642439 0.833737 0.438993 0.281093 
0.002017 0.013316 0.073420 0.287748 0.854072 2.028322 4.032224 6.944050 10.727130 15.250254 20.407856 26.042032 32.073246 38.325737 44.747997 51.131866 57.472256 63.550781 69.444145 74.684402 79.648636 74.684402 69.444153 63.550785 57.472286 51.131992 44.748295 38.326538 32.075153 26.046726 20.418354 15.273540 10.775647 7.034236 4.174155 2.209589 1.039840 0.443695 0.187504 0.097232 
0.000334 0.004349 0.034494 0.163085 0.540519 1.390901 2.941559 5.330741 8.557686 12.544082 17.161695 22.309462 27.852222 33.709782 39.731079 45.858845 51.910896 57.872467 63.550785 68.717415 73.744057 68.717415 63.550785 57.872467 51.910896 45.858864 39.731133 33.709942 27.852604 22.310577 17.164446 12.550934 8.573188 5.361021 2.990157 1.452780 0.602617 0.213088 0.067861 0.025436 
0.000040 0.001089 0.013480 0.079934 0.303755 0.861127 1.970645 3.810540 6.451943 9.851559 13.917367 18.529654 23.593487 28.987570 34.634907 40.395435 46.212013 51.910896 57.472282 62.438847 67.506195 62.438847 57.472286 51.910896 46.212013 40.395439 34.634914 28.987593 23.593531 18.529854 13.917969 9.853187 6.455792 3.818169 1.982818 0.876368 0.318762 0.091576 0.020462 0.004529 
0.000004 0.000193 0.004022 0.032487 0.148190 0.476127 1.200412 2.517343 4.557170 7.345131 10.816527 14.876593 19.413677 24.338156 29.536682 34.933891 40.395439 45.858864 51.131992 56.001736 60.788250 56.001740 51.131992 45.858864 40.395439 34.933891 29.536684 24.338156 19.413687 14.876624 10.816617 7.345397 4.557810 2.518582 1.202336 0.478486 0.150477 0.034197 0.004915 0.000492 
0.000000 0.000023 0.000803 0.010205 0.060598 0.230241 0.655855 1.516860 2.981473 5.140609 7.990218 11.455748 15.443563 19.847847 24.581966 29.536682 34.634911 39.731133 44.748295 49.313988 53.785885 49.313992 44.748295 39.731133 34.634914 29.536684 24.581970 19.847849 15.443564 11.455752 7.990227 5.140633 2.981523 1.516961 0.656006 0.230423 0.060773 0.010329 0.000855 0.000034 
0.000000 0.000002 0.000096 0.002218 0.019562 0.094229 0.314630 0.820588 1.779339 3.331603 5.538841 8.379223 11.773919 15.631110 19.847849 24.338158 28.987593 33.709942 38.326538 42.628761 46.534554 42.628765 38.326538 33.709942 28.987593 24.338156 19.847849 15.631112 11.773919 8.379223 5.538841 3.331604 1.779340 0.820592 0.314636 0.094235 0.019568 0.002223 0.000097 0.000002 
0.000000 0.000000 0.000007 0.000284 0.004495 0.030832 0.128262 0.389813 0.951821 1.965808 3.548505 5.740396 8.509118 11.773919 15.443564 19.413685 23.593531 27.852606 32.075153 35.949001 39.361176 35.949001 32.075153 27.852604 23.593531 19.413687 15.443564 11.773919 8.509119 5.740396 3.548505 1.965808 0.951821 0.389813 0.128262 0.030833 0.004495 0.000284 0.000008 0.000000 
0.000000 0.000000 0.000000 0.000021 0.000618 0.007299 0.042015 0.157298 0.445882 1.035990 2.062380 3.621873 5.740396 8.379223 11.455750 14.876624 18.529854 22.310577 26.046726 29.520271 32.327347 29.520271 26.046726 22.310577 18.529854 14.876624 11.455752 8.379223 5.740396 3.621873 2.062380 1.035990 0.445882 0.157298 0.042015 0.007299 0.000618 0.000021 0.000000 0.000000 
0.000000 0.000000 0.000000 0.000001 0.000045 0.001050 0.010022 0.050965 0.176748 0.475747 1.064951 2.062380 3.548505 5.538842 7.990227 10.816617 13.917970 17.164446 20.418354 23.395927 25.743666 23.395927 20.418354 17.164446 13.917969 10.816617 7.990227 5.538842 3.548505 2.062380 1.064950 0.475747 0.176748 0.050965 0.010022 0.001050 0.000045 0.000001 0.000000 0.000000 
0.000000 0.000000 0.000000 0.000000 0.000002 0.000075 0.001459 0.011995 0.055927 0.183583 0.475747 1.035990 1.965808 3.331604 5.140633 7.345397 9.853187 12.550934 15.273540 17.799168 19.682693 17.799168 15.273540 12.550934 9.853187 7.345397 5.140633 3.331604 1.965808 1.035990 0.475747 0.183583 0.055927 0.011995 0.001459 0.000075 0.000002 0.000000 0.000000 0.000000 
0.000000 0.000000 0.000000 0.000000 0.000000 0.000003 0.000103 0.001707 0.012714 0.055927 0.176748 0.445882 0.951821 1.779340 2.981523 4.557810 6.455791 8.573188 10.775647 12.822724 14.405836 12.822725 10.775647 8.573188 6.455792 4.557810 2.981523 1.779340 0.951821 0.445882 0.176748 0.055927 0.012714 0.001707 0.000103 0.000003 0.000000 0.000000 0.000000 0.000000 
0.000000 0.000000 0.000000 0.000000 0.000000 0.000000 0.000004 0.000113 0.001707 0.011995 0.050965 0.157298 0.389813 0.820592 1.516961 2.518582 3.818169 5.361021 7.034236 8.663124 9.989326 8.663125 7.034236 5.361021 3.818169 2.518581 1.516961 0.820592 0.389813 0.157298 0.050965 0.011995 0.001707 0.000113 0.000004 0.000000 0.000000 0.000000 0.000000 0.000000 
0.000000 0.000000 0.000000 0.000000 0.000000 0.000000 0.000000 0.000004 0.000103 0.001459 0.010022 0.042015 0.128262 0.314636 0.656006 1.202336 1.982818 2.990157 4.174155 5.404035 6.590957 5.404035 4.174155 2.990157 1.982818 1.202336 0.656006 0.314636 0.128262 0.042015 0.010022 0.001459 0.000103 0.000004 0.000000 0.000000 0.000000 0.000000 0.000000 0.000000 
0.000000 0.000000 0.000000 0.000000 0.000000 0.000000 0.000000 0.000000 0.000003 0.000075 0.001050 0.007299 0.030833 0.094235 0.230423 0.478486 0.876368 1.452780 2.209589 3.101676 4.157504 3.101676 2.209589 1.452780 0.876368 0.478486 0.230423 0.094235 0.030833 0.007299 0.001050 0.000075 0.000003 0.000000 0.000000 0.000000 0.000000 0.000000 0.000000 0.000000 
0.000000 0.000000 0.000000 0.000000 0.000000 0.000000 0.000000 0.000000 0.000000 0.000002 0.000045 0.000618 0.004495 0.019568 0.060773 0.150477 0.318762 0.602617 1.039840 1.642439 2.585742 1.642439 1.039840 0.602617 0.318762 0.150477 0.060773 0.019568 0.004495 0.000618 0.000045 0.000002 0.000000 0.000000 0.000000 0.000000 0.000000 0.000000 0.000000 0.000000 
0.000000 0.000000 0.000000 0.000000 0.000000 0.000000 0.000000 0.000000 0.000000 0.000000 0.000001 0.000021 0.000284 0.002223 0.010329 0.034197 0.091576 0.213088 0.443695 0.833737 1.638749 0.833737 0.443695 0.213088 0.091576 0.034197 0.010329 0.002223 0.000284 0.000021 0.000001 0.000000 0.000000 0.000000 0.000000 0.000000 0.000000 0.000000 0.000000 0.000000 
0.000000 0.000000 0.000000 0.000000 0.000000 0.000000 0.000000 0.000000 0.000000 0.000000 0.000000 0.000000 0.000008 0.000097 0.000855 0.004915 0.020462 0.067861 0.187504 0.438993 1.124033 0.438993 0.187504 0.067861 0.020462 0.004915 0.000855 0.000097 0.000008 0.000000 0.000000 0.000000 0.000000 0.000000 0.000000 0.000000 0.000000 0.000000 0.000000 0.000000 
0.000000 0.000000 0.000000 0.000000 0.000000 0.000000 0.000000 0.000000 0.000000 0.000000 0.000000 0.000000 0.000000 0.000002 0.000034 0.000492 0.004529 0.025436 0.097232 0.281093 0.883722 0.281093 0.097232 0.025436 0.004529 0.000492 0.000034 0.000002 0.000000 0.000000 0.000000 0.000000 0.000000 0.000000 0.000000 0.000000 0.000000 0.000000 0.000000 0.000000 
