0.000000 0.000000 0.000000 0.000000 0.000000 0.000000 0.000000 0.000000 0.000000 0.000000 0.000000 0.000000 0.000000 0.000000 0.000000 0.000000 0.000000 0.000000 0.000000 0.000000 0.000000 0.000000 0.000000 0.000000 0.000000 0.000000 0.000000 0.000000 0.000000 0.000000 0.000000 0.000000 0.000000 0.000000 0.000000 0.000000 0.000000 0.000000 0.000000 0.000000 
0.000000 0.000000 0.000000 0.000000 0.000000 0.000000 0.000000 0.000000 0.000000 0.000000 0.000000 0.000000 0.000000 0.000000 0.000000 0.000000 0.000000 0.000000 0.000000 0.000000 0.000000 0.000000 0.000000 0.000000 0.000000 0.000000 0.000000 0.000000 0.000000 0.000000 0.000000 0.000000 0.000000 0.000000 0.000000 0.000000 0.000000 0.000000 0.000000 0.000000 
0.000000 0.000000 0.000000 0.000000 0.000000 0.000000 0.000000 0.000000 0.000000 0.000000 0.000000 0.000000 0.000000 0.000000 0.000000 0.000000 0.000000 0.000000 0.000000 0.000000 0.000000 0.000000 0.000000 0.000000 0.000000 0.000000 0.000000 0.000000 0.000000 0.000000 0.000000 0.000000 0.000000 0.000000 0.000000 0.000000 0.000000 0.000000 0.000000 0.000000 
0.000000 0.000000 0.000000 0.000000 0.000000 0.000000 0.000000 0.000000 0.000000 0.000000 0.000000 0.000000 0.000000 0.000000 0.000000 0.000000 0.000000 0.000000 0.000000 0.000001 0.000002 0.000001 0.000000 0.000000 0.000000 0.000000 0.000000 0.000000 0.000000 0.000000 0.000000 0.000000 0.000000 0.000000 0.000000 0.000000 0.000000 0.000000 0.000000 0.000000 
0.000000 0.000000 0.000000 0.000000 0.000000 0.000000 0.000000 0.000000 0.000000 0.000000 0.000000 0.000000 0.000000 0.000000 0.000000 0.000000 0.000001 0.000004 0.000021 0.000062 0.000094 0.000062 0.000021 0.000004 0.000001 0.000000 0.000000 0.000000 0.000000 0.000000 0.000000 0.000000 0.000000 0.000000 0.000000 0.000000 0.000000 0.000000 0.000000 0.000000 
0.000000 0.000000 0.000000 0.000000 0.000000 0.000000 0.000000 0.000000 0.000000 0.000000 0.000000 0.000000 0.000000 0.000000 0.000000 0.000003 0.000032 0.000211 0.000865 0.002129 0.002958 0.002129 0.000865 0.000211 0.000032 0.000003 0.000000 0.000000 0.000000 0.000000 0.000000 0.000000 0.000000 0.000000 0.000000 0.000000 0.000000 0.000000 0.000000 0.000000 
0.000000 0.000000 0.000000 0.000000 0.000000 0.000000 0.000000 0.000000 0.000000 0.000000 0.000000 0.000000 0.000000 0.000001 0.000012 0.000146 0.001068 0.004571 0.012818 0.024595 0.033652 0.024595 0.012818 0.004571 0.001068 0.000146 0.000012 0.000001 0.000000 0.000000 0.000000 0.000000 0.000000 0.000000 0.000000 0.000000 0.000000 0.000000 0.000000 0.000000 
0.000000 0.000000 0.000000 0.000000 0.000000 0.000000 0.000000 0.000000 0.000000 0.000000 0.000000 0.000000 0.000002 0.000033 0.000433 0.003069 0.012805 0.037182 0.081196 0.139910 0.176274 0.139910 0.081196 0.037182 0.012805 0.003069 0.000433 0.000033 0.000002 0.000000 0.000000 0.000000 0.000000 0.000000 0.000000 0.000000 0.000000 0.000000 0.000000 0.000000 
0.000000 0.000000 0.000000 0.000000 0.000000 0.000000 0.000000 0.000000 0.000000 0.000000 0.000000 0.000003 0.000065 0.000887 0.006055 0.024851 0.073065 0.168232 0.320704 0.503604 0.635047 0.503604 0.320704 0.168232 0.073065 0.024851 0.006055 0.000887 0.000065 0.000003 0.000000 0.000000 0.000000 0.000000 0.000000 0.000000 0.000000 0.000000 0.000000 0.000000 
0.000000 0.000000 0.000000 0.000000 0.000000 0.000000 0.000000 0.000000 0.000000 0.000000 0.000004 0.000097 0.001365 0.009265 0.038070 0.113386 0.268642 0.536507 0.919729 1.374381 1.674345 1.374382 0.919729 0.536507 0.268642 0.113386 0.038070 0.009265 0.001365 0.000097 0.000004 0.000000 0.000000 0.000000 0.000000 0.000000 0.000000 0.000000 0.000000 0.000000 
0.000000 0.000000 0.000000 0.000000 0.000000 0.000000 0.000000 0.000000 0.000000 0.000004 0.000110 0.001672 0.011716 0.049219 0.149687 0.363233 0.746295 1.332816 2.119794 2.978441 3.622820 2.978441 2.119794 1.332816 0.746295 0.363233 0.149687 0.049219 0.011716 0.001672 0.000110 0.000004 0.000000 0.000000 0.000000 0.000000 0.000000 0.000000 0.000000 0.000000 
0.000000 0.000000 0.000000 0.000000 0.000000 0.000000 0.000000 0.000000 0.000003 0.000097 0.001672 0.012630 0.055559 0.174663 0.435707 0.917773 1.682912 2.759266 4.075411 5.505870 6.530686 5.505870 4.075411 2.759266 1.682912 0.917773 0.435707 0.174663 0.055559 0.012630 0.001672 0.000097 0.000003 0.000000 0.000000 0.000000 0.000000 0.000000 0.000000 0.000000 
0.000000 0.000000 0.000000 0.000000 0.000000 0.000000 0.000000 0.000002 0.000065 0.001365 0.011716 0.055559 0.183537 0.474780 1.028937 1.933054 3.239938 4.911115 6.875320 8.863354 10.512669 8.863354 6.875320 4.911115 3.239938 1.933054 1.028937 0.474780 0.183537 0.055559 0.011716 0.001365 0.000065 0.000002 0.000000 0.000000 0.000000 0.000000 0.000000 0.000000 
0.000000 0.000000 0.000000 0.000000 0.000000 0.000000 0.000001 0.000033 0.000887 0.009265 0.049219 0.174663 0.474780 1.067318 2.062651 3.535735 5.469952 7.817286 10.390924 13.063578 15.255677 13.063579 10.390922 7.817286 5.469952 3.535735 2.062651 1.067318 0.474780 0.174663 0.049219 0.009265 0.000887 0.000033 0.000001 0.000000 0.000000 0.000000 0.000000 0.000000 
0.000000 0.000000 0.000000 0.000000 0.000000 0.000000 0.000012 0.000433 0.006055 0.038070 0.149687 0.435707 1.028937 2.062651 3.635368 5.749059 8.368774 11.342562 14.602540 17.784409 20.895773 17.784409 14.602540 11.342562 8.368774 5.749059 3.635369 2.062651 1.028937 0.435707 0.149687 0.038070 0.006055 0.000433 0.000012 0.000000 0.000000 0.000000 0.000000 0.000000 
0.000000 0.000000 0.000000 0.000000 0.000000 0.000003 0.000146 0.003069 0.024851 0.113386 0.363233 0.917773 1.933054 3.535735 5.749059 8.550380 11.800770 15.450038 19.237545 23.135715 26.927599 23.135715 19.237545 15.450038 11.800770 8.550380 5.749060 3.535735 1.933054 0.917773 0.363233 0.113386 0.024851 0.003069 0.000146 0.000003 0.000000 0.000000 0.000000 0.000000 
0.000000 0.000000 0.000000 0.000000 0.000001 0.000032 0.001068 0.012805 0.073065 0.268642 0.746295 1.682912 3.239938 5.469953 8.368774 11.800770 15.721045 19.900934 24.385202 28.659199 33.656773 28.659199 24.385201 19.900932 15.721045 11.800770 8.368774 5.469952 3.239938 1.682912 0.746295 0.268642 0.073065 0.012805 0.001068 0.000032 0.000001 0.000000 0.000000 0.000000 
0.000000 0.000000 0.000000 0.000000 0.000004 0.000211 0.004571 0.037182 0.168232 0.536507 1.332816 2.759266 4.911115 7.817286 11.342562 15.450038 19.900934 24.759064 29.671473 34.741276 40.505867 34.741272 29.671474 24.759064 19.900930 15.450038 11.342562 7.817286 4.911115 2.759266 1.332816 0.536507 0.168232 0.037182 0.004571 0.000211 0.000004 0.000000 0.000000 0.000000 
0.000000 0.000000 0.000000 0.000000 0.000021 0.000865 0.012818 0.081196 0.320704 0.919729 2.119794 4.075411 6.875320 10.390923 14.602540 19.237545 24.385201 29.671473 35.382301 40.929993 48.214775 40.929996 35.382301 29.671474 24.385201 19.237545 14.602540 10.390923 6.875320 4.075411 2.119794 0.919729 0.320704 0.081196 0.012818 0.000865 0.000021 0.000000 0.000000 0.000000 
0.000000 0.000000 0.000000 0.000001 0.000062 0.002129 0.024595 0.139910 0.503604 1.374381 2.978441 5.505870 8.863354 13.063578 17.784409 23.135714 28.659203 34.741276 40.929993 47.590759 56.272369 47.590759 40.929996 34.741272 28.659203 23.135714 17.784409 13.063578 8.863354 5.505870 2.978441 1.374381 0.503604 0.139910 0.024595 0.002129 0.000062 0.000001 0.000000 0.000000 
0.000000 0.000000 0.000000 0.000002 0.000094 0.002958 0.033652 0.176274 0.635047 1.674345 3.622820 6.530685 10.512669 15.255677 20.895773 26.927597 33.656773 40.505867 48.214775 56.272369 68.028183 56.272369 48.214779 40.505867 33.656773 26.927597 20.895773 15.255679 10.512670 6.530686 3.622820 1.674345 0.635047 0.176274 0.033652 0.002958 0.000094 0.000002 0.000000 0.000000 
0.000000 0.000000 0.000000 0.000001 0.000062 0.002129 0.024595 0.139910 0.503604 1.374381 2.978441 5.505870 8.863353 13.063579 17.784409 23.135714 28.659203 34.741272 40.929996 47.590759 56.272369 47.590759 40.929996 34.741272 28.659203 23.135714 17.784409 13.063578 8.863354 5.505870 2.978441 1.374381 0.503604 0.139910 0.024595 0.002129 0.000062 0.000001 0.000000 0.000000 
0.000000 0.000000 0.000000 0.000000 0.000021 0.000865 0.012818 0.081196 0.320704 0.919729 2.119794 4.075411 6.875320 10.390922 14.602540 19.237545 24.385197 29.671474 35.382298 40.929996 48.214779 40.929996 35.382298 29.671474 24.385201 19.237545 14.602540 10.390923 6.875320 4.075411 2.119794 0.919729 0.320704 0.081196 0.012818 0.000865 0.000021 0.000000 0.000000 0.000000 
0.000000 0.000000 0.000000 0.000000 0.000004 0.000211 0.004571 0.037182 0.168232 0.536507 1.332816 2.759266 4.911115 7.817286 11.342562 15.450038 19.900930 24.759064 29.671474 34.741272 40.505867 34.741272 29.671474 24.759064 19.900932 15.450038 11.342562 7.817286 4.911115 2.759266 1.332816 0.536507 0.168232 0.037182 0.004571 0.000211 0.000004 0.000000 0.000000 0.000000 
0.000000 0.000000 0.000000 0.000000 0.000001 0.000032 0.001068 0.012805 0.073065 0.268642 0.746295 1.682912 3.239938 5.469952 8.368774 11.800769 15.721045 19.900930 24.385201 28.659203 33.656773 28.659203 24.385201 19.900932 15.721045 11.800770 8.368774 5.469952 3.239938 1.682912 0.746295 0.268642 0.073065 0.012805 0.001068 0.000032 0.000001 0.000000 0.000000 0.000000 
0.000000 0.000000 0.000000 0.000000 0.000000 0.000003 0.000146 0.003069 0.024851 0.113386 0.363233 0.917773 1.933054 3.535735 5.749059 8.550380 11.800769 15.450038 19.237545 23.135714 26.927595 23.135714 19.237545 15.450038 11.800770 8.550381 5.749060 3.535735 1.933054 0.917773 0.363233 0.113386 0.024851 0.003069 0.000146 0.000003 0.000000 0.000000 0.000000 0.000000 
0.000000 0.000000 0.000000 0.000000 0.000000 0.000000 0.000012 0.000433 0.006055 0.038070 0.149687 0.435707 1.028937 2.062651 3.635368 5.749059 8.368774 11.342562 14.602540 17.784409 20.895773 17.784409 14.602540 11.342562 8.368774 5.749060 3.635369 2.062652 1.028937 0.435707 0.149687 0.038070 0.006055 0.000433 0.000012 0.000000 0.000000 0.000000 0.000000 0.000000 
0.000000 0.000000 0.000000 0.000000 0.000000 0.000000 0.000001 0.000033 0.000887 0.009265 0.049219 0.174663 0.474780 1.067318 2.062651 3.535735 5.469952 7.817286 10.390923 13.063579 15.255679 13.063578 10.390923 7.817286 5.469952 3.535735 2.062652 1.067318 0.474780 0.174663 0.049219 0.009265 0.000887 0.000033 0.000001 0.000000 0.000000 0.000000 0.000000 0.000000 
0.000000 0.000000 0.000000 0.000000 0.000000 0.000000 0.000000 0.000002 0.000065 0.001365 0.011716 0.055559 0.183537 0.474780 1.028937 1.933054 3.239938 4.911115 6.875320 8.863354 10.512668 8.863354 6.875320 4.911115 3.239938 1.933054 1.028937 0.474780 0.183537 0.055559 0.011716 0.001365 0.000065 0.000002 0.000000 0.000000 0.000000 0.000000 0.000000 0.000000 
0.000000 0.000000 0.000000 0.000000 0.000000 0.000000 0.000000 0.000000 0.000003 0.000097 0.001672 0.012630 0.055559 0.174663 0.435707 0.917773 1.682912 2.759266 4.075411 5.505870 6.530686 5.505870 4.075411 2.759266 1.682912 0.917773 0.435707 0.174663 0.055559 0.012630 0.001672 0.000097 0.000003 0.000000 0.000000 0.000000 0.000000 0.000000 0.000000 0.000000 
0.000000 0.000000 0.000000 0.000000 0.000000 0.000000 0.000000 0.000000 0.000000 0.000004 0.000110 0.001672 0.011716 0.049219 0.149687 0.363233 0.746295 1.332816 2.119794 2.978441 3.622820 2.978441 2.119794 1.332816 0.746295 0.363233 0.149687 0.049219 0.011716 0.001672 0.000110 0.000004 0.000000 0.000000 0.000000 0.000000 0.000000 0.000000 0.000000 0.000000 
0.000000 0.000000 0.000000 0.000000 0.000000 0.000000 0.000000 0.000000 0.000000 0.000000 0.000004 0.000097 0.001365 0.009265 0.038070 0.113386 0.268642 0.536507 0.919729 1.374382 1.674345 1.374381 0.919729 0.536507 0.268642 0.113386 0.038070 0.009265 0.001365 0.000097 0.000004 0.000000 0.000000 0.000000 0.000000 0.000000 0.000000 0.000000 0.000000 0.000000 
0.000000 0.000000 0.000000 0.000000 0.000000 0.000000 0.000000 0.000000 0.000000 0.000000 0.000000 0.000003 0.000065 0.000887 0.006055 0.024851 0.073065 0.168232 0.320704 0.503604 0.635047 0.503604 0.320704 0.168232 0.073065 0.024851 0.006055 0.000887 0.000065 0.000003 0.000000 0.000000 0.000000 0.000000 0.000000 0.000000 0.000000 0.000000 0.000000 0.000000 
0.000000 0.000000 0.000000 0.000000 0.000000 0.000000 0.000000 0.000000 0.000000 0.000000 0.000000 0.000000 0.000002 0.000033 0.000433 0.003069 0.012805 0.037182 0.081196 0.139910 0.176274 0.139910 0.081196 0.037182 0.012805 0.003069 0.000433 0.000033 0.000002 0.000000 0.000000 0.000000 0.000000 0.000000 0.000000 0.000000 0.000000 0.000000 0.000000 0.000000 
0.000000 0.000000 0.000000 0.000000 0.000000 0.000000 0.000000 0.000000 0.000000 0.000000 0.000000 0.000000 0.000000 0.000001 0.000012 0.000146 0.001068 0.004571 0.012818 0.024595 0.033652 0.024595 0.012818 0.004571 0.001068 0.000146 0.000012 0.000001 0.000000 0.000000 0.000000 0.000000 0.000000 0.000000 0.000000 0.000000 0.000000 0.000000 0.000000 0.000000 
0.000000 0.000000 0.000000 0.000000 0.000000 0.000000 0.000000 0.000000 0.000000 0.000000 0.000000 0.000000 0.000000 0.000000 0.000000 0.000003 0.000032 0.000211 0.000865 0.002129 0.002958 0.002129 0.000865 0.000211 0.000032 0.000003 0.000000 0.000000 0.000000 0.000000 0.000000 0.000000 0.000000 0.000000 0.000000 0.000000 0.000000 0.000000 0.000000 0.000000 
0.000000 0.000000 0.000000 0.000000 0.000000 0.000000 0.000000 0.000000 0.000000 0.000000 0.000000 0.000000 0.000000 0.000000 0.000000 0.000000 0.000001 0.000004 0.000021 0.000062 0.000094 0.000062 0.000021 0.000004 0.000001 0.000000 0.000000 0.000000 0.000000 0.000000 0.000000 0.000000 0.000000 0.000000 0.000000 0.000000 0.000000 0.000000 0.000000 0.000000 
0.000000 0.000000 0.000000 0.000000 0.000000 0.000000 0.000000 0.000000 0.000000 0.000000 0.000000 0.000000 0.000000 0.000000 0.000000 0.000000 0.000000 0.000000 0.000000 0.000001 0.000002 0.000001 0.000000 0.000000 0.000000 0.000000 0.000000 0.000000 0.000000 0.000000 0.000000 0.000000 0.000000 0.000000 0.000000 0.000000 0.000000 0.000000 0.000000 0.000000 
0.000000 0.000000 0.000000 0.000000 0.000000 0.000000 0.000000 0.000000 0.000000 0.000000 0.000000 0.000000 0.000000 0.000000 0.000000 0.000000 0.000000 0.000000 0.000000 0.000000 0.000000 0.000000 0.000000 0.000000 0.000000 0.000000 0.000000 0.000000 0.000000 0.000000 0.000000 0.000000 0.000000 0.000000 0.000000 0.000000 0.000000 0.000000 0.000000 0.000000 
0.000000 0.000000 0.000000 0.000000 0.000000 0.000000 0.000000 0.000000 0.000000 0.000000 0.000000 0.000000 0.000000 0.000000 0.000000 0.000000 0.000000 0.000000 0.000000 0.000000 0.000000 0.000000 0.000000 0.000000 0.000000 0.000000 0.000000 0.000000 0.000000 0.000000 0.000000 0.000000 0.000000 0.000000 0.000000 0.000000 0.000000 0.000000 0.000000 0.000000 
