0.000000 0.000000 0.000000 0.000000 0.000000 0.000000 0.000000 0.000000 0.000000 0.000000 0.000000 0.000000 0.000003 0.000058 0.000873 0.007817 0.042058 0.156419 0.440241 0.939047 2.997355 0.939049 0.440242 0.156421 0.042199 0.007820 0.000873 0.000058 0.000003 0.000000 0.000000 0.000000 0.000000 0.000000 0.000000 0.000000 0.000000 0.000000 0.000000 0.000000 
0.000000 0.000000 0.000000 0.000000 0.000000 0.000000 0.000000 0.000000 0.000000 0.000000 0.000001 0.000009 0.000130 0.001168 0.006806 0.028854 0.097507 0.272797 0.643226 1.236835 3.337803 1.236882 0.643232 0.272798 0.097510 0.028854 0.006806 0.001168 0.000130 0.000010 0.000001 0.000000 0.000000 0.000000 0.000000 0.000000 0.000000 0.000000 0.000000 0.000000 
0.000000 0.000000 0.000000 0.000000 0.000000 0.000000 0.000000 0.000000 0.000000 0.000001 0.000024 0.000338 0.002654 0.012378 0.041572 0.113908 0.272549 0.583989 1.125840 1.886963 4.045129 1.888087 1.125934 0.583996 0.272549 0.113908 0.041572 0.012378 0.002654 0.000339 0.000024 0.000001 0.000000 0.000000 0.000000 0.000000 0.000000 0.000000 0.000000 0.000000 
0.000000 0.000000 0.000000 0.000000 0.000000 0.000000 0.000000 0.000000 0.000002 0.000049 0.000689 0.004976 0.021772 0.068084 0.170818 0.368730 0.714289 1.267245 2.070034 3.041874 5.245143 3.066956 2.071199 1.267298 0.714291 0.368730 0.170818 0.068084 0.021772 0.004996 0.000690 0.000049 0.000002 0.000000 0.000000 0.000000 0.000000 0.000000 0.000000 0.000000 
0.000000 0.000000 0.000000 0.000000 0.000000 0.000000 0.000000 0.000003 0.000081 0.001122 0.007769 0.032825 0.100830 0.248376 0.521269 0.968629 1.635692 2.548952 3.698182 4.958645 7.138450 4.965337 3.698925 2.549011 1.635696 0.968629 0.521269 0.248377 0.100832 0.032852 0.007771 0.001122 0.000081 0.000003 0.000000 0.000000 0.000000 0.000000 0.000000 0.000000 
0.000000 0.000000 0.000000 0.000000 0.000000 0.000000 0.000004 0.000107 0.001519 0.010399 0.043579 0.132650 0.328834 0.689880 1.274796 2.124290 3.248918 4.622994 6.169852 7.659332 9.883739 7.747661 6.175518 4.623328 3.248938 2.124291 1.274798 0.689893 0.328863 0.133461 0.043607 0.010401 0.001519 0.000107 0.000004 0.000000 0.000000 0.000000 0.000000 0.000000 
0.000000 0.000000 0.000000 0.000000 0.000000 0.000004 0.000118 0.001758 0.012280 0.052096 0.160942 0.399804 0.844664 1.568675 2.619979 4.002617 5.678019 7.568019 9.562720 11.453342 13.626943 11.461390 9.563916 7.568147 5.678030 4.002623 2.620015 1.568888 0.844699 0.399833 0.160944 0.052102 0.012280 0.001758 0.000118 0.000004 0.000000 0.000000 0.000000 0.000000 
0.000000 0.000000 0.000000 0.000000 0.000003 0.000107 0.001758 0.012961 0.056763 0.179077 0.452364 0.967246 1.812451 3.043909 4.678441 6.663832 8.920899 11.345946 13.795189 16.042738 18.306526 16.073452 13.800159 11.346499 8.920954 6.663888 4.678870 3.047605 1.812871 0.967281 0.452378 0.179223 0.056779 0.012962 0.001758 0.000107 0.000003 0.000000 0.000000 0.000000 
0.000000 0.000000 0.000000 0.000002 0.000081 0.001519 0.012280 0.056763 0.185333 0.476703 1.045456 1.985522 3.366812 5.153663 7.466828 10.063767 12.895237 15.842306 18.744740 21.091808 23.840788 21.433929 18.775522 15.844836 12.895501 10.064257 7.470603 5.212626 3.370511 1.985744 1.045615 0.480261 0.185625 0.056779 0.012280 0.001519 0.000081 0.000002 0.000000 0.000000 
0.000000 0.000000 0.000001 0.000049 0.001121 0.010400 0.052096 0.179077 0.476702 1.072222 2.075111 3.570377 5.577337 8.054028 10.931774 14.107378 17.484236 20.945211 24.330729 27.395086 30.093277 27.425493 24.335655 20.945873 17.485054 14.110714 10.932980 8.057847 5.577785 3.570471 2.075145 1.072526 0.480261 0.179223 0.052102 0.010401 0.001122 0.000049 0.000001 0.000000 
0.000000 0.000001 0.000024 0.000689 0.007739 0.043606 0.160943 0.452363 1.045430 2.074872 3.637905 5.761887 8.412780 11.511508 14.965287 18.656134 22.576439 26.516493 30.364716 33.840576 36.872272 33.843098 30.365358 26.517365 22.582975 18.694197 14.972190 11.512631 8.413083 5.762790 3.638110 2.075145 1.045615 0.452378 0.160945 0.043608 0.007772 0.000690 0.000025 0.000001 
0.000000 0.000010 0.000339 0.004996 0.032852 0.133461 0.399827 0.967241 1.985252 3.566217 5.760568 8.519184 11.799938 15.480196 19.442982 23.314804 28.035131 32.453884 36.702492 40.576771 43.939114 40.577366 36.703087 32.457638 28.074495 23.717167 19.486071 15.484933 11.802177 8.531878 5.762790 3.570473 1.985749 0.967294 0.399856 0.133493 0.032887 0.005025 0.000353 0.000013 
0.000003 0.000130 0.002654 0.021772 0.100831 0.328853 0.844617 1.812619 3.366366 5.512771 8.396346 11.637731 15.640705 19.865767 24.321665 29.024218 33.847015 38.627220 43.250923 47.414574 51.177982 47.418091 43.253120 38.631981 33.866711 29.075489 24.382982 19.877474 15.655072 11.802181 8.413098 5.577833 3.370641 1.813145 0.845170 0.329518 0.101568 0.022414 0.003044 0.000282 
0.000058 0.001168 0.012378 0.068084 0.248367 0.689756 1.567497 3.047431 5.212127 8.053556 11.510191 15.470626 19.865713 24.546394 29.027643 34.599518 39.721100 44.920845 49.829342 54.251266 58.303471 54.286297 49.843140 44.947533 39.838387 34.680710 29.565002 24.602495 19.877489 15.484990 11.512785 8.058290 5.213731 3.049976 1.573050 0.695788 0.255094 0.074221 0.016767 0.003777 
0.000873 0.006806 0.041571 0.170814 0.521201 1.273410 2.594440 4.677465 7.470430 10.932395 14.970716 19.475460 24.328665 29.544266 34.878101 40.297787 44.956474 51.135067 56.325748 60.724586 65.170807 60.955917 56.394604 51.257668 45.903084 40.419868 34.945995 29.565052 24.383232 19.486443 14.973152 10.935427 7.476409 4.691043 2.641411 1.305372 0.556576 0.204224 0.068241 0.027030 
0.007820 0.028851 0.113856 0.368725 0.968618 2.124151 4.001224 6.663672 10.063655 14.107728 18.688683 23.663990 28.552906 34.625862 40.404919 46.177692 51.784973 57.420643 62.460758 65.621193 71.420387 67.392311 62.737019 57.490753 51.926018 46.211327 40.420021 34.681072 29.076372 23.719177 18.698690 14.120812 10.085990 6.706731 4.076029 2.229348 1.092327 0.490662 0.219845 0.120590 
0.042198 0.097458 0.270980 0.714209 1.635686 3.248905 5.677910 8.920383 12.890508 17.454117 22.576300 28.061411 33.803219 39.824543 45.892605 51.874897 57.629852 63.393234 68.512520 71.473808 77.338104 73.438332 68.829895 63.483341 57.833351 51.926319 45.903751 39.840000 33.870449 28.082619 22.599039 17.517416 12.958259 9.035241 5.865424 3.514614 1.955063 1.043984 0.580570 0.386930 
0.156421 0.272791 0.583885 1.266576 2.548898 4.622987 7.567902 11.343954 15.814079 20.605753 26.483479 32.433399 38.526886 44.922733 51.231201 57.296474 62.041592 68.988297 74.342224 78.573631 82.891716 79.140808 74.519875 69.209877 63.484406 57.492313 51.259968 44.953251 38.644299 32.482857 26.563805 21.030500 15.994194 11.597111 7.956448 5.161037 3.202000 1.968895 1.279921 0.964907 
0.440240 0.643201 1.125220 2.055017 3.697569 6.169875 9.563217 13.799598 18.770636 24.303915 30.349735 36.602577 42.384335 49.742546 56.379704 62.694641 68.638329 74.427368 79.491966 82.230026 87.674904 84.357452 79.827812 74.524033 68.836830 62.745121 56.409767 49.861584 43.288654 36.770042 30.482000 24.532829 19.096449 14.299430 10.292850 7.150500 4.878078 3.369765 2.471614 2.033001 
0.939049 1.236879 1.888016 3.065969 4.959710 7.659563 11.455869 16.073599 21.435846 27.423149 33.839626 40.556580 47.318600 54.261776 60.964542 67.422424 73.457176 79.145157 84.316277 88.644829 92.239258 88.953056 84.404457 79.170837 73.486641 67.439064 60.991428 54.328926 47.502773 40.725151 34.085667 27.808727 22.015236 16.911587 12.606821 9.205343 6.681355 4.956003 3.884008 3.346456 
2.997355 3.337807 4.045221 5.246238 7.138545 9.883799 13.627498 18.311501 23.871672 30.098000 36.872272 43.936371 51.169071 58.313519 65.236122 71.696373 77.648117 83.044281 87.991287 92.281334 95.209099 92.323891 88.008568 83.051804 77.668564 71.774101 65.458656 58.796261 52.024426 45.262913 38.762253 32.644951 27.145752 22.378372 18.501619 15.518552 13.387682 11.951942 11.073663 10.630237 
0.939049 1.236883 1.888093 3.067004 4.965342 7.747671 11.461454 16.074003 21.436440 27.426014 33.843109 40.577061 47.417446 54.288506 60.969776 67.430481 73.483513 79.169678 84.404472 88.964661 92.325294 88.970360 84.407402 79.171280 73.486687 67.439079 60.991436 54.328926 47.502773 40.725155 34.085667 27.808729 22.015236 16.911587 12.606821 9.205342 6.681355 4.956003 3.884008 3.346456 
0.440242 0.643232 1.125934 2.071202 3.698925 6.175519 9.563926 13.800211 18.775713 24.335701 30.365358 36.703056 43.253098 49.843578 56.397560 62.741779 68.835861 74.524529 79.834473 84.406715 88.008987 84.407433 79.834953 74.525002 68.836952 62.745136 56.409775 49.861584 43.288658 36.770039 30.481998 24.532829 19.096449 14.299431 10.292850 7.150500 4.878078 3.369765 2.471614 2.033001 
0.156421 0.272798 0.583996 1.267298 2.549011 4.623328 7.568147 11.346504 15.844852 20.945877 26.517365 32.457638 38.631985 44.947594 51.257935 57.491360 63.484146 69.210548 74.524918 79.171188 83.051895 79.171288 74.525002 69.210701 63.484547 57.492332 51.259972 44.953251 38.644299 32.482857 26.563805 21.030500 15.994194 11.597111 7.956448 5.161037 3.202001 1.968895 1.279921 0.964907 
0.042199 0.097510 0.272549 0.714291 1.635696 3.248938 5.678030 8.920954 12.895503 17.485054 22.582975 28.074495 33.866714 39.838394 45.903111 51.926102 57.833511 63.484516 68.836945 73.486679 77.668579 73.486687 68.836952 63.484547 57.833706 51.926353 45.903755 39.840000 33.870449 28.082617 22.599039 17.517418 12.958260 9.035241 5.865424 3.514614 1.955063 1.043984 0.580570 0.386930 
0.007820 0.028854 0.113908 0.368730 0.968629 2.124291 4.002623 6.663888 10.064258 14.110714 18.694197 23.717167 29.075489 34.680710 40.419872 46.211334 51.926331 57.492329 62.745132 67.439072 71.774101 67.439079 62.745136 57.492332 51.926353 46.211380 40.420025 34.681072 29.076372 23.719177 18.698690 14.120812 10.085990 6.706731 4.076029 2.229348 1.092327 0.490662 0.219845 0.120590 
0.000873 0.006806 0.041572 0.170818 0.521269 1.274799 2.620015 4.678870 7.470602 10.932981 14.972190 19.486069 24.382982 29.565002 34.945995 40.420021 45.903755 51.259972 56.409767 60.991428 65.458656 60.991436 56.409775 51.259972 45.903755 40.420025 34.946022 29.565062 24.383232 19.486443 14.973152 10.935427 7.476409 4.691043 2.641411 1.305372 0.556576 0.204224 0.068241 0.027030 
0.000058 0.001168 0.012378 0.068084 0.248377 0.689893 1.568888 3.047605 5.212626 8.057848 11.512631 15.484933 19.877474 24.602495 29.565058 34.681072 39.840000 44.953251 49.861584 54.328926 58.796261 54.328926 49.861584 44.953251 39.840000 34.681072 29.565062 24.602503 19.877489 15.484990 11.512785 8.058290 5.213731 3.049976 1.573050 0.695788 0.255094 0.074221 0.016767 0.003777 
0.000003 0.000130 0.002654 0.021772 0.100832 0.328863 0.844699 1.812871 3.370511 5.577785 8.413082 11.802178 15.655072 19.877489 24.383232 29.076370 33.870449 38.644299 43.288654 47.502773 52.024426 47.502773 43.288658 38.644299 33.870449 29.076372 24.383232 19.877489 15.655073 11.802181 8.413098 5.577833 3.370642 1.813145 0.845170 0.329518 0.101568 0.022414 0.003044 0.000282 
0.000000 0.000010 0.000339 0.004996 0.032852 0.133461 0.399833 0.967281 1.985744 3.570471 5.762789 8.531878 11.802181 15.484990 19.486441 23.719177 28.082619 32.482857 36.770039 40.725151 45.262913 40.725155 36.770039 32.482857 28.082617 23.719177 19.486443 15.484990 11.802181 8.531878 5.762790 3.570473 1.985750 0.967294 0.399856 0.133493 0.032887 0.005025 0.000353 0.000013 
0.000000 0.000001 0.000024 0.000690 0.007771 0.043607 0.160944 0.452378 1.045615 2.075145 3.638110 5.762790 8.413098 11.512785 14.973152 18.698689 22.599039 26.563805 30.481998 34.085667 38.762253 34.085667 30.481998 26.563805 22.599039 18.698690 14.973152 11.512784 8.413098 5.762790 3.638110 2.075145 1.045615 0.452378 0.160945 0.043608 0.007772 0.000690 0.000025 0.000001 
0.000000 0.000000 0.000001 0.000049 0.001122 0.010401 0.052102 0.179223 0.480261 1.072526 2.075145 3.570473 5.577833 8.058290 10.935427 14.120812 17.517418 21.030502 24.532829 27.808727 32.644951 27.808727 24.532829 21.030500 17.517418 14.120812 10.935427 8.058290 5.577833 3.570473 2.075145 1.072526 0.480261 0.179223 0.052102 0.010401 0.001122 0.000049 0.000001 0.000000 
0.000000 0.000000 0.000000 0.000002 0.000081 0.001519 0.012280 0.056779 0.185625 0.480261 1.045615 1.985750 3.370641 5.213731 7.476409 10.085990 12.958258 15.994194 19.096449 22.015234 27.145748 22.015236 19.096451 15.994194 12.958260 10.085990 7.476409 5.213731 3.370642 1.985750 1.045615 0.480261 0.185625 0.056779 0.012280 0.001519 0.000081 0.000002 0.000000 0.000000 
0.000000 0.000000 0.000000 0.000000 0.000003 0.000107 0.001758 0.012962 0.056779 0.179223 0.452378 0.967294 1.813145 3.049976 4.691043 6.706731 9.035241 11.597111 14.299430 16.911585 22.378372 16.911587 14.299431 11.597111 9.035241 6.706730 4.691043 3.049976 1.813145 0.967294 0.452378 0.179223 0.056779 0.012962 0.001758 0.000107 0.000003 0.000000 0.000000 0.000000 
0.000000 0.000000 0.000000 0.000000 0.000000 0.000004 0.000118 0.001758 0.012280 0.052102 0.160945 0.399856 0.845170 1.573050 2.641411 4.076029 5.865424 7.956448 10.292850 12.606821 18.501617 12.606821 10.292850 7.956448 5.865424 4.076029 2.641411 1.573050 0.845170 0.399856 0.160945 0.052102 0.012280 0.001758 0.000118 0.000004 0.000000 0.000000 0.000000 0.000000 
0.000000 0.000000 0.000000 0.000000 0.000000 0.000000 0.000004 0.000107 0.001519 0.010401 0.043608 0.133493 0.329518 0.695788 1.305372 2.229348 3.514614 5.161038 7.150500 9.205342 15.518551 9.205342 7.150500 5.161037 3.514614 2.229348 1.305372 0.695788 0.329518 0.133493 0.043608 0.010401 0.001519 0.000107 0.000004 0.000000 0.000000 0.000000 0.000000 0.000000 
0.000000 0.000000 0.000000 0.000000 0.000000 0.000000 0.000000 0.000003 0.000081 0.001122 0.007772 0.032887 0.101568 0.255094 0.556576 1.092327 1.955063 3.202001 4.878078 6.681355 13.387682 6.681355 4.878078 3.202000 1.955063 1.092327 0.556576 0.255094 0.101568 0.032887 0.007772 0.001122 0.000081 0.000003 0.000000 0.000000 0.000000 0.000000 0.000000 0.000000 
0.000000 0.000000 0.000000 0.000000 0.000000 0.000000 0.000000 0.000000 0.000002 0.000049 0.000690 0.005025 0.022414 0.074221 0.204224 0.490662 1.043984 1.968895 3.369765 4.956003 11.951942 4.956003 3.369765 1.968895 1.043984 0.490662 0.204224 0.074221 0.022414 0.005025 0.000690 0.000049 0.000002 0.000000 0.000000 0.000000 0.000000 0.000000 0.000000 0.000000 
0.000000 0.000000 0.000000 0.000000 0.000000 0.000000 0.000000 0.000000 0.000000 0.000001 0.000025 0.000353 0.003044 0.016767 0.068241 0.219845 0.580570 1.279921 2.471614 3.884008 11.073663 3.884008 2.471614 1.279921 0.580570 0.219845 0.068241 0.016767 0.003044 0.000353 0.000025 0.000001 0.000000 0.000000 0.000000 0.000000 0.000000 0.000000 0.000000 0.000000 
0.000000 0.000000 0.000000 0.000000 0.000000 0.000000 0.000000 0.000000 0.000000 0.000000 0.000001 0.000013 0.000282 0.003777 0.027030 0.120590 0.386930 0.964907 2.033001 3.346456 10.630237 3.346456 2.033001 0.964907 0.386930 0.120590 0.027030 0.003777 0.000282 0.000013 0.000001 0.000000 0.000000 0.000000 0.000000 0.000000 0.000000 0.000000 0.000000 0.000000 
