0.000000 0.000000 0.000000 0.000000 0.000000 0.000000 0.000000 0.000000 0.000000 0.000000 0.000000 0.000000 0.000000 0.000000 0.000000 0.000000 0.000000 0.000000 0.000000 0.000000 0.000000 0.000000 0.000000 0.000000 0.000000 0.000000 0.000000 0.000000 0.000000 0.000000 0.000000 0.000000 0.000000 0.000000 0.000000 0.000000 0.000000 0.000000 0.000000 0.000000 
0.000000 0.000000 0.000000 0.000000 0.000000 0.000000 0.000000 0.000000 0.000000 0.000000 0.000000 0.000000 0.000000 0.000000 0.000000 0.000000 0.000000 0.000000 0.000000 0.000000 0.000000 0.000000 0.000000 0.000000 0.000000 0.000000 0.000000 0.000000 0.000000 0.000000 0.000000 0.000000 0.000000 0.000000 0.000000 0.000000 0.000000 0.000000 0.000000 0.000000 
0.000000 0.000000 0.000000 0.000000 0.000000 0.000000 0.000000 0.000000 0.000000 0.000000 0.000000 0.000000 0.000000 0.000000 0.000000 0.000000 0.000000 0.000000 0.000000 0.000000 0.000000 0.000000 0.000000 0.000000 0.000000 0.000000 0.000000 0.000000 0.000000 0.000000 0.000000 0.000000 0.000000 0.000000 0.000000 0.000000 0.000000 0.000000 0.000000 0.000000 
0.000000 0.000000 0.000000 0.000000 0.000000 0.000000 0.000000 0.000000 0.000000 0.000000 0.000000 0.000000 0.000000 0.000000 0.000000 0.000000 0.000000 0.000000 0.000000 0.000000 0.000000 0.000000 0.000000 0.000000 0.000000 0.000000 0.000000 0.000000 0.000000 0.000000 0.000000 0.000000 0.000000 0.000000 0.000000 0.000000 0.000000 0.000000 0.000000 0.000000 
0.000000 0.000000 0.000000 0.000000 0.000000 0.000000 0.000000 0.000000 0.000000 0.000000 0.000000 0.000000 0.000000 0.000000 0.000000 0.000000 0.000000 0.000000 0.000000 0.000000 0.000000 0.000000 0.000000 0.000000 0.000000 0.000000 0.000000 0.000000 0.000000 0.000000 0.000000 0.000000 0.000000 0.000000 0.000000 0.000000 0.000000 0.000000 0.000000 0.000000 
0.000000 0.000000 0.000000 0.000000 0.000000 0.000000 0.000000 0.000000 0.000000 0.000000 0.000000 0.000000 0.000000 0.000000 0.000000 0.000000 0.000000 0.000000 0.000000 0.000000 0.000000 0.000000 0.000000 0.000000 0.000000 0.000000 0.000000 0.000000 0.000000 0.000000 0.000000 0.000000 0.000000 0.000000 0.000000 0.000000 0.000000 0.000000 0.000000 0.000000 
0.000000 0.000000 0.000000 0.000000 0.000000 0.000000 0.000000 0.000000 0.000000 0.000000 0.000000 0.000000 0.000000 0.000000 0.000000 0.000000 0.000000 0.000001 0.000004 0.000015 0.000026 0.000015 0.000004 0.000001 0.000000 0.000000 0.000000 0.000000 0.000000 0.000000 0.000000 0.000000 0.000000 0.000000 0.000000 0.000000 0.000000 0.000000 0.000000 0.000000 
0.000000 0.000000 0.000000 0.000000 0.000000 0.000000 0.000000 0.000000 0.000000 0.000000 0.000000 0.000000 0.000000 0.000000 0.000000 0.000000 0.000004 0.000038 0.000213 0.000675 0.001071 0.000675 0.000213 0.000038 0.000004 0.000000 0.000000 0.000000 0.000000 0.000000 0.000000 0.000000 0.000000 0.000000 0.000000 0.000000 0.000000 0.000000 0.000000 0.000000 
0.000000 0.000000 0.000000 0.000000 0.000000 0.000000 0.000000 0.000000 0.000000 0.000000 0.000000 0.000000 0.000000 0.000000 0.000001 0.000017 0.000191 0.001261 0.004834 0.011153 0.017511 0.011153 0.004834 0.001261 0.000191 0.000017 0.000001 0.000000 0.000000 0.000000 0.000000 0.000000 0.000000 0.000000 0.000000 0.000000 0.000000 0.000000 0.000000 0.000000 
0.000000 0.000000 0.000000 0.000000 0.000000 0.000000 0.000000 0.000000 0.000000 0.000000 0.000000 0.000000 0.000000 0.000002 0.000045 0.000566 0.003754 0.014815 0.039353 0.079456 0.105497 0.079456 0.039353 0.014815 0.003754 0.000566 0.000045 0.000002 0.000000 0.000000 0.000000 0.000000 0.000000 0.000000 0.000000 0.000000 0.000000 0.000000 0.000000 0.000000 
0.000000 0.000000 0.000000 0.000000 0.000000 0.000000 0.000000 0.000000 0.000000 0.000000 0.000000 0.000000 0.000004 0.000083 0.001110 0.007280 0.029062 0.081793 0.182217 0.318685 0.435400 0.318685 0.182217 0.081793 0.029062 0.007280 0.001110 0.000083 0.000004 0.000000 0.000000 0.000000 0.000000 0.000000 0.000000 0.000000 0.000000 0.000000 0.000000 0.000000 
0.000000 0.000000 0.000000 0.000000 0.000000 0.000000 0.000000 0.000000 0.000000 0.000000 0.000000 0.000004 0.000112 0.001597 0.010694 0.043591 0.127225 0.297792 0.573626 0.954091 1.233417 0.954092 0.573626 0.297792 0.127225 0.043591 0.010694 0.001597 0.000112 0.000004 0.000000 0.000000 0.000000 0.000000 0.000000 0.000000 0.000000 0.000000 0.000000 0.000000 
0.000000 0.000000 0.000000 0.000000 0.000000 0.000000 0.000000 0.000000 0.000000 0.000000 0.000004 0.000112 0.001792 0.012774 0.054264 0.164405 0.399225 0.807828 1.432478 2.186684 2.877369 2.186685 1.432478 0.807828 0.399225 0.164405 0.054264 0.012774 0.001792 0.000112 0.000004 0.000000 0.000000 0.000000 0.000000 0.000000 0.000000 0.000000 0.000000 0.000000 
0.000000 0.000000 0.000000 0.000000 0.000000 0.000000 0.000000 0.000000 0.000000 0.000002 0.000083 0.001597 0.012774 0.058166 0.185106 0.467347 0.981821 1.805899 2.911959 4.276141 5.403429 4.276141 2.911959 1.805899 0.981821 0.467347 0.185106 0.058166 0.012774 0.001597 0.000083 0.000002 0.000000 0.000000 0.000000 0.000000 0.000000 0.000000 0.000000 0.000000 
0.000000 0.000000 0.000000 0.000000 0.000000 0.000000 0.000000 0.000000 0.000001 0.000045 0.001110 0.010694 0.054264 0.185106 0.491222 1.073547 2.039683 3.402706 5.182094 7.106112 9.082446 7.106112 5.182093 3.402706 2.039683 1.073547 0.491222 0.185106 0.054264 0.010694 0.001110 0.000045 0.000001 0.000000 0.000000 0.000000 0.000000 0.000000 0.000000 0.000000 
0.000000 0.000000 0.000000 0.000000 0.000000 0.000000 0.000000 0.000000 0.000017 0.000566 0.007280 0.043591 0.164405 0.467347 1.073547 2.118907 3.648157 5.708080 8.095998 10.835665 13.425636 10.835665 8.095998 5.708080 3.648157 2.118907 1.073547 0.467347 0.164405 0.043591 0.007280 0.000566 0.000017 0.000000 0.000000 0.000000 0.000000 0.000000 0.000000 0.000000 
0.000000 0.000000 0.000000 0.000000 0.000000 0.000000 0.000000 0.000004 0.000191 0.003754 0.029062 0.127225 0.399225 0.981821 2.039683 3.648157 5.879045 8.566360 11.762551 14.964408 18.858685 14.964408 11.762550 8.566360 5.879045 3.648157 2.039683 0.981821 0.399225 0.127225 0.029062 0.003754 0.000191 0.000004 0.000000 0.000000 0.000000 0.000000 0.000000 0.000000 
0.000000 0.000000 0.000000 0.000000 0.000000 0.000000 0.000001 0.000038 0.001261 0.014815 0.081793 0.297792 0.807828 1.805899 3.402706 5.708080 8.566360 12.053658 15.763647 19.949497 24.642527 19.949497 15.763648 12.053658 8.566360 5.708080 3.402706 1.805899 0.807828 0.297792 0.081793 0.014815 0.001261 0.000038 0.000001 0.000000 0.000000 0.000000 0.000000 0.000000 
0.000000 0.000000 0.000000 0.000000 0.000000 0.000000 0.000004 0.000213 0.004834 0.039353 0.182217 0.573626 1.432478 2.911959 5.182094 8.095998 11.762550 15.763647 20.429476 25.173864 31.861162 25.173866 20.429476 15.763648 11.762550 8.095998 5.182094 2.911959 1.432478 0.573626 0.182217 0.039353 0.004834 0.000213 0.000004 0.000000 0.000000 0.000000 0.000000 0.000000 
0.000000 0.000000 0.000000 0.000000 0.000000 0.000000 0.000015 0.000675 0.011153 0.079456 0.318685 0.954091 2.186684 4.276141 7.106112 10.835665 14.964410 19.949497 25.173864 31.477478 40.608685 31.477478 25.173866 19.949497 14.964410 10.835665 7.106112 4.276141 2.186684 0.954092 0.318685 0.079456 0.011153 0.000675 0.000015 0.000000 0.000000 0.000000 0.000000 0.000000 
0.000000 0.000000 0.000000 0.000000 0.000000 0.000000 0.000026 0.001071 0.017511 0.105497 0.435401 1.233417 2.877370 5.403429 9.082446 13.425637 18.858685 24.642527 31.861162 40.608685 58.082146 40.608685 31.861162 24.642527 18.858686 13.425637 9.082446 5.403429 2.877370 1.233417 0.435401 0.105497 0.017511 0.001071 0.000026 0.000000 0.000000 0.000000 0.000000 0.000000 
0.000000 0.000000 0.000000 0.000000 0.000000 0.000000 0.000015 0.000675 0.011153 0.079456 0.318685 0.954092 2.186685 4.276141 7.106112 10.835665 14.964410 19.949497 25.173866 31.477478 40.608685 31.477478 25.173866 19.949497 14.964410 10.835665 7.106112 4.276141 2.186684 0.954092 0.318685 0.079456 0.011153 0.000675 0.000015 0.000000 0.000000 0.000000 0.000000 0.000000 
0.000000 0.000000 0.000000 0.000000 0.000000 0.000000 0.000004 0.000213 0.004834 0.039353 0.182217 0.573626 1.432478 2.911959 5.182093 8.095998 11.762550 15.763648 20.429476 25.173866 31.861162 25.173866 20.429476 15.763648 11.762550 8.095998 5.182094 2.911959 1.432478 0.573626 0.182217 0.039353 0.004834 0.000213 0.000004 0.000000 0.000000 0.000000 0.000000 0.000000 
0.000000 0.000000 0.000000 0.000000 0.000000 0.000000 0.000001 0.000038 0.001261 0.014815 0.081793 0.297792 0.807828 1.805899 3.402706 5.708080 8.566360 12.053658 15.763648 19.949497 24.642527 19.949497 15.763648 12.053658 8.566360 5.708080 3.402706 1.805899 0.807828 0.297792 0.081793 0.014815 0.001261 0.000038 0.000001 0.000000 0.000000 0.000000 0.000000 0.000000 
0.000000 0.000000 0.000000 0.000000 0.000000 0.000000 0.000000 0.000004 0.000191 0.003754 0.029062 0.127225 0.399225 0.981821 2.039683 3.648157 5.879045 8.566360 11.762550 14.964410 18.858686 14.964410 11.762550 8.566360 5.879045 3.648157 2.039683 0.981821 0.399225 0.127225 0.029062 0.003754 0.000191 0.000004 0.000000 0.000000 0.000000 0.000000 0.000000 0.000000 
0.000000 0.000000 0.000000 0.000000 0.000000 0.000000 0.000000 0.000000 0.000017 0.000566 0.007280 0.043591 0.164405 0.467347 1.073547 2.118907 3.648157 5.708080 8.095998 10.835665 13.425636 10.835665 8.095998 5.708080 3.648157 2.118907 1.073547 0.467347 0.164405 0.043591 0.007280 0.000566 0.000017 0.000000 0.000000 0.000000 0.000000 0.000000 0.000000 0.000000 
0.000000 0.000000 0.000000 0.000000 0.000000 0.000000 0.000000 0.000000 0.000001 0.000045 0.001110 0.010694 0.054264 0.185106 0.491222 1.073547 2.039683 3.402706 5.182093 7.106112 9.082446 7.106112 5.182094 3.402706 2.039683 1.073547 0.491222 0.185106 0.054264 0.010694 0.001110 0.000045 0.000001 0.000000 0.000000 0.000000 0.000000 0.000000 0.000000 0.000000 
0.000000 0.000000 0.000000 0.000000 0.000000 0.000000 0.000000 0.000000 0.000000 0.000002 0.000083 0.001597 0.012774 0.058166 0.185106 0.467347 0.981821 1.805899 2.911959 4.276141 5.403429 4.276141 2.911959 1.805899 0.981821 0.467347 0.185106 0.058166 0.012774 0.001597 0.000083 0.000002 0.000000 0.000000 0.000000 0.000000 0.000000 0.000000 0.000000 0.000000 
0.000000 0.000000 0.000000 0.000000 0.000000 0.000000 0.000000 0.000000 0.000000 0.000000 0.000004 0.000112 0.001792 0.012774 0.054264 0.164405 0.399225 0.807828 1.432478 2.186684 2.877369 2.186685 1.432478 0.807828 0.399225 0.164405 0.054264 0.012774 0.001792 0.000112 0.000004 0.000000 0.000000 0.000000 0.000000 0.000000 0.000000 0.000000 0.000000 0.000000 
0.000000 0.000000 0.000000 0.000000 0.000000 0.000000 0.000000 0.000000 0.000000 0.000000 0.000000 0.000004 0.000112 0.001597 0.010694 0.043591 0.127225 0.297792 0.573626 0.954092 1.233417 0.954092 0.573626 0.297792 0.127225 0.043591 0.010694 0.001597 0.000112 0.000004 0.000000 0.000000 0.000000 0.000000 0.000000 0.000000 0.000000 0.000000 0.000000 0.000000 
0.000000 0.000000 0.000000 0.000000 0.000000 0.000000 0.000000 0.000000 0.000000 0.000000 0.000000 0.000000 0.000004 0.000083 0.001110 0.007280 0.029062 0.081793 0.182217 0.318685 0.435401 0.318685 0.182217 0.081793 0.029062 0.007280 0.001110 0.000083 0.000004 0.000000 0.000000 0.000000 0.000000 0.000000 0.000000 0.000000 0.000000 0.000000 0.000000 0.000000 
0.000000 0.000000 0.000000 0.000000 0.000000 0.000000 0.000000 0.000000 0.000000 0.000000 0.000000 0.000000 0.000000 0.000002 0.000045 0.000566 0.003754 0.014815 0.039353 0.079456 0.105497 0.079456 0.039353 0.014815 0.003754 0.000566 0.000045 0.000002 0.000000 0.000000 0.000000 0.000000 0.000000 0.000000 0.000000 0.000000 0.000000 0.000000 0.000000 0.000000 
0.000000 0.000000 0.000000 0.000000 0.000000 0.000000 0.000000 0.000000 0.000000 0.000000 0.000000 0.000000 0.000000 0.000000 0.000001 0.000017 0.000191 0.001261 0.004834 0.011153 0.017511 0.011153 0.004834 0.001261 0.000191 0.000017 0.000001 0.000000 0.000000 0.000000 0.000000 0.000000 0.000000 0.000000 0.000000 0.000000 0.000000 0.000000 0.000000 0.000000 
0.000000 0.000000 0.000000 0.000000 0.000000 0.000000 0.000000 0.000000 0.000000 0.000000 0.000000 0.000000 0.000000 0.000000 0.000000 0.000000 0.000004 0.000038 0.000213 0.000675 0.001071 0.000675 0.000213 0.000038 0.000004 0.000000 0.000000 0.000000 0.000000 0.000000 0.000000 0.000000 0.000000 0.000000 0.000000 0.000000 0.000000 0.000000 0.000000 0.000000 
0.000000 0.000000 0.000000 0.000000 0.000000 0.000000 0.000000 0.000000 0.000000 0.000000 0.000000 0.000000 0.000000 0.000000 0.000000 0.000000 0.000000 0.000001 0.000004 0.000015 0.000026 0.000015 0.000004 0.000001 0.000000 0.000000 0.000000 0.000000 0.000000 0.000000 0.000000 0.000000 0.000000 0.000000 0.000000 0.000000 0.000000 0.000000 0.000000 0.000000 
0.000000 0.000000 0.000000 0.000000 0.000000 0.000000 0.000000 0.000000 0.000000 0.000000 0.000000 0.000000 0.000000 0.000000 0.000000 0.000000 0.000000 0.000000 0.000000 0.000000 0.000000 0.000000 0.000000 0.000000 0.000000 0.000000 0.000000 0.000000 0.000000 0.000000 0.000000 0.000000 0.000000 0.000000 0.000000 0.000000 0.000000 0.000000 0.000000 0.000000 
0.000000 0.000000 0.000000 0.000000 0.000000 0.000000 0.000000 0.000000 0.000000 0.000000 0.000000 0.000000 0.000000 0.000000 0.000000 0.000000 0.000000 0.000000 0.000000 0.000000 0.000000 0.000000 0.000000 0.000000 0.000000 0.000000 0.000000 0.000000 0.000000 0.000000 0.000000 0.000000 0.000000 0.000000 0.000000 0.000000 0.000000 0.000000 0.000000 0.000000 
0.000000 0.000000 0.000000 0.000000 0.000000 0.000000 0.000000 0.000000 0.000000 0.000000 0.000000 0.000000 0.000000 0.000000 0.000000 0.000000 0.000000 0.000000 0.000000 0.000000 0.000000 0.000000 0.000000 0.000000 0.000000 0.000000 0.000000 0.000000 0.000000 0.000000 0.000000 0.000000 0.000000 0.000000 0.000000 0.000000 0.000000 0.000000 0.000000 0.000000 
0.000000 0.000000 0.000000 0.000000 0.000000 0.000000 0.000000 0.000000 0.000000 0.000000 0.000000 0.000000 0.000000 0.000000 0.000000 0.000000 0.000000 0.000000 0.000000 0.000000 0.000000 0.000000 0.000000 0.000000 0.000000 0.000000 0.000000 0.000000 0.000000 0.000000 0.000000 0.000000 0.000000 0.000000 0.000000 0.000000 0.000000 0.000000 0.000000 0.000000 
0.000000 0.000000 0.000000 0.000000 0.000000 0.000000 0.000000 0.000000 0.000000 0.000000 0.000000 0.000000 0.000000 0.000000 0.000000 0.000000 0.000000 0.000000 0.000000 0.000000 0.000000 0.000000 0.000000 0.000000 0.000000 0.000000 0.000000 0.000000 0.000000 0.000000 0.000000 0.000000 0.000000 0.000000 0.000000 0.000000 0.000000 0.000000 0.000000 0.000000 
