0.000000 0.000000 0.000000 0.000000 0.000000 0.000000 0.000000 0.000000 0.000000 0.000000 0.000000 0.000000 0.000000 0.000000 0.000000 0.000000 0.000000 0.000000 0.000000 0.000000 0.000000 0.000000 0.000000 0.000000 0.000000 0.000000 0.000000 0.000000 0.000000 0.000000 0.000000 0.000000 0.000000 0.000000 0.000000 0.000000 0.000000 0.000000 0.000000 0.000000 
0.000000 0.000000 0.000000 0.000000 0.000000 0.000000 0.000000 0.000000 0.000000 0.000000 0.000000 0.000000 0.000000 0.000000 0.000000 0.000000 0.000000 0.000000 0.000000 0.000000 0.000000 0.000000 0.000000 0.000000 0.000000 0.000000 0.000000 0.000000 0.000000 0.000000 0.000000 0.000000 0.000000 0.000000 0.000000 0.000000 0.000000 0.000000 0.000000 0.000000 
0.000000 0.000000 0.000000 0.000000 0.000000 0.000000 0.000000 0.000000 0.000000 0.000000 0.000000 0.000000 0.000000 0.000000 0.000000 0.000000 0.000000 0.000000 0.000000 0.000000 0.000000 0.000000 0.000000 0.000000 0.000000 0.000000 0.000000 0.000000 0.000000 0.000000 0.000000 0.000000 0.000000 0.000000 0.000000 0.000000 0.000000 0.000000 0.000000 0.000000 
0.000000 0.000000 0.000000 0.000000 0.000000 0.000000 0.000000 0.000000 0.000000 0.000000 0.000000 0.000000 0.000000 0.000000 0.000000 0.000000 0.000000 0.000000 0.000000 0.000000 0.000000 0.000000 0.000000 0.000000 0.000000 0.000000 0.000000 0.000000 0.000000 0.000000 0.000000 0.000000 0.000000 0.000000 0.000000 0.000000 0.000000 0.000000 0.000000 0.000000 
0.000000 0.000000 0.000000 0.000000 0.000000 0.000000 0.000000 0.000000 0.000000 0.000000 0.000000 0.000000 0.000000 0.000000 0.000000 0.000000 0.000000 0.000000 0.000000 0.000000 0.000000 0.000000 0.000000 0.000000 0.000000 0.000000 0.000000 0.000000 0.000000 0.000000 0.000000 0.000000 0.000000 0.000000 0.000000 0.000000 0.000000 0.000000 0.000000 0.000000 
0.000000 0.000000 0.000000 0.000000 0.000000 0.000000 0.000000 0.000000 0.000000 0.000000 0.000000 0.000000 0.000000 0.000000 0.000000 0.000000 0.000000 0.000000 0.000002 0.000006 0.000010 0.000006 0.000002 0.000000 0.000000 0.000000 0.000000 0.000000 0.000000 0.000000 0.000000 0.000000 0.000000 0.000000 0.000000 0.000000 0.000000 0.000000 0.000000 0.000000 
0.000000 0.000000 0.000000 0.000000 0.000000 0.000000 0.000000 0.000000 0.000000 0.000000 0.000000 0.000000 0.000000 0.000000 0.000000 0.000000 0.000002 0.000019 0.000101 0.000316 0.000498 0.000316 0.000101 0.000019 0.000002 0.000000 0.000000 0.000000 0.000000 0.000000 0.000000 0.000000 0.000000 0.000000 0.000000 0.000000 0.000000 0.000000 0.000000 0.000000 
0.000000 0.000000 0.000000 0.000000 0.000000 0.000000 0.000000 0.000000 0.000000 0.000000 0.000000 0.000000 0.000000 0.000000 0.000001 0.000010 0.000109 0.000731 0.002851 0.006916 0.009327 0.006916 0.002851 0.000731 0.000109 0.000010 0.000001 0.000000 0.000000 0.000000 0.000000 0.000000 0.000000 0.000000 0.000000 0.000000 0.000000 0.000000 0.000000 0.000000 
0.000000 0.000000 0.000000 0.000000 0.000000 0.000000 0.000000 0.000000 0.000000 0.000000 0.000000 0.000000 0.000000 0.000002 0.000030 0.000377 0.002586 0.010325 0.028288 0.054124 0.076008 0.054124 0.028288 0.010325 0.002586 0.000377 0.000030 0.000002 0.000000 0.000000 0.000000 0.000000 0.000000 0.000000 0.000000 0.000000 0.000000 0.000000 0.000000 0.000000 
0.000000 0.000000 0.000000 0.000000 0.000000 0.000000 0.000000 0.000000 0.000000 0.000000 0.000000 0.000000 0.000003 0.000064 0.000847 0.005668 0.022658 0.064741 0.141238 0.248924 0.323026 0.248924 0.141238 0.064741 0.022658 0.005668 0.000847 0.000064 0.000003 0.000000 0.000000 0.000000 0.000000 0.000000 0.000000 0.000000 0.000000 0.000000 0.000000 0.000000 
0.000000 0.000000 0.000000 0.000000 0.000000 0.000000 0.000000 0.000000 0.000000 0.000000 0.000000 0.000004 0.000098 0.001368 0.009149 0.036940 0.108212 0.249620 0.483038 0.773856 1.018056 0.773856 0.483038 0.249620 0.108212 0.036940 0.009149 0.001368 0.000098 0.000004 0.000000 0.000000 0.000000 0.000000 0.000000 0.000000 0.000000 0.000000 0.000000 0.000000 
0.000000 0.000000 0.000000 0.000000 0.000000 0.000000 0.000000 0.000000 0.000000 0.000000 0.000004 0.000113 0.001709 0.011870 0.049276 0.148372 0.354570 0.717545 1.245544 1.908969 2.405748 1.908969 1.245544 0.717545 0.354570 0.148372 0.049276 0.011870 0.001709 0.000113 0.000004 0.000000 0.000000 0.000000 0.000000 0.000000 0.000000 0.000000 0.000000 0.000000 
0.000000 0.000000 0.000000 0.000000 0.000000 0.000000 0.000000 0.000000 0.000000 0.000003 0.000098 0.001709 0.012893 0.056364 0.176298 0.435822 0.910851 1.646312 2.661068 3.802568 4.812356 3.802568 2.661068 1.646312 0.910850 0.435822 0.176298 0.056364 0.012893 0.001709 0.000098 0.000003 0.000000 0.000000 0.000000 0.000000 0.000000 0.000000 0.000000 0.000000 
0.000000 0.000000 0.000000 0.000000 0.000000 0.000000 0.000000 0.000000 0.000002 0.000064 0.001368 0.011870 0.056364 0.186256 0.479770 1.036327 1.931598 3.217570 4.805648 6.624776 8.116610 6.624776 4.805648 3.217570 1.931598 1.036327 0.479770 0.186256 0.056364 0.011870 0.001368 0.000064 0.000002 0.000000 0.000000 0.000000 0.000000 0.000000 0.000000 0.000000 
0.000000 0.000000 0.000000 0.000000 0.000000 0.000000 0.000000 0.000001 0.000030 0.000847 0.009149 0.049276 0.176298 0.479770 1.079634 2.078799 3.556160 5.460587 7.764644 10.142822 12.515951 10.142822 7.764644 5.460587 3.556159 2.078799 1.079634 0.479770 0.176298 0.049276 0.009149 0.000847 0.000030 0.000001 0.000000 0.000000 0.000000 0.000000 0.000000 0.000000 
0.000000 0.000000 0.000000 0.000000 0.000000 0.000000 0.000000 0.000010 0.000377 0.005668 0.036940 0.148372 0.435822 1.036327 2.078799 3.669527 5.782578 8.411626 11.309409 14.481001 17.486668 14.481001 11.309409 8.411626 5.782578 3.669527 2.078799 1.036327 0.435822 0.148372 0.036940 0.005668 0.000377 0.000010 0.000000 0.000000 0.000000 0.000000 0.000000 0.000000 
0.000000 0.000000 0.000000 0.000000 0.000000 0.000000 0.000002 0.000109 0.002586 0.022658 0.108212 0.354570 0.910851 1.931598 3.556160 5.782578 8.620252 11.854978 15.531191 19.134203 23.427534 19.134203 15.531191 11.854977 8.620252 5.782578 3.556160 1.931598 0.910850 0.354570 0.108212 0.022658 0.002586 0.000109 0.000002 0.000000 0.000000 0.000000 0.000000 0.000000 
0.000000 0.000000 0.000000 0.000000 0.000000 0.000000 0.000019 0.000731 0.010325 0.064741 0.249620 0.717545 1.646312 3.217570 5.460587 8.411626 11.854978 15.855688 20.015343 24.548601 29.649797 24.548601 20.015345 15.855688 11.854977 8.411626 5.460587 3.217570 1.646312 0.717545 0.249620 0.064741 0.010325 0.000731 0.000019 0.000000 0.000000 0.000000 0.000000 0.000000 
0.000000 0.000000 0.000000 0.000000 0.000000 0.000002 0.000101 0.002851 0.028288 0.141238 0.483038 1.245544 2.661068 4.805648 7.764644 11.309409 15.531191 20.015343 25.087376 30.159153 37.136555 30.159157 25.087376 20.015345 15.531190 11.309409 7.764644 4.805648 2.661068 1.245544 0.483038 0.141238 0.028288 0.002851 0.000101 0.000002 0.000000 0.000000 0.000000 0.000000 
0.000000 0.000000 0.000000 0.000000 0.000000 0.000006 0.000316 0.006916 0.054124 0.248924 0.773856 1.908969 3.802568 6.624776 10.142822 14.480999 19.134207 24.548601 30.159153 36.653011 45.722946 36.653011 30.159157 24.548601 19.134207 14.480999 10.142822 6.624776 3.802568 1.908969 0.773856 0.248924 0.054124 0.006916 0.000316 0.000006 0.000000 0.000000 0.000000 0.000000 
0.000000 0.000000 0.000000 0.000000 0.000000 0.000010 0.000498 0.009327 0.076008 0.323026 1.018056 2.405748 4.812356 8.116610 12.515951 17.486670 23.427534 29.649797 37.136555 45.722946 61.259201 45.722946 37.136555 29.649797 23.427536 17.486670 12.515951 8.116610 4.812357 2.405748 1.018056 0.323026 0.076008 0.009327 0.000498 0.000010 0.000000 0.000000 0.000000 0.000000 
0.000000 0.000000 0.000000 0.000000 0.000000 0.000006 0.000316 0.006916 0.054124 0.248924 0.773856 1.908969 3.802568 6.624776 10.142822 14.480999 19.134207 24.548601 30.159157 36.653011 45.722946 36.653011 30.159157 24.548601 19.134207 14.480999 10.142822 6.624776 3.802568 1.908969 0.773856 0.248924 0.054124 0.006916 0.000316 0.000006 0.000000 0.000000 0.000000 0.000000 
0.000000 0.000000 0.000000 0.000000 0.000000 0.000002 0.000101 0.002851 0.028288 0.141238 0.483038 1.245544 2.661068 4.805648 7.764644 11.309409 15.531190 20.015345 25.087376 30.159157 37.136555 30.159157 25.087376 20.015345 15.531190 11.309409 7.764644 4.805648 2.661068 1.245544 0.483038 0.141238 0.028288 0.002851 0.000101 0.000002 0.000000 0.000000 0.000000 0.000000 
0.000000 0.000000 0.000000 0.000000 0.000000 0.000000 0.000019 0.000731 0.010325 0.064741 0.249620 0.717545 1.646312 3.217570 5.460587 8.411626 11.854977 15.855688 20.015345 24.548601 29.649797 24.548601 20.015345 15.855688 11.854977 8.411626 5.460587 3.217570 1.646312 0.717545 0.249620 0.064741 0.010325 0.000731 0.000019 0.000000 0.000000 0.000000 0.000000 0.000000 
0.000000 0.000000 0.000000 0.000000 0.000000 0.000000 0.000002 0.000109 0.002586 0.022658 0.108212 0.354570 0.910851 1.931598 3.556160 5.782578 8.620252 11.854977 15.531191 19.134207 23.427536 19.134207 15.531190 11.854977 8.620252 5.782578 3.556160 1.931598 0.910850 0.354570 0.108212 0.022658 0.002586 0.000109 0.000002 0.000000 0.000000 0.000000 0.000000 0.000000 
0.000000 0.000000 0.000000 0.000000 0.000000 0.000000 0.000000 0.000010 0.000377 0.005668 0.036940 0.148372 0.435822 1.036327 2.078799 3.669527 5.782578 8.411626 11.309409 14.480999 17.486668 14.480999 11.309409 8.411626 5.782578 3.669527 2.078800 1.036327 0.435822 0.148372 0.036940 0.005668 0.000377 0.000010 0.000000 0.000000 0.000000 0.000000 0.000000 0.000000 
0.000000 0.000000 0.000000 0.000000 0.000000 0.000000 0.000000 0.000001 0.000030 0.000847 0.009149 0.049276 0.176298 0.479770 1.079633 2.078799 3.556160 5.460587 7.764644 10.142822 12.515951 10.142822 7.764644 5.460587 3.556160 2.078800 1.079634 0.479770 0.176298 0.049276 0.009149 0.000847 0.000030 0.000001 0.000000 0.000000 0.000000 0.000000 0.000000 0.000000 
0.000000 0.000000 0.000000 0.000000 0.000000 0.000000 0.000000 0.000000 0.000002 0.000064 0.001368 0.011870 0.056364 0.186256 0.479770 1.036327 1.931597 3.217570 4.805648 6.624776 8.116610 6.624776 4.805648 3.217570 1.931598 1.036327 0.479770 0.186256 0.056364 0.011870 0.001368 0.000064 0.000002 0.000000 0.000000 0.000000 0.000000 0.000000 0.000000 0.000000 
0.000000 0.000000 0.000000 0.000000 0.000000 0.000000 0.000000 0.000000 0.000000 0.000003 0.000098 0.001709 0.012893 0.056364 0.176298 0.435822 0.910851 1.646312 2.661068 3.802568 4.812356 3.802568 2.661068 1.646312 0.910850 0.435822 0.176298 0.056364 0.012893 0.001709 0.000098 0.000003 0.000000 0.000000 0.000000 0.000000 0.000000 0.000000 0.000000 0.000000 
0.000000 0.000000 0.000000 0.000000 0.000000 0.000000 0.000000 0.000000 0.000000 0.000000 0.000004 0.000113 0.001709 0.011870 0.049276 0.148372 0.354570 0.717545 1.245544 1.908969 2.405748 1.908969 1.245544 0.717545 0.354570 0.148372 0.049276 0.011870 0.001709 0.000113 0.000004 0.000000 0.000000 0.000000 0.000000 0.000000 0.000000 0.000000 0.000000 0.000000 
0.000000 0.000000 0.000000 0.000000 0.000000 0.000000 0.000000 0.000000 0.000000 0.000000 0.000000 0.000004 0.000098 0.001368 0.009149 0.036940 0.108212 0.249620 0.483038 0.773856 1.018056 0.773856 0.483038 0.249620 0.108212 0.036940 0.009149 0.001368 0.000098 0.000004 0.000000 0.000000 0.000000 0.000000 0.000000 0.000000 0.000000 0.000000 0.000000 0.000000 
0.000000 0.000000 0.000000 0.000000 0.000000 0.000000 0.000000 0.000000 0.000000 0.000000 0.000000 0.000000 0.000003 0.000064 0.000847 0.005668 0.022658 0.064741 0.141238 0.248924 0.323026 0.248924 0.141238 0.064741 0.022658 0.005668 0.000847 0.000064 0.000003 0.000000 0.000000 0.000000 0.000000 0.000000 0.000000 0.000000 0.000000 0.000000 0.000000 0.000000 
0.000000 0.000000 0.000000 0.000000 0.000000 0.000000 0.000000 0.000000 0.000000 0.000000 0.000000 0.000000 0.000000 0.000002 0.000030 0.000377 0.002586 0.010325 0.028288 0.054124 0.076008 0.054124 0.028288 0.010325 0.002586 0.000377 0.000030 0.000002 0.000000 0.000000 0.000000 0.000000 0.000000 0.000000 0.000000 0.000000 0.000000 0.000000 0.000000 0.000000 
0.000000 0.000000 0.000000 0.000000 0.000000 0.000000 0.000000 0.000000 0.000000 0.000000 0.000000 0.000000 0.000000 0.000000 0.000001 0.000010 0.000109 0.000731 0.002851 0.006916 0.009327 0.006916 0.002851 0.000731 0.000109 0.000010 0.000001 0.000000 0.000000 0.000000 0.000000 0.000000 0.000000 0.000000 0.000000 0.000000 0.000000 0.000000 0.000000 0.000000 
0.000000 0.000000 0.000000 0.000000 0.000000 0.000000 0.000000 0.000000 0.000000 0.000000 0.000000 0.000000 0.000000 0.000000 0.000000 0.000000 0.000002 0.000019 0.000101 0.000316 0.000498 0.000316 0.000101 0.000019 0.000002 0.000000 0.000000 0.000000 0.000000 0.000000 0.000000 0.000000 0.000000 0.000000 0.000000 0.000000 0.000000 0.000000 0.000000 0.000000 
0.000000 0.000000 0.000000 0.000000 0.000000 0.000000 0.000000 0.000000 0.000000 0.000000 0.000000 0.000000 0.000000 0.000000 0.000000 0.000000 0.000000 0.000000 0.000002 0.000006 0.000010 0.000006 0.000002 0.000000 0.000000 0.000000 0.000000 0.000000 0.000000 0.000000 0.000000 0.000000 0.000000 0.000000 0.000000 0.000000 0.000000 0.000000 0.000000 0.000000 
0.000000 0.000000 0.000000 0.000000 0.000000 0.000000 0.000000 0.000000 0.000000 0.000000 0.000000 0.000000 0.000000 0.000000 0.000000 0.000000 0.000000 0.000000 0.000000 0.000000 0.000000 0.000000 0.000000 0.000000 0.000000 0.000000 0.000000 0.000000 0.000000 0.000000 0.000000 0.000000 0.000000 0.000000 0.000000 0.000000 0.000000 0.000000 0.000000 0.000000 
0.000000 0.000000 0.000000 0.000000 0.000000 0.000000 0.000000 0.000000 0.000000 0.000000 0.000000 0.000000 0.000000 0.000000 0.000000 0.000000 0.000000 0.000000 0.000000 0.000000 0.000000 0.000000 0.000000 0.000000 0.000000 0.000000 0.000000 0.000000 0.000000 0.000000 0.000000 0.000000 0.000000 0.000000 0.000000 0.000000 0.000000 0.000000 0.000000 0.000000 
0.000000 0.000000 0.000000 0.000000 0.000000 0.000000 0.000000 0.000000 0.000000 0.000000 0.000000 0.000000 0.000000 0.000000 0.000000 0.000000 0.000000 0.000000 0.000000 0.000000 0.000000 0.000000 0.000000 0.000000 0.000000 0.000000 0.000000 0.000000 0.000000 0.000000 0.000000 0.000000 0.000000 0.000000 0.000000 0.000000 0.000000 0.000000 0.000000 0.000000 
0.000000 0.000000 0.000000 0.000000 0.000000 0.000000 0.000000 0.000000 0.000000 0.000000 0.000000 0.000000 0.000000 0.000000 0.000000 0.000000 0.000000 0.000000 0.000000 0.000000 0.000000 0.000000 0.000000 0.000000 0.000000 0.000000 0.000000 0.000000 0.000000 0.000000 0.000000 0.000000 0.000000 0.000000 0.000000 0.000000 0.000000 0.000000 0.000000 0.000000 
