0.000000 0.000000 0.000000 0.000000 0.000000 0.000000 0.000000 0.000000 0.000000 0.000000 0.000000 0.000000 0.000000 0.000001 0.000017 0.000227 0.002244 0.013752 0.056551 0.175733 0.487823 0.175733 0.056551 0.013752 0.002244 0.000227 0.000017 0.000001 0.000000 0.000000 0.000000 0.000000 0.000000 0.000000 0.000000 0.000000 0.000000 0.000000 0.000000 0.000000 
0.000000 0.000000 0.000000 0.000000 0.000000 0.000000 0.000000 0.000000 0.000000 0.000000 0.000000 0.000000 0.000005 0.000059 0.000526 0.003104 0.013171 0.044255 0.123852 0.300095 0.677880 0.300095 0.123852 0.044255 0.013171 0.003104 0.000526 0.000059 0.000005 0.000000 0.000000 0.000000 0.000000 0.000000 0.000000 0.000000 0.000000 0.000000 0.000000 0.000000 
0.000000 0.000000 0.000000 0.000000 0.000000 0.000000 0.000000 0.000000 0.000000 0.000000 0.000001 0.000014 0.000193 0.001574 0.007588 0.025529 0.068613 0.158974 0.329816 0.623034 1.113402 0.623034 0.329816 0.158974 0.068613 0.025529 0.007588 0.001574 0.000193 0.000014 0.000001 0.000000 0.000000 0.000000 0.000000 0.000000 0.000000 0.000000 0.000000 0.000000 
0.000000 0.000000 0.000000 0.000000 0.000000 0.000000 0.000000 0.000000 0.000000 0.000002 0.000033 0.000465 0.003498 0.015614 0.049232 0.122703 0.259814 0.489138 0.838117 1.322870 1.939908 1.322870 0.838117 0.489138 0.259814 0.122703 0.049232 0.015614 0.003498 0.000465 0.000033 0.000002 0.000000 0.000000 0.000000 0.000000 0.000000 0.000000 0.000000 0.000000 
0.000000 0.000000 0.000000 0.000000 0.000000 0.000000 0.000000 0.000000 0.000003 0.000062 0.000864 0.006110 0.026147 0.080558 0.197927 0.411677 0.753620 1.245237 1.886776 2.631761 3.384425 2.631761 1.886776 1.245237 0.753620 0.411677 0.197927 0.080558 0.026147 0.006110 0.000864 0.000062 0.000003 0.000000 0.000000 0.000000 0.000000 0.000000 0.000000 0.000000 
0.000000 0.000000 0.000000 0.000000 0.000000 0.000000 0.000000 0.000004 0.000093 0.001299 0.008922 0.037472 0.114505 0.281055 0.586056 1.074181 1.769933 2.665806 3.707059 4.779634 5.656757 4.779635 3.707059 2.665806 1.769933 1.074181 0.586056 0.281055 0.114505 0.037472 0.008922 0.001299 0.000093 0.000004 0.000000 0.000000 0.000000 0.000000 0.000000 0.000000 
0.000000 0.000000 0.000000 0.000000 0.000000 0.000000 0.000004 0.000113 0.001636 0.011294 0.047546 0.145873 0.360071 0.755893 1.395274 2.314137 3.506335 4.914855 6.435231 7.875504 8.929951 7.875505 6.435231 4.914855 3.506335 2.314137 1.395274 0.755893 0.360071 0.145873 0.047546 0.011294 0.001636 0.000113 0.000004 0.000000 0.000000 0.000000 0.000000 0.000000 
0.000000 0.000000 0.000000 0.000000 0.000000 0.000004 0.000113 0.001763 0.012648 0.054473 0.169860 0.424683 0.900948 1.677634 2.803911 4.280417 6.053839 8.028795 10.056937 11.922340 13.188253 11.922340 10.056937 8.028795 6.053840 4.280417 2.803911 1.677634 0.900948 0.424683 0.169860 0.054473 0.012648 0.001763 0.000113 0.000004 0.000000 0.000000 0.000000 0.000000 
0.000000 0.000000 0.000000 0.000000 0.000003 0.000093 0.001636 0.012648 0.056939 0.182826 0.466846 1.006132 1.895814 3.197537 4.918983 7.011891 9.389811 11.930240 14.483925 16.785069 18.386650 16.785070 14.483926 11.930240 9.389811 7.011892 4.918983 3.197537 1.895814 1.006132 0.466846 0.182826 0.056939 0.012648 0.001636 0.000093 0.000003 0.000000 0.000000 0.000000 
0.000000 0.000000 0.000000 0.000002 0.000062 0.001299 0.011294 0.054473 0.182826 0.481477 1.061271 2.033089 3.471192 5.390119 7.745526 10.456986 13.417808 16.511215 19.568430 22.350887 24.323071 22.350887 19.568428 16.511215 13.417808 10.456986 7.745526 5.390119 3.471191 2.033089 1.061271 0.481477 0.182826 0.054473 0.011294 0.001299 0.000062 0.000002 0.000000 0.000000 
0.000000 0.000000 0.000001 0.000033 0.000864 0.008922 0.047546 0.169860 0.466846 1.061271 2.079881 3.611184 5.677952 8.239297 11.217899 14.515523 18.031961 21.640329 25.202080 28.425020 30.903288 28.425022 25.202082 21.640329 18.031961 14.515523 11.217899 8.239297 5.677952 3.611184 2.079881 1.061271 0.466846 0.169860 0.047546 0.008922 0.000864 0.000033 0.000001 0.000000 
0.000000 0.000000 0.000014 0.000465 0.006110 0.037472 0.145873 0.424683 1.006132 2.033089 3.611184 5.774682 8.487259 11.673092 15.237195 19.086994 23.114902 27.218443 31.227715 34.911942 37.870480 34.911945 31.227715 27.218441 23.114902 19.086994 15.237196 11.673092 8.487258 5.774682 3.611184 2.033089 1.006132 0.424683 0.145873 0.037472 0.006111 0.000466 0.000014 0.000000 
0.000000 0.000005 0.000193 0.003498 0.026147 0.114505 0.360071 0.900948 1.895814 3.471191 5.677952 8.487258 11.824520 15.594893 19.707949 24.063974 28.574726 33.112495 37.559334 41.599617 45.132439 41.599617 37.559334 33.112492 28.574724 24.063972 19.707949 15.594893 11.824519 8.487258 5.677952 3.471193 1.895817 0.900956 0.360083 0.114521 0.026163 0.003510 0.000198 0.000006 
0.000001 0.000059 0.001574 0.015614 0.080558 0.281055 0.755893 1.677634 3.197537 5.390120 8.239297 11.673092 15.594893 19.912928 24.528910 29.359140 34.291245 39.236950 44.023312 48.424202 52.392971 48.424202 44.023308 39.236950 34.291245 29.359142 24.528910 19.912926 15.594893 11.673099 8.239309 5.390158 3.197627 1.677822 0.756194 0.281448 0.080968 0.015940 0.001745 0.000110 
0.000017 0.000526 0.007588 0.049232 0.197927 0.586056 1.395274 2.803911 4.918983 7.745526 11.217899 15.237195 19.707949 24.528910 29.615208 34.860271 40.183437 45.442951 50.557247 55.157955 59.565594 55.157955 50.557247 45.442951 40.183441 34.860271 29.615206 24.528910 19.707958 15.237241 11.218032 7.745885 4.919869 2.805757 1.398337 0.590123 0.202242 0.052846 0.009856 0.001599 
0.000227 0.003104 0.025529 0.122703 0.411677 1.074181 2.314137 4.280417 7.011891 10.456986 14.515523 19.086994 24.063974 29.359140 34.860271 40.488907 46.113068 51.663780 56.964752 61.778618 66.359138 61.778622 56.964752 51.663784 46.113068 40.488911 34.860294 29.359167 24.064089 19.087271 14.516297 10.459044 7.016780 4.290444 2.331053 1.097051 0.436379 0.144242 0.040882 0.013062 
0.002244 0.013171 0.068613 0.259814 0.753620 1.769933 3.506335 6.053839 9.389811 13.417808 18.031961 23.114902 28.574724 34.291245 40.183441 46.113068 52.015335 57.726883 63.224895 68.067017 72.730339 68.067017 63.224899 57.726891 52.015339 46.113102 40.183533 34.291512 28.575327 23.116467 18.035599 13.426362 9.408591 6.090734 3.567973 1.854067 0.846537 0.344391 0.135224 0.064922 
0.013752 0.044255 0.158974 0.489138 1.245237 2.665806 4.914855 8.028795 11.930240 16.511215 21.640329 27.218443 33.112492 39.236950 45.442951 51.663780 57.726883 63.613544 69.149773 74.087494 78.561256 74.087494 69.149773 63.613571 57.727032 51.664116 45.443520 39.238197 33.115437 27.225266 21.654093 16.539700 11.986733 8.132185 5.081352 2.892313 1.501163 0.733776 0.368487 0.225780 
0.056551 0.123852 0.329816 0.838117 1.886776 3.707059 6.435231 10.056937 14.483925 19.568428 25.202082 31.227716 37.559334 44.023312 50.557247 56.964752 63.224899 69.149773 74.787277 79.719284 83.984406 79.719284 74.787300 69.149864 63.225174 56.965466 50.559097 44.028893 37.570442 31.250607 25.245348 19.649008 14.628413 10.300395 6.806736 4.202097 2.453909 1.404828 0.850878 0.608714 
0.175733 0.300095 0.623034 1.322870 2.631760 4.779635 7.875505 11.922340 16.785069 22.350889 28.425020 34.911945 41.599617 48.424198 55.157955 61.778618 68.067017 74.087494 79.719284 84.726936 88.764008 84.726952 79.719315 74.087784 68.068100 61.781628 55.165997 48.441254 41.633789 34.975647 28.536808 22.541403 17.094694 12.397690 8.547359 5.631080 3.590240 2.299043 1.563933 1.223086 
0.487823 0.677880 1.113401 1.939908 3.384425 5.656757 8.929950 13.188253 18.386650 24.323071 30.903286 37.870480 45.132439 52.392971 59.565594 66.359138 72.730339 78.561256 83.984406 88.764008 92.210457 88.764023 83.984489 78.562439 72.739204 66.396164 59.669380 52.615051 45.523235 38.484478 31.788839 25.537346 19.986513 15.234851 11.448973 8.606939 6.644165 5.365436 4.609186 4.233576 
0.175733 0.300095 0.623034 1.322870 2.631761 4.779635 7.875505 11.922340 16.785070 22.350889 28.425022 34.911945 41.599617 48.424202 55.157959 61.778618 68.067017 74.087494 79.719284 84.726952 88.764023 84.726967 79.719322 74.087784 68.068108 61.781631 55.166000 48.441257 41.633789 34.975647 28.536808 22.541403 17.094694 12.397690 8.547359 5.631079 3.590240 2.299043 1.563933 1.223086 
0.056551 0.123852 0.329816 0.838117 1.886777 3.707059 6.435231 10.056937 14.483925 19.568430 25.202080 31.227715 37.559334 44.023312 50.557247 56.964752 63.224899 69.149773 74.787300 79.719315 83.984489 79.719322 74.787323 69.149864 63.225178 56.965469 50.559097 44.028893 37.570446 31.250607 25.245346 19.649008 14.628413 10.300396 6.806736 4.202097 2.453909 1.404828 0.850878 0.608714 
0.013752 0.044255 0.158974 0.489138 1.245237 2.665806 4.914855 8.028795 11.930240 16.511215 21.640329 27.218441 33.112495 39.236958 45.442951 51.663780 57.726891 63.613571 69.149864 74.087784 78.562439 74.087784 69.149864 63.613594 57.727032 51.664120 45.443520 39.238197 33.115437 27.225266 21.654093 16.539700 11.986733 8.132185 5.081353 2.892313 1.501163 0.733776 0.368487 0.225780 
0.002244 0.013171 0.068613 0.259814 0.753620 1.769933 3.506335 6.053840 9.389811 13.417808 18.031961 23.114902 28.574724 34.291245 40.183441 46.113068 52.015339 57.727032 63.225174 68.068100 72.739204 68.068108 63.225178 57.727032 52.015347 46.113102 40.183533 34.291512 28.575327 23.116465 18.035599 13.426364 9.408591 6.090734 3.567973 1.854067 0.846537 0.344391 0.135224 0.064922 
0.000227 0.003104 0.025529 0.122703 0.411677 1.074181 2.314137 4.280417 7.011892 10.456987 14.515523 19.086994 24.063972 29.359142 34.860271 40.488911 46.113102 51.664120 56.965469 61.781628 66.396164 61.781631 56.965469 51.664120 46.113102 40.488914 34.860294 29.359167 24.064089 19.087271 14.516297 10.459044 7.016780 4.290444 2.331053 1.097051 0.436379 0.144242 0.040882 0.013062 
0.000017 0.000526 0.007588 0.049232 0.197927 0.586056 1.395274 2.803911 4.918983 7.745526 11.217899 15.237195 19.707949 24.528910 29.615206 34.860294 40.183533 45.443520 50.559097 55.165997 59.669380 55.166000 50.559097 45.443520 40.183533 34.860294 29.615213 24.528913 19.707958 15.237243 11.218032 7.745885 4.919869 2.805757 1.398337 0.590123 0.202242 0.052846 0.009856 0.001599 
0.000001 0.000059 0.001574 0.015614 0.080558 0.281055 0.755893 1.677634 3.197537 5.390120 8.239296 11.673092 15.594893 19.912926 24.528913 29.359167 34.291512 39.238197 44.028893 48.441254 52.615051 48.441257 44.028893 39.238197 34.291512 29.359167 24.528913 19.912928 15.594894 11.673099 8.239309 5.390159 3.197627 1.677822 0.756194 0.281448 0.080968 0.015940 0.001745 0.000110 
0.000000 0.000005 0.000193 0.003498 0.026147 0.114505 0.360071 0.900948 1.895814 3.471191 5.677952 8.487258 11.824519 15.594894 19.707958 24.064087 28.575327 33.115437 37.570442 41.633789 45.523235 41.633789 37.570446 33.115437 28.575327 24.064089 19.707958 15.594894 11.824520 8.487259 5.677952 3.471193 1.895818 0.900956 0.360083 0.114521 0.026163 0.003510 0.000198 0.000006 
0.000000 0.000000 0.000014 0.000465 0.006110 0.037472 0.145873 0.424683 1.006132 2.033089 3.611184 5.774682 8.487258 11.673099 15.237241 19.087271 23.116467 27.225266 31.250607 34.975647 38.484478 34.975647 31.250607 27.225266 23.116465 19.087271 15.237243 11.673099 8.487259 5.774682 3.611184 2.033089 1.006132 0.424683 0.145873 0.037472 0.006111 0.000466 0.000014 0.000000 
0.000000 0.000000 0.000001 0.000033 0.000864 0.008922 0.047546 0.169860 0.466846 1.061271 2.079881 3.611184 5.677952 8.239309 11.218032 14.516297 18.035599 21.654093 25.245346 28.536808 31.788839 28.536808 25.245346 21.654093 18.035599 14.516297 11.218032 8.239309 5.677952 3.611184 2.079881 1.061271 0.466846 0.169860 0.047546 0.008922 0.000864 0.000033 0.000001 0.000000 
0.000000 0.000000 0.000000 0.000002 0.000062 0.001299 0.011294 0.054473 0.182826 0.481477 1.061271 2.033089 3.471193 5.390158 7.745885 10.459044 13.426364 16.539701 19.649008 22.541403 25.537346 22.541403 19.649008 16.539700 13.426364 10.459044 7.745885 5.390159 3.471193 2.033089 1.061271 0.481477 0.182826 0.054473 0.011294 0.001299 0.000062 0.000002 0.000000 0.000000 
0.000000 0.000000 0.000000 0.000000 0.000003 0.000093 0.001636 0.012648 0.056939 0.182826 0.466846 1.006132 1.895817 3.197627 4.919869 7.016780 9.408591 11.986733 14.628413 17.094692 19.986511 17.094694 14.628413 11.986733 9.408591 7.016780 4.919869 3.197627 1.895818 1.006132 0.466846 0.182826 0.056939 0.012648 0.001636 0.000093 0.000003 0.000000 0.000000 0.000000 
0.000000 0.000000 0.000000 0.000000 0.000000 0.000004 0.000113 0.001763 0.012648 0.054473 0.169860 0.424683 0.900956 1.677822 2.805757 4.290444 6.090734 8.132185 10.300395 12.397689 15.234851 12.397690 10.300396 8.132185 6.090734 4.290444 2.805757 1.677822 0.900956 0.424683 0.169860 0.054473 0.012648 0.001763 0.000113 0.000004 0.000000 0.000000 0.000000 0.000000 
0.000000 0.000000 0.000000 0.000000 0.000000 0.000000 0.000004 0.000113 0.001636 0.011294 0.047546 0.145873 0.360083 0.756194 1.398337 2.331053 3.567973 5.081353 6.806736 8.547359 11.448972 8.547359 6.806736 5.081353 3.567973 2.331053 1.398337 0.756194 0.360083 0.145873 0.047546 0.011294 0.001636 0.000113 0.000004 0.000000 0.000000 0.000000 0.000000 0.000000 
0.000000 0.000000 0.000000 0.000000 0.000000 0.000000 0.000000 0.000004 0.000093 0.001299 0.008922 0.037472 0.114521 0.281448 0.590123 1.097051 1.854068 2.892314 4.202097 5.631080 8.606939 5.631079 4.202097 2.892313 1.854067 1.097051 0.590123 0.281448 0.114521 0.037472 0.008922 0.001299 0.000093 0.000004 0.000000 0.000000 0.000000 0.000000 0.000000 0.000000 
0.000000 0.000000 0.000000 0.000000 0.000000 0.000000 0.000000 0.000000 0.000003 0.000062 0.000864 0.006111 0.026163 0.080968 0.202242 0.436379 0.846537 1.501164 2.453909 3.590240 6.644165 3.590240 2.453909 1.501163 0.846537 0.436379 0.202241 0.080968 0.026163 0.006111 0.000864 0.000062 0.000003 0.000000 0.000000 0.000000 0.000000 0.000000 0.000000 0.000000 
0.000000 0.000000 0.000000 0.000000 0.000000 0.000000 0.000000 0.000000 0.000000 0.000002 0.000033 0.000466 0.003510 0.015940 0.052846 0.144242 0.344391 0.733776 1.404828 2.299043 5.365436 2.299043 1.404828 0.733776 0.344391 0.144242 0.052846 0.015940 0.003510 0.000466 0.000033 0.000002 0.000000 0.000000 0.000000 0.000000 0.000000 0.000000 0.000000 0.000000 
0.000000 0.000000 0.000000 0.000000 0.000000 0.000000 0.000000 0.000000 0.000000 0.000000 0.000001 0.000014 0.000198 0.001745 0.009856 0.040882 0.135224 0.368487 0.850878 1.563933 4.609186 1.563933 0.850878 0.368487 0.135224 0.040882 0.009856 0.001745 0.000198 0.000014 0.000001 0.000000 0.000000 0.000000 0.000000 0.000000 0.000000 0.000000 0.000000 0.000000 
0.000000 0.000000 0.000000 0.000000 0.000000 0.000000 0.000000 0.000000 0.000000 0.000000 0.000000 0.000000 0.000006 0.000110 0.001599 0.013062 0.064922 0.225780 0.608714 1.223086 4.233576 1.223086 0.608714 0.225780 0.064922 0.013062 0.001599 0.000110 0.000006 0.000000 0.000000 0.000000 0.000000 0.000000 0.000000 0.000000 0.000000 0.000000 0.000000 0.000000 
