0.000000 0.000000 0.000000 0.000000 0.000000 0.000000 0.000000 0.000000 0.000000 0.000000 0.000000 0.000000 0.000003 0.000058 0.000873 0.007820 0.042199 0.156421 0.440241 0.939049 2.997355 0.939049 0.440242 0.156421 0.042199 0.007820 0.000873 0.000058 0.000003 0.000000 0.000000 0.000000 0.000000 0.000000 0.000000 0.000000 0.000000 0.000000 0.000000 0.000000 
0.000000 0.000000 0.000000 0.000000 0.000000 0.000000 0.000000 0.000000 0.000000 0.000000 0.000001 0.000010 0.000130 0.001168 0.006806 0.028854 0.097510 0.272798 0.643232 1.236883 3.337808 1.236883 0.643232 0.272798 0.097510 0.028854 0.006806 0.001168 0.000130 0.000010 0.000001 0.000000 0.000000 0.000000 0.000000 0.000000 0.000000 0.000000 0.000000 0.000000 
0.000000 0.000000 0.000000 0.000000 0.000000 0.000000 0.000000 0.000000 0.000000 0.000001 0.000024 0.000339 0.002654 0.012378 0.041572 0.113908 0.272549 0.583996 1.125935 1.888093 4.045229 1.888093 1.125935 0.583996 0.272549 0.113908 0.041572 0.012378 0.002654 0.000339 0.000024 0.000001 0.000000 0.000000 0.000000 0.000000 0.000000 0.000000 0.000000 0.000000 
0.000000 0.000000 0.000000 0.000000 0.000000 0.000000 0.000000 0.000000 0.000002 0.000049 0.000690 0.004996 0.021772 0.068084 0.170818 0.368730 0.714291 1.267297 2.071202 3.067011 5.246315 3.067012 2.071202 1.267298 0.714291 0.368730 0.170818 0.068084 0.021772 0.004996 0.000690 0.000049 0.000002 0.000000 0.000000 0.000000 0.000000 0.000000 0.000000 0.000000 
0.000000 0.000000 0.000000 0.000000 0.000000 0.000000 0.000000 0.000003 0.000081 0.001122 0.007771 0.032852 0.100832 0.248377 0.521269 0.968629 1.635696 2.549011 3.698929 4.965393 7.139197 4.965393 3.698929 2.549011 1.635696 0.968629 0.521269 0.248377 0.100832 0.032852 0.007771 0.001122 0.000081 0.000003 0.000000 0.000000 0.000000 0.000000 0.000000 0.000000 
0.000000 0.000000 0.000000 0.000000 0.000000 0.000000 0.000004 0.000107 0.001519 0.010401 0.043607 0.133461 0.328863 0.689893 1.274798 2.124291 3.248938 4.623329 6.175536 7.747995 9.889425 7.747996 6.175536 4.623329 3.248938 2.124291 1.274798 0.689893 0.328863 0.133461 0.043607 0.010401 0.001519 0.000107 0.000004 0.000000 0.000000 0.000000 0.000000 0.000000 
0.000000 0.000000 0.000000 0.000000 0.000000 0.000004 0.000118 0.001758 0.012280 0.052102 0.160944 0.399833 0.844699 1.568888 2.620015 4.002622 5.678030 7.568147 9.563927 11.461500 13.628145 11.461502 9.563929 7.568148 5.678030 4.002623 2.620015 1.568888 0.844699 0.399833 0.160944 0.052102 0.012280 0.001758 0.000118 0.000004 0.000000 0.000000 0.000000 0.000000 
0.000000 0.000000 0.000000 0.000000 0.000003 0.000107 0.001758 0.012962 0.056779 0.179223 0.452378 0.967281 1.812871 3.047605 4.678870 6.663887 8.920953 11.346504 13.800211 16.074011 18.311563 16.074011 13.800211 11.346504 8.920954 6.663888 4.678870 3.047605 1.812871 0.967281 0.452378 0.179223 0.056779 0.012962 0.001758 0.000107 0.000003 0.000000 0.000000 0.000000 
0.000000 0.000000 0.000000 0.000002 0.000081 0.001519 0.012280 0.056779 0.185625 0.480261 1.045615 1.985744 3.370511 5.212626 7.470602 10.064257 12.895503 15.844852 18.775713 21.436443 23.871752 21.436443 18.775713 15.844852 12.895503 10.064258 7.470603 5.212626 3.370511 1.985744 1.045615 0.480261 0.185625 0.056779 0.012280 0.001519 0.000081 0.000002 0.000000 0.000000 
0.000000 0.000000 0.000001 0.000049 0.001122 0.010401 0.052102 0.179223 0.480261 1.072526 2.075145 3.570471 5.577785 8.057847 10.932979 14.110713 17.485054 20.945877 24.335703 27.426039 30.098246 27.426039 24.335701 20.945877 17.485054 14.110714 10.932980 8.057847 5.577785 3.570471 2.075145 1.072526 0.480261 0.179223 0.052102 0.010401 0.001122 0.000049 0.000001 0.000000 
0.000000 0.000001 0.000024 0.000690 0.007771 0.043607 0.160944 0.452378 1.045615 2.075145 3.638109 5.762790 8.413083 11.512631 14.972190 18.694197 22.582975 26.517365 30.365364 33.843182 36.872833 33.843185 30.365366 26.517365 22.582975 18.694197 14.972190 11.512631 8.413083 5.762790 3.638110 2.075145 1.045615 0.452378 0.160945 0.043608 0.007772 0.000690 0.000025 0.000001 
0.000000 0.000010 0.000339 0.004996 0.032852 0.133461 0.399833 0.967281 1.985744 3.570471 5.762790 8.531878 11.802179 15.484933 19.486069 23.717167 28.074495 32.457638 36.703098 40.577423 43.939362 40.577427 36.703098 32.457638 28.074495 23.717167 19.486071 15.484933 11.802177 8.531878 5.762790 3.570473 1.985749 0.967294 0.399856 0.133493 0.032887 0.005025 0.000353 0.000013 
0.000003 0.000130 0.002654 0.021772 0.100832 0.328863 0.844699 1.812871 3.370510 5.577785 8.413082 11.802178 15.655072 19.877476 24.382982 29.075491 33.866714 38.631989 43.253189 47.418491 51.179630 47.418491 43.253189 38.631985 33.866714 29.075489 24.382982 19.877474 15.655072 11.802181 8.413098 5.577833 3.370641 1.813145 0.845170 0.329518 0.101568 0.022414 0.003044 0.000282 
0.000058 0.001168 0.012378 0.068084 0.248377 0.689893 1.568888 3.047605 5.212626 8.057848 11.512631 15.484933 19.877476 24.602497 29.565004 34.680710 39.838394 44.947598 49.843616 54.288876 58.317520 54.288876 49.843613 44.947594 39.838394 34.680710 29.565002 24.602495 19.877489 15.484990 11.512785 8.058290 5.213731 3.049976 1.573050 0.695788 0.255094 0.074221 0.016767 0.003777 
0.000873 0.006806 0.041572 0.170818 0.521269 1.274798 2.620015 4.678870 7.470602 10.932979 14.972190 19.486069 24.382982 29.565004 34.945988 40.419868 45.903103 51.257935 56.397583 60.969910 65.237053 60.969910 56.397583 51.257935 45.903111 40.419872 34.945995 29.565054 24.383232 19.486443 14.973152 10.935427 7.476409 4.691043 2.641411 1.305372 0.556576 0.204224 0.068241 0.027030 
0.007820 0.028854 0.113908 0.368730 0.968629 2.124291 4.002622 6.663887 10.064257 14.110713 18.694197 23.717167 29.075491 34.680710 40.419868 46.211281 51.926075 57.491356 62.741802 67.430656 71.697662 67.430664 62.741802 57.491364 51.926102 46.211334 40.420021 34.681072 29.076372 23.719177 18.698690 14.120812 10.085990 6.706731 4.076029 2.229348 1.092327 0.490662 0.219845 0.120590 
0.042199 0.097510 0.272549 0.714291 1.635696 3.248938 5.678030 8.920953 12.895503 17.485054 22.582975 28.074495 33.866714 39.838394 45.903107 51.926075 57.833317 63.484123 68.835915 73.484001 77.651764 73.484001 68.835915 63.484158 57.833511 51.926331 45.903751 39.840000 33.870449 28.082619 22.599039 17.517416 12.958259 9.035241 5.865424 3.514614 1.955063 1.043984 0.580570 0.386930 
0.156421 0.272798 0.583996 1.267297 2.549011 4.623329 7.568147 11.346504 15.844852 20.945877 26.517365 32.457638 38.631985 44.947594 51.257935 57.491356 63.484123 69.210464 74.524666 79.170601 83.049622 79.170609 74.524666 69.210579 63.484520 57.492329 51.259968 44.953251 38.644299 32.482857 26.563805 21.030500 15.994194 11.597111 7.956448 5.161037 3.202000 1.968895 1.279921 0.964907 
0.440241 0.643232 1.125934 2.071202 3.698929 6.175536 9.563927 13.800211 18.775713 24.335701 30.365366 36.703102 43.253189 49.843616 56.397583 62.741802 68.835915 74.524666 79.834862 84.407463 88.009216 84.407463 79.834930 74.524986 68.836952 62.745132 56.409767 49.861584 43.288654 36.770042 30.482000 24.532829 19.096449 14.299430 10.292850 7.150500 4.878078 3.369765 2.471614 2.033001 
0.939049 1.236883 1.888093 3.067011 4.965392 7.747996 11.461502 16.074011 21.436443 27.426041 33.843182 40.577427 47.418491 54.288872 60.969910 67.430656 73.484001 79.170601 84.407463 88.971123 92.328094 88.971146 84.407570 79.171310 73.486687 67.439072 60.991428 54.328926 47.502773 40.725151 34.085667 27.808727 22.015236 16.911587 12.606821 9.205343 6.681355 4.956003 3.884008 3.346456 
2.997355 3.337808 4.045229 5.246315 7.139196 9.889425 13.628144 18.311563 23.871754 30.098246 36.872829 43.939365 51.179630 58.317520 65.237053 71.697662 77.651764 83.049622 88.009216 92.328094 95.226219 92.328110 88.009392 83.051949 77.668587 71.774101 65.458656 58.796261 52.024426 45.262913 38.762253 32.644951 27.145752 22.378372 18.501619 15.518552 13.387682 11.951942 11.073663 10.630237 
0.939049 1.236883 1.888093 3.067012 4.965393 7.747996 11.461502 16.074011 21.436445 27.426041 33.843185 40.577427 47.418491 54.288876 60.969913 67.430656 73.484001 79.170609 84.407463 88.971146 92.328110 88.971161 84.407585 79.171318 73.486694 67.439079 60.991436 54.328926 47.502773 40.725155 34.085667 27.808729 22.015236 16.911587 12.606821 9.205342 6.681355 4.956003 3.884008 3.346456 
0.440242 0.643232 1.125935 2.071202 3.698929 6.175536 9.563929 13.800211 18.775713 24.335703 30.365364 36.703098 43.253189 49.843616 56.397583 62.741802 68.835915 74.524666 79.834930 84.407570 88.009392 84.407585 79.834999 74.525009 68.836952 62.745136 56.409775 49.861584 43.288658 36.770039 30.481998 24.532829 19.096449 14.299431 10.292850 7.150500 4.878078 3.369765 2.471614 2.033001 
0.156421 0.272798 0.583996 1.267298 2.549011 4.623329 7.568148 11.346504 15.844852 20.945877 26.517365 32.457638 38.631989 44.947601 51.257935 57.491364 63.484158 69.210579 74.524986 79.171310 83.051949 79.171318 74.525009 69.210701 63.484547 57.492332 51.259972 44.953251 38.644299 32.482857 26.563805 21.030500 15.994194 11.597111 7.956448 5.161037 3.202001 1.968895 1.279921 0.964907 
0.042199 0.097510 0.272549 0.714291 1.635696 3.248938 5.678030 8.920954 12.895503 17.485054 22.582975 28.074495 33.866714 39.838394 45.903111 51.926102 57.833511 63.484520 68.836952 73.486687 77.668587 73.486694 68.836952 63.484547 57.833706 51.926353 45.903755 39.840000 33.870449 28.082617 22.599039 17.517418 12.958260 9.035241 5.865424 3.514614 1.955063 1.043984 0.580570 0.386930 
0.007820 0.028854 0.113908 0.368730 0.968629 2.124291 4.002623 6.663888 10.064258 14.110714 18.694197 23.717167 29.075489 34.680710 40.419872 46.211334 51.926331 57.492332 62.745136 67.439079 71.774101 67.439079 62.745136 57.492332 51.926353 46.211380 40.420025 34.681072 29.076372 23.719177 18.698690 14.120812 10.085990 6.706731 4.076029 2.229348 1.092327 0.490662 0.219845 0.120590 
0.000873 0.006806 0.041572 0.170818 0.521269 1.274799 2.620015 4.678870 7.470602 10.932981 14.972190 19.486069 24.382982 29.565002 34.945995 40.420021 45.903755 51.259972 56.409767 60.991432 65.458656 60.991436 56.409775 51.259972 45.903755 40.420025 34.946022 29.565062 24.383232 19.486443 14.973152 10.935427 7.476409 4.691043 2.641411 1.305372 0.556576 0.204224 0.068241 0.027030 
0.000058 0.001168 0.012378 0.068084 0.248377 0.689893 1.568888 3.047605 5.212626 8.057848 11.512631 15.484933 19.877474 24.602495 29.565058 34.681072 39.840000 44.953251 49.861584 54.328926 58.796261 54.328926 49.861584 44.953251 39.840000 34.681072 29.565062 24.602503 19.877489 15.484990 11.512785 8.058290 5.213731 3.049976 1.573050 0.695788 0.255094 0.074221 0.016767 0.003777 
0.000003 0.000130 0.002654 0.021772 0.100832 0.328863 0.844699 1.812871 3.370511 5.577785 8.413082 11.802178 15.655072 19.877489 24.383232 29.076370 33.870449 38.644299 43.288654 47.502773 52.024426 47.502773 43.288658 38.644299 33.870449 29.076372 24.383232 19.877489 15.655073 11.802181 8.413098 5.577833 3.370642 1.813145 0.845170 0.329518 0.101568 0.022414 0.003044 0.000282 
0.000000 0.000010 0.000339 0.004996 0.032852 0.133461 0.399833 0.967281 1.985744 3.570471 5.762789 8.531878 11.802181 15.484990 19.486441 23.719177 28.082619 32.482857 36.770039 40.725151 45.262913 40.725155 36.770039 32.482857 28.082617 23.719177 19.486443 15.484990 11.802181 8.531878 5.762790 3.570473 1.985750 0.967294 0.399856 0.133493 0.032887 0.005025 0.000353 0.000013 
0.000000 0.000001 0.000024 0.000690 0.007771 0.043607 0.160944 0.452378 1.045615 2.075145 3.638110 5.762790 8.413098 11.512785 14.973152 18.698689 22.599039 26.563805 30.481998 34.085667 38.762253 34.085667 30.481998 26.563805 22.599039 18.698690 14.973152 11.512784 8.413098 5.762790 3.638110 2.075145 1.045615 0.452378 0.160945 0.043608 0.007772 0.000690 0.000025 0.000001 
0.000000 0.000000 0.000001 0.000049 0.001122 0.010401 0.052102 0.179223 0.480261 1.072526 2.075145 3.570473 5.577833 8.058290 10.935427 14.120812 17.517418 21.030502 24.532829 27.808727 32.644951 27.808727 24.532829 21.030500 17.517418 14.120812 10.935427 8.058290 5.577833 3.570473 2.075145 1.072526 0.480261 0.179223 0.052102 0.010401 0.001122 0.000049 0.000001 0.000000 
0.000000 0.000000 0.000000 0.000002 0.000081 0.001519 0.012280 0.056779 0.185625 0.480261 1.045615 1.985750 3.370641 5.213731 7.476409 10.085990 12.958258 15.994194 19.096449 22.015234 27.145748 22.015236 19.096451 15.994194 12.958260 10.085990 7.476409 5.213731 3.370642 1.985750 1.045615 0.480261 0.185625 0.056779 0.012280 0.001519 0.000081 0.000002 0.000000 0.000000 
0.000000 0.000000 0.000000 0.000000 0.000003 0.000107 0.001758 0.012962 0.056779 0.179223 0.452378 0.967294 1.813145 3.049976 4.691043 6.706731 9.035241 11.597111 14.299430 16.911585 22.378372 16.911587 14.299431 11.597111 9.035241 6.706730 4.691043 3.049976 1.813145 0.967294 0.452378 0.179223 0.056779 0.012962 0.001758 0.000107 0.000003 0.000000 0.000000 0.000000 
0.000000 0.000000 0.000000 0.000000 0.000000 0.000004 0.000118 0.001758 0.012280 0.052102 0.160945 0.399856 0.845170 1.573050 2.641411 4.076029 5.865424 7.956448 10.292850 12.606821 18.501617 12.606821 10.292850 7.956448 5.865424 4.076029 2.641411 1.573050 0.845170 0.399856 0.160945 0.052102 0.012280 0.001758 0.000118 0.000004 0.000000 0.000000 0.000000 0.000000 
0.000000 0.000000 0.000000 0.000000 0.000000 0.000000 0.000004 0.000107 0.001519 0.010401 0.043608 0.133493 0.329518 0.695788 1.305372 2.229348 3.514614 5.161038 7.150500 9.205342 15.518551 9.205342 7.150500 5.161037 3.514614 2.229348 1.305372 0.695788 0.329518 0.133493 0.043608 0.010401 0.001519 0.000107 0.000004 0.000000 0.000000 0.000000 0.000000 0.000000 
0.000000 0.000000 0.000000 0.000000 0.000000 0.000000 0.000000 0.000003 0.000081 0.001122 0.007772 0.032887 0.101568 0.255094 0.556576 1.092327 1.955063 3.202001 4.878078 6.681355 13.387682 6.681355 4.878078 3.202000 1.955063 1.092327 0.556576 0.255094 0.101568 0.032887 0.007772 0.001122 0.000081 0.000003 0.000000 0.000000 0.000000 0.000000 0.000000 0.000000 
0.000000 0.000000 0.000000 0.000000 0.000000 0.000000 0.000000 0.000000 0.000002 0.000049 0.000690 0.005025 0.022414 0.074221 0.204224 0.490662 1.043984 1.968895 3.369765 4.956003 11.951942 4.956003 3.369765 1.968895 1.043984 0.490662 0.204224 0.074221 0.022414 0.005025 0.000690 0.000049 0.000002 0.000000 0.000000 0.000000 0.000000 0.000000 0.000000 0.000000 
0.000000 0.000000 0.000000 0.000000 0.000000 0.000000 0.000000 0.000000 0.000000 0.000001 0.000025 0.000353 0.003044 0.016767 0.068241 0.219845 0.580570 1.279921 2.471614 3.884008 11.073663 3.884008 2.471614 1.279921 0.580570 0.219845 0.068241 0.016767 0.003044 0.000353 0.000025 0.000001 0.000000 0.000000 0.000000 0.000000 0.000000 0.000000 0.000000 0.000000 
0.000000 0.000000 0.000000 0.000000 0.000000 0.000000 0.000000 0.000000 0.000000 0.000000 0.000001 0.000013 0.000282 0.003777 0.027030 0.120590 0.386930 0.964907 2.033001 3.346456 10.630237 3.346456 2.033001 0.964907 0.386930 0.120590 0.027030 0.003777 0.000282 0.000013 0.000001 0.000000 0.000000 0.000000 0.000000 0.000000 0.000000 0.000000 0.000000 0.000000 
