0.000000 0.000000 0.000000 0.000000 0.000000 0.000000 0.000000 0.000000 0.000000 0.000000 0.000000 0.000000 0.000000 0.000000 0.000001 0.000011 0.000073 0.000371 0.001318 0.003033 0.004130 0.003033 0.001318 0.000371 0.000073 0.000011 0.000001 0.000000 0.000000 0.000000 0.000000 0.000000 0.000000 0.000000 0.000000 0.000000 0.000000 0.000000 0.000000 0.000000 
0.000000 0.000000 0.000000 0.000000 0.000000 0.000000 0.000000 0.000000 0.000000 0.000000 0.000000 0.000000 0.000000 0.000005 0.000054 0.000468 0.003007 0.013689 0.042140 0.084967 0.109198 0.084967 0.042140 0.013689 0.003007 0.000468 0.000054 0.000005 0.000000 0.000000 0.000000 0.000000 0.000000 0.000000 0.000000 0.000000 0.000000 0.000000 0.000000 0.000000 
0.000000 0.000000 0.000000 0.000000 0.000000 0.000000 0.000000 0.000000 0.000000 0.000000 0.000000 0.000001 0.000017 0.000219 0.002240 0.016775 0.084880 0.269237 0.558381 0.850080 1.004426 0.850080 0.558381 0.269237 0.084880 0.016775 0.002240 0.000219 0.000017 0.000001 0.000000 0.000000 0.000000 0.000000 0.000000 0.000000 0.000000 0.000000 0.000000 0.000000 
0.000000 0.000000 0.000000 0.000000 0.000000 0.000000 0.000000 0.000000 0.000000 0.000000 0.000002 0.000044 0.000672 0.007806 0.062088 0.286540 0.760674 1.451286 2.232710 2.947438 3.244082 2.947438 2.232710 1.451286 0.760674 0.286540 0.062088 0.007806 0.000672 0.000044 0.000002 0.000000 0.000000 0.000000 0.000000 0.000000 0.000000 0.000000 0.000000 0.000000 
0.000000 0.000000 0.000000 0.000000 0.000000 0.000000 0.000000 0.000000 0.000000 0.000004 0.000094 0.001603 0.020278 0.156015 0.592613 1.386425 2.481310 3.794592 5.204598 6.435626 7.071501 6.435626 5.204598 3.794591 2.481310 1.386425 0.592613 0.156015 0.020278 0.001603 0.000094 0.000004 0.000000 0.000000 0.000000 0.000000 0.000000 0.000000 0.000000 0.000000 
0.000000 0.000000 0.000000 0.000000 0.000000 0.000000 0.000000 0.000000 0.000007 0.000158 0.003019 0.040424 0.283510 0.932258 2.014363 3.496569 5.322724 7.390018 9.510253 11.377756 12.369371 11.377756 9.510253 7.390018 5.322724 3.496570 2.014363 0.932258 0.283510 0.040424 0.003019 0.000158 0.000007 0.000000 0.000000 0.000000 0.000000 0.000000 0.000000 0.000000 
0.000000 0.000000 0.000000 0.000000 0.000000 0.000000 0.000000 0.000008 0.000216 0.004558 0.063926 0.410407 1.245589 2.578319 4.407600 6.689631 9.337817 12.171813 14.952314 17.277184 18.624924 17.277184 14.952314 12.171814 9.337818 6.689631 4.407600 2.578319 1.245590 0.410407 0.063926 0.004558 0.000216 0.000008 0.000000 0.000000 0.000000 0.000000 0.000000 0.000000 
0.000000 0.000000 0.000000 0.000000 0.000000 0.000000 0.000008 0.000239 0.005581 0.082837 0.509479 1.489949 3.036226 5.158473 7.831313 10.959892 14.347075 17.716057 20.732195 23.105984 24.453733 23.105984 20.732195 17.716057 14.347075 10.959892 7.831313 5.158473 3.036226 1.489950 0.509479 0.082837 0.005581 0.000239 0.000008 0.000000 0.000000 0.000000 0.000000 0.000000 
0.000000 0.000000 0.000000 0.000000 0.000000 0.000007 0.000216 0.005581 0.090055 0.563383 1.643793 3.354775 5.716490 8.708441 12.225141 16.026400 19.772890 23.094740 25.756107 27.627476 28.701010 27.627476 25.756107 23.094740 19.772890 16.026400 12.225141 8.708440 5.716490 3.354775 1.643793 0.563383 0.090055 0.005581 0.000216 0.000007 0.000000 0.000000 0.000000 0.000000 
0.000000 0.000000 0.000000 0.000000 0.000004 0.000158 0.004558 0.082837 0.563383 1.696300 3.517375 6.058248 9.301475 13.124343 17.238924 21.232580 24.687458 27.369768 29.244400 30.440430 31.106024 30.440430 29.244398 27.369768 24.687458 21.232580 17.238922 13.124342 9.301475 6.058248 3.517375 1.696300 0.563383 0.082837 0.004558 0.000158 0.000004 0.000000 0.000000 0.000000 
0.000000 0.000000 0.000000 0.000002 0.000094 0.003019 0.063926 0.509479 1.643793 3.517375 6.173096 9.599758 13.660546 18.021006 22.197952 25.723188 28.364281 30.140562 31.245020 31.873289 32.229183 31.873289 31.245020 30.140560 28.364281 25.723188 22.197952 18.021004 13.660546 9.599759 6.173096 3.517375 1.643794 0.509479 0.063926 0.003019 0.000094 0.000002 0.000000 0.000000 
0.000000 0.000000 0.000001 0.000044 0.001603 0.040424 0.410407 1.489949 3.354775 6.058248 9.599758 13.838525 18.403702 22.746180 26.344080 28.959675 30.653107 31.660179 32.217987 32.508549 32.673313 32.508549 32.217987 31.660179 30.653107 28.959675 26.344080 22.746180 18.403702 13.838525 9.599759 6.058248 3.354775 1.489950 0.410407 0.040424 0.001603 0.000044 0.000001 0.000000 
0.000000 0.000000 0.000017 0.000672 0.020278 0.283510 1.245589 3.036226 5.716490 9.301475 13.660545 18.403702 22.923784 26.634930 29.277052 30.935738 31.883345 32.385086 32.639736 32.758625 32.829266 32.758625 32.639736 32.385086 31.883345 30.935736 29.277052 26.634932 22.923784 18.403702 13.660546 9.301475 5.716490 3.036226 1.245589 0.283510 0.020278 0.000672 0.000017 0.000000 
0.000000 0.000005 0.000219 0.007806 0.156015 0.932258 2.578318 5.158473 8.708441 13.124343 18.021006 22.746180 26.634930 29.376755 31.062035 31.994864 32.469646 32.698765 32.804634 32.850208 32.878582 32.850208 32.804634 32.698765 32.469646 31.994864 31.062035 29.376755 26.634932 22.746180 18.021006 13.124343 8.708441 5.158473 2.578319 0.932258 0.156015 0.007806 0.000219 0.000005 
0.000001 0.000054 0.002240 0.062088 0.592613 2.014363 4.407600 7.831313 12.225141 17.238924 22.197952 26.344080 29.277052 31.062035 32.028851 32.505638 32.726410 32.823311 32.865444 32.881969 32.893948 32.881969 32.865444 32.823311 32.726410 32.505638 32.028851 31.062035 29.277052 26.344080 22.197952 17.238926 12.225142 7.831312 4.407600 2.014363 0.592614 0.062089 0.002241 0.000057 
0.000011 0.000468 0.016775 0.286540 1.386425 3.496569 6.689631 10.959892 16.026400 21.232580 25.723188 28.959675 30.935738 31.994864 32.505638 32.734646 32.830990 32.870602 32.886932 32.893284 32.899170 32.893284 32.886932 32.870602 32.830990 32.734646 32.505638 31.994864 30.935736 28.959675 25.723188 21.232580 16.026400 10.959893 6.689634 3.496573 1.386433 0.286551 0.016793 0.000501 
0.000073 0.003007 0.084880 0.760674 2.481310 5.322724 9.337817 14.347075 19.772890 24.687458 28.364281 30.653107 31.883345 32.469646 32.726410 32.830990 32.872169 32.888184 32.895046 32.897781 32.901619 32.897781 32.895046 32.888187 32.872169 32.830990 32.726410 32.469646 31.883345 30.653109 28.364285 24.687462 19.772898 14.347089 9.337845 5.322772 2.481387 0.760801 0.085071 0.003322 
0.000371 0.013689 0.269237 1.451286 3.794592 7.390018 12.171813 17.716057 23.094740 27.369768 30.140560 31.660179 32.385086 32.698765 32.823311 32.870602 32.888184 32.895229 32.898552 32.900143 32.902981 32.900143 32.898552 32.895229 32.888187 32.870602 32.823311 32.698765 32.385086 31.660183 30.140575 27.369806 23.094839 17.716259 12.172153 7.390546 3.795373 1.452396 0.270800 0.016048 
0.001318 0.042140 0.558381 2.232710 5.204598 9.510253 14.952314 20.732195 25.756107 29.244400 31.245020 32.217987 32.639736 32.804634 32.865444 32.886932 32.895046 32.898552 32.900639 32.901657 32.903912 32.901657 32.900639 32.898552 32.895046 32.886932 32.865444 32.804634 32.639740 32.218010 31.245113 29.244698 25.756886 20.733839 14.955197 9.514511 5.210232 2.239848 0.567461 0.054762 
0.003033 0.084967 0.850080 2.947438 6.435625 11.377756 17.277185 23.105986 27.627476 30.440430 31.873289 32.508549 32.758625 32.850208 32.881969 32.893284 32.897781 32.900143 32.901657 32.902458 32.904285 32.902458 32.901657 32.900143 32.897781 32.893284 32.881969 32.850216 32.758656 32.508686 31.873793 30.441999 27.631603 23.114725 17.291815 11.397864 6.459862 2.975014 0.881366 0.124784 
0.004130 0.109198 1.004426 3.244081 7.071501 12.369372 18.624926 24.453733 28.701010 31.106024 32.229183 32.673313 32.829266 32.878582 32.893948 32.899170 32.901619 32.902981 32.903912 32.904285 32.904732 32.904285 32.903912 32.902981 32.901619 32.899174 32.893955 32.878628 32.829453 32.673981 32.231251 31.111574 28.713966 24.478455 18.662277 12.415155 7.120549 3.293862 1.055878 0.170707 
0.003033 0.084967 0.850080 2.947438 6.435625 11.377755 17.277184 23.105984 27.627476 30.440430 31.873289 32.508549 32.758625 32.850208 32.881969 32.893284 32.897781 32.900143 32.901657 32.902458 32.904285 32.902458 32.901657 32.900143 32.897781 32.893284 32.881969 32.850216 32.758656 32.508686 31.873793 30.441999 27.631603 23.114725 17.291815 11.397864 6.459862 2.975014 0.881366 0.124784 
0.001318 0.042140 0.558381 2.232710 5.204598 9.510254 14.952314 20.732195 25.756107 29.244398 31.245020 32.217987 32.639736 32.804634 32.865444 32.886932 32.895046 32.898552 32.900639 32.901657 32.903912 32.901657 32.900639 32.898552 32.895046 32.886932 32.865444 32.804634 32.639740 32.218010 31.245113 29.244698 25.756886 20.733839 14.955198 9.514512 5.210232 2.239848 0.567461 0.054762 
0.000371 0.013689 0.269237 1.451286 3.794591 7.390019 12.171813 17.716057 23.094740 27.369768 30.140562 31.660179 32.385086 32.698765 32.823311 32.870602 32.888184 32.895229 32.898552 32.900143 32.902981 32.900143 32.898552 32.895229 32.888184 32.870602 32.823311 32.698765 32.385086 31.660183 30.140575 27.369806 23.094837 17.716261 12.172153 7.390546 3.795373 1.452396 0.270800 0.016048 
0.000073 0.003007 0.084880 0.760674 2.481310 5.322724 9.337818 14.347075 19.772890 24.687458 28.364281 30.653109 31.883345 32.469646 32.726410 32.830990 32.872169 32.888184 32.895046 32.897781 32.901619 32.897781 32.895046 32.888184 32.872169 32.830990 32.726410 32.469646 31.883345 30.653109 28.364285 24.687462 19.772898 14.347090 9.337845 5.322772 2.481387 0.760801 0.085071 0.003322 
0.000011 0.000468 0.016775 0.286540 1.386425 3.496570 6.689631 10.959892 16.026400 21.232580 25.723186 28.959675 30.935736 31.994864 32.505638 32.734646 32.830990 32.870602 32.886932 32.893284 32.899174 32.893284 32.886932 32.870602 32.830990 32.734646 32.505638 31.994864 30.935736 28.959675 25.723188 21.232580 16.026400 10.959893 6.689633 3.496573 1.386433 0.286551 0.016793 0.000501 
0.000001 0.000054 0.002240 0.062088 0.592613 2.014363 4.407600 7.831313 12.225142 17.238924 22.197952 26.344080 29.277052 31.062035 32.028851 32.505638 32.726410 32.823311 32.865444 32.881969 32.893955 32.881969 32.865444 32.823311 32.726410 32.505638 32.028851 31.062035 29.277052 26.344080 22.197952 17.238924 12.225141 7.831312 4.407600 2.014363 0.592614 0.062089 0.002241 0.000057 
0.000000 0.000005 0.000219 0.007806 0.156015 0.932258 2.578318 5.158473 8.708440 13.124342 18.021006 22.746181 26.634933 29.376755 31.062035 31.994864 32.469646 32.698765 32.804634 32.850216 32.878628 32.850216 32.804634 32.698765 32.469646 31.994864 31.062035 29.376757 26.634932 22.746180 18.021006 13.124343 8.708440 5.158473 2.578318 0.932258 0.156015 0.007806 0.000219 0.000005 
0.000000 0.000000 0.000017 0.000672 0.020278 0.283510 1.245589 3.036226 5.716490 9.301475 13.660546 18.403702 22.923784 26.634930 29.277050 30.935738 31.883345 32.385086 32.639740 32.758659 32.829453 32.758656 32.639740 32.385086 31.883345 30.935736 29.277052 26.634932 22.923784 18.403704 13.660545 9.301475 5.716490 3.036226 1.245589 0.283510 0.020278 0.000672 0.000017 0.000000 
0.000000 0.000000 0.000001 0.000044 0.001603 0.040424 0.410407 1.489950 3.354775 6.058248 9.599758 13.838525 18.403702 22.746180 26.344078 28.959675 30.653109 31.660183 32.218010 32.508686 32.673981 32.508686 32.218010 31.660183 30.653109 28.959675 26.344080 22.746180 18.403704 13.838524 9.599758 6.058248 3.354775 1.489949 0.410407 0.040424 0.001603 0.000044 0.000001 0.000000 
0.000000 0.000000 0.000000 0.000002 0.000094 0.003019 0.063926 0.509479 1.643794 3.517374 6.173096 9.599758 13.660546 18.021006 22.197952 25.723186 28.364283 30.140575 31.245113 31.873793 32.231251 31.873793 31.245113 30.140575 28.364285 25.723188 22.197952 18.021006 13.660545 9.599758 6.173096 3.517374 1.643793 0.509479 0.063926 0.003019 0.000094 0.000002 0.000000 0.000000 
0.000000 0.000000 0.000000 0.000000 0.000004 0.000158 0.004558 0.082837 0.563383 1.696300 3.517374 6.058248 9.301475 13.124343 17.238924 21.232580 24.687462 27.369806 29.244698 30.441999 31.111574 30.441999 29.244698 27.369806 24.687462 21.232580 17.238924 13.124343 9.301475 6.058248 3.517374 1.696300 0.563383 0.082837 0.004558 0.000158 0.000004 0.000000 0.000000 0.000000 
0.000000 0.000000 0.000000 0.000000 0.000000 0.000007 0.000216 0.005581 0.090055 0.563383 1.643794 3.354775 5.716490 8.708441 12.225141 16.026400 19.772898 23.094839 25.756886 27.631603 28.713966 27.631603 25.756886 23.094837 19.772898 16.026400 12.225141 8.708440 5.716490 3.354775 1.643793 0.563383 0.090055 0.005581 0.000216 0.000007 0.000000 0.000000 0.000000 0.000000 
0.000000 0.000000 0.000000 0.000000 0.000000 0.000000 0.000008 0.000239 0.005581 0.082837 0.509479 1.489949 3.036226 5.158473 7.831312 10.959893 14.347089 17.716259 20.733839 23.114725 24.478455 23.114725 20.733839 17.716261 14.347090 10.959893 7.831312 5.158473 3.036226 1.489949 0.509479 0.082837 0.005581 0.000239 0.000008 0.000000 0.000000 0.000000 0.000000 0.000000 
0.000000 0.000000 0.000000 0.000000 0.000000 0.000000 0.000000 0.000008 0.000216 0.004558 0.063926 0.410407 1.245589 2.578318 4.407600 6.689633 9.337845 12.172153 14.955198 17.291815 18.662277 17.291815 14.955198 12.172153 9.337845 6.689633 4.407600 2.578318 1.245589 0.410407 0.063926 0.004558 0.000216 0.000008 0.000000 0.000000 0.000000 0.000000 0.000000 0.000000 
0.000000 0.000000 0.000000 0.000000 0.000000 0.000000 0.000000 0.000000 0.000007 0.000158 0.003019 0.040424 0.283510 0.932258 2.014363 3.496573 5.322772 7.390546 9.514512 11.397864 12.415155 11.397864 9.514512 7.390546 5.322772 3.496573 2.014363 0.932258 0.283510 0.040424 0.003019 0.000158 0.000007 0.000000 0.000000 0.000000 0.000000 0.000000 0.000000 0.000000 
0.000000 0.000000 0.000000 0.000000 0.000000 0.000000 0.000000 0.000000 0.000000 0.000004 0.000094 0.001603 0.020278 0.156015 0.592614 1.386433 2.481387 3.795373 5.210232 6.459862 7.120549 6.459862 5.210232 3.795373 2.481387 1.386433 0.592614 0.156015 0.020278 0.001603 0.000094 0.000004 0.000000 0.000000 0.000000 0.000000 0.000000 0.000000 0.000000 0.000000 
0.000000 0.000000 0.000000 0.000000 0.000000 0.000000 0.000000 0.000000 0.000000 0.000000 0.000002 0.000044 0.000672 0.007806 0.062089 0.286551 0.760801 1.452396 2.239848 2.975014 3.293862 2.975014 2.239848 1.452396 0.760801 0.286551 0.062089 0.007806 0.000672 0.000044 0.000002 0.000000 0.000000 0.000000 0.000000 0.000000 0.000000 0.000000 0.000000 0.000000 
0.000000 0.000000 0.000000 0.000000 0.000000 0.000000 0.000000 0.000000 0.000000 0.000000 0.000000 0.000001 0.000017 0.000219 0.002241 0.016793 0.085071 0.270800 0.567461 0.881366 1.055878 0.881366 0.567461 0.270800 0.085071 0.016793 0.002241 0.000219 0.000017 0.000001 0.000000 0.000000 0.000000 0.000000 0.000000 0.000000 0.000000 0.000000 0.000000 0.000000 
0.000000 0.000000 0.000000 0.000000 0.000000 0.000000 0.000000 0.000000 0.000000 0.000000 0.000000 0.000000 0.000000 0.000005 0.000057 0.000501 0.003322 0.016048 0.054762 0.124784 0.170707 0.124784 0.054762 0.016048 0.003322 0.000501 0.000057 0.000005 0.000000 0.000000 0.000000 0.000000 0.000000 0.000000 0.000000 0.000000 0.000000 0.000000 0.000000 0.000000 
