0.000000 0.000000 0.000000 0.000000 0.000000 0.000000 0.000000 0.000000 0.000000 0.000000 0.000000 0.000000 0.000000 0.000000 0.000000 0.000000 0.000000 0.000000 0.000000 0.000000 0.000000 0.000000 0.000000 0.000000 0.000000 0.000000 0.000000 0.000000 0.000000 0.000000 0.000000 0.000000 0.000000 0.000000 0.000000 0.000000 0.000000 0.000000 0.000000 0.000000 
0.000000 0.000000 0.000000 0.000000 0.000000 0.000000 0.000000 0.000000 0.000000 0.000000 0.000000 0.000000 0.000000 0.000000 0.000000 0.000000 0.000000 0.000000 0.000000 0.000000 0.000000 0.000000 0.000000 0.000000 0.000000 0.000000 0.000000 0.000000 0.000000 0.000000 0.000000 0.000000 0.000000 0.000000 0.000000 0.000000 0.000000 0.000000 0.000000 0.000000 
0.000000 0.000000 0.000000 0.000000 0.000000 0.000000 0.000000 0.000000 0.000000 0.000000 0.000000 0.000000 0.000000 0.000000 0.000000 0.000000 0.000000 0.000000 0.000000 0.000000 0.000000 0.000000 0.000000 0.000000 0.000000 0.000000 0.000000 0.000000 0.000000 0.000000 0.000000 0.000000 0.000000 0.000000 0.000000 0.000000 0.000000 0.000000 0.000000 0.000000 
0.000000 0.000000 0.000000 0.000000 0.000000 0.000000 0.000000 0.000000 0.000000 0.000000 0.000000 0.000000 0.000000 0.000000 0.000000 0.000000 0.000000 0.000000 0.000000 0.000000 0.000000 0.000000 0.000000 0.000000 0.000000 0.000000 0.000000 0.000000 0.000000 0.000000 0.000000 0.000000 0.000000 0.000000 0.000000 0.000000 0.000000 0.000000 0.000000 0.000000 
0.000000 0.000000 0.000000 0.000000 0.000000 0.000000 0.000000 0.000000 0.000000 0.000000 0.000000 0.000000 0.000000 0.000000 0.000000 0.000000 0.000000 0.000000 0.000000 0.000000 0.000001 0.000000 0.000000 0.000000 0.000000 0.000000 0.000000 0.000000 0.000000 0.000000 0.000000 0.000000 0.000000 0.000000 0.000000 0.000000 0.000000 0.000000 0.000000 0.000000 
0.000000 0.000000 0.000000 0.000000 0.000000 0.000000 0.000000 0.000000 0.000000 0.000000 0.000000 0.000000 0.000000 0.000000 0.000000 0.000000 0.000000 0.000001 0.000005 0.000019 0.000032 0.000019 0.000005 0.000001 0.000000 0.000000 0.000000 0.000000 0.000000 0.000000 0.000000 0.000000 0.000000 0.000000 0.000000 0.000000 0.000000 0.000000 0.000000 0.000000 
0.000000 0.000000 0.000000 0.000000 0.000000 0.000000 0.000000 0.000000 0.000000 0.000000 0.000000 0.000000 0.000000 0.000000 0.000000 0.000000 0.000006 0.000048 0.000274 0.000929 0.001554 0.000929 0.000274 0.000048 0.000006 0.000000 0.000000 0.000000 0.000000 0.000000 0.000000 0.000000 0.000000 0.000000 0.000000 0.000000 0.000000 0.000000 0.000000 0.000000 
0.000000 0.000000 0.000000 0.000000 0.000000 0.000000 0.000000 0.000000 0.000000 0.000000 0.000000 0.000000 0.000000 0.000000 0.000002 0.000023 0.000262 0.002126 0.011109 0.033848 0.053575 0.033848 0.011109 0.002126 0.000262 0.000023 0.000002 0.000000 0.000000 0.000000 0.000000 0.000000 0.000000 0.000000 0.000000 0.000000 0.000000 0.000000 0.000000 0.000000 
0.000000 0.000000 0.000000 0.000000 0.000000 0.000000 0.000000 0.000000 0.000000 0.000000 0.000000 0.000000 0.000000 0.000004 0.000066 0.000951 0.009813 0.064111 0.236701 0.499836 0.701957 0.499836 0.236701 0.064111 0.009813 0.000951 0.000066 0.000004 0.000000 0.000000 0.000000 0.000000 0.000000 0.000000 0.000000 0.000000 0.000000 0.000000 0.000000 0.000000 
0.000000 0.000000 0.000000 0.000000 0.000000 0.000000 0.000000 0.000000 0.000000 0.000000 0.000000 0.000000 0.000006 0.000137 0.002388 0.028822 0.194740 0.645768 1.334296 2.222327 2.428656 2.222328 1.334296 0.645768 0.194740 0.028822 0.002388 0.000137 0.000006 0.000000 0.000000 0.000000 0.000000 0.000000 0.000000 0.000000 0.000000 0.000000 0.000000 0.000000 
0.000000 0.000000 0.000000 0.000000 0.000000 0.000000 0.000000 0.000000 0.000000 0.000000 0.000000 0.000008 0.000210 0.004306 0.057646 0.362770 1.089533 2.168107 3.629959 5.003078 6.040382 5.003079 3.629958 2.168107 1.089533 0.362770 0.057646 0.004306 0.000210 0.000008 0.000000 0.000000 0.000000 0.000000 0.000000 0.000000 0.000000 0.000000 0.000000 0.000000 
0.000000 0.000000 0.000000 0.000000 0.000000 0.000000 0.000000 0.000000 0.000000 0.000000 0.000008 0.000242 0.005735 0.084187 0.504484 1.450894 2.855676 4.768263 6.958488 9.294290 10.971780 9.294291 6.958488 4.768263 2.855676 1.450894 0.504484 0.084187 0.005735 0.000242 0.000008 0.000000 0.000000 0.000000 0.000000 0.000000 0.000000 0.000000 0.000000 0.000000 
0.000000 0.000000 0.000000 0.000000 0.000000 0.000000 0.000000 0.000000 0.000000 0.000006 0.000210 0.005735 0.094867 0.583531 1.678165 3.337071 5.607606 8.341355 11.508467 14.458105 17.304398 14.458106 11.508465 8.341354 5.607605 3.337071 1.678165 0.583531 0.094867 0.005735 0.000210 0.000006 0.000000 0.000000 0.000000 0.000000 0.000000 0.000000 0.000000 0.000000 
0.000000 0.000000 0.000000 0.000000 0.000000 0.000000 0.000000 0.000000 0.000004 0.000137 0.004306 0.084187 0.583531 1.755470 3.580793 6.120906 9.249617 12.931221 16.644009 20.176991 23.296179 20.176992 16.644009 12.931221 9.249617 6.120906 3.580793 1.755470 0.583531 0.084187 0.004306 0.000137 0.000004 0.000000 0.000000 0.000000 0.000000 0.000000 0.000000 0.000000 
0.000000 0.000000 0.000000 0.000000 0.000000 0.000000 0.000000 0.000002 0.000066 0.002388 0.057646 0.504484 1.678165 3.580793 6.292491 9.701716 13.745955 17.918396 21.933575 25.011118 28.031067 25.011120 21.933575 17.918398 13.745956 9.701715 6.292491 3.580793 1.678165 0.504484 0.057646 0.002388 0.000066 0.000002 0.000000 0.000000 0.000000 0.000000 0.000000 0.000000 
0.000000 0.000000 0.000000 0.000000 0.000000 0.000000 0.000000 0.000023 0.000951 0.028822 0.362770 1.450894 3.337071 6.120906 9.701715 14.013086 18.509289 22.820932 26.207333 28.630829 30.742867 28.630831 26.207335 22.820934 18.509291 14.013086 9.701715 6.120906 3.337071 1.450894 0.362770 0.028822 0.000951 0.000023 0.000000 0.000000 0.000000 0.000000 0.000000 0.000000 
0.000000 0.000000 0.000000 0.000000 0.000000 0.000000 0.000006 0.000262 0.009813 0.194740 1.089533 2.855676 5.607605 9.249617 13.745956 18.509291 23.088516 26.689009 29.306515 30.738405 32.083321 30.738407 29.306517 26.689011 23.088518 18.509291 13.745956 9.249617 5.607605 2.855676 1.089533 0.194740 0.009813 0.000262 0.000006 0.000000 0.000000 0.000000 0.000000 0.000000 
0.000000 0.000000 0.000000 0.000000 0.000000 0.000001 0.000048 0.002126 0.064111 0.645768 2.168107 4.768263 8.341354 12.931221 17.918398 22.820932 26.689009 29.458942 31.087107 31.897621 32.615044 31.897621 31.087109 29.458942 26.689011 22.820934 17.918398 12.931221 8.341354 4.768263 2.168107 0.645768 0.064111 0.002126 0.000048 0.000001 0.000000 0.000000 0.000000 0.000000 
0.000000 0.000000 0.000000 0.000000 0.000000 0.000005 0.000274 0.011109 0.236701 1.334296 3.629959 6.958488 11.508465 16.644009 21.933575 26.207333 29.306515 31.087107 32.070694 32.465286 32.817951 32.465286 32.070694 31.087109 29.306517 26.207335 21.933575 16.644009 11.508466 6.958488 3.629958 1.334296 0.236701 0.011109 0.000274 0.000005 0.000000 0.000000 0.000000 0.000000 
0.000000 0.000000 0.000000 0.000000 0.000000 0.000019 0.000929 0.033848 0.499836 2.222327 5.003078 9.294290 14.458105 20.176992 25.011120 28.630831 30.738405 31.897621 32.465286 32.673962 32.856468 32.673962 32.465286 31.897621 30.738407 28.630831 25.011120 20.176992 14.458107 9.294291 5.003079 2.222328 0.499836 0.033848 0.000929 0.000019 0.000000 0.000000 0.000000 0.000000 
0.000000 0.000000 0.000000 0.000000 0.000001 0.000032 0.001554 0.053575 0.701957 2.428657 6.040384 10.971781 17.304398 23.296179 28.031067 30.742867 32.083321 32.615044 32.817951 32.856468 32.904663 32.856468 32.817951 32.615044 32.083321 30.742867 28.031067 23.296179 17.304398 10.971782 6.040384 2.428657 0.701958 0.053575 0.001554 0.000032 0.000001 0.000000 0.000000 0.000000 
0.000000 0.000000 0.000000 0.000000 0.000000 0.000019 0.000929 0.033848 0.499836 2.222328 5.003079 9.294291 14.458107 20.176992 25.011120 28.630831 30.738407 31.897621 32.465286 32.673962 32.856468 32.673962 32.465286 31.897621 30.738407 28.630831 25.011120 20.176992 14.458107 9.294291 5.003079 2.222328 0.499836 0.033848 0.000929 0.000019 0.000000 0.000000 0.000000 0.000000 
0.000000 0.000000 0.000000 0.000000 0.000000 0.000005 0.000274 0.011109 0.236701 1.334296 3.629958 6.958488 11.508465 16.644009 21.933575 26.207335 29.306517 31.087109 32.070694 32.465286 32.817951 32.465286 32.070694 31.087109 29.306517 26.207335 21.933575 16.644009 11.508466 6.958488 3.629958 1.334296 0.236701 0.011109 0.000274 0.000005 0.000000 0.000000 0.000000 0.000000 
0.000000 0.000000 0.000000 0.000000 0.000000 0.000001 0.000048 0.002126 0.064111 0.645768 2.168107 4.768263 8.341354 12.931221 17.918398 22.820934 26.689011 29.458942 31.087109 31.897621 32.615044 31.897621 31.087109 29.458942 26.689011 22.820934 17.918398 12.931221 8.341354 4.768263 2.168107 0.645768 0.064111 0.002126 0.000048 0.000001 0.000000 0.000000 0.000000 0.000000 
0.000000 0.000000 0.000000 0.000000 0.000000 0.000000 0.000006 0.000262 0.009813 0.194740 1.089533 2.855676 5.607605 9.249617 13.745956 18.509291 23.088518 26.689011 29.306517 30.738407 32.083321 30.738407 29.306517 26.689011 23.088518 18.509291 13.745956 9.249617 5.607605 2.855676 1.089533 0.194740 0.009813 0.000262 0.000006 0.000000 0.000000 0.000000 0.000000 0.000000 
0.000000 0.000000 0.000000 0.000000 0.000000 0.000000 0.000000 0.000023 0.000951 0.028822 0.362770 1.450894 3.337071 6.120906 9.701715 14.013086 18.509291 22.820934 26.207335 28.630831 30.742867 28.630831 26.207335 22.820934 18.509291 14.013086 9.701715 6.120906 3.337071 1.450894 0.362770 0.028822 0.000951 0.000023 0.000000 0.000000 0.000000 0.000000 0.000000 0.000000 
0.000000 0.000000 0.000000 0.000000 0.000000 0.000000 0.000000 0.000002 0.000066 0.002388 0.057646 0.504484 1.678165 3.580793 6.292491 9.701715 13.745956 17.918398 21.933577 25.011120 28.031067 25.011120 21.933575 17.918398 13.745956 9.701715 6.292491 3.580793 1.678165 0.504484 0.057646 0.002388 0.000066 0.000002 0.000000 0.000000 0.000000 0.000000 0.000000 0.000000 
0.000000 0.000000 0.000000 0.000000 0.000000 0.000000 0.000000 0.000000 0.000004 0.000137 0.004306 0.084187 0.583531 1.755470 3.580793 6.120906 9.249617 12.931221 16.644009 20.176992 23.296179 20.176992 16.644009 12.931221 9.249617 6.120906 3.580793 1.755470 0.583531 0.084187 0.004306 0.000137 0.000004 0.000000 0.000000 0.000000 0.000000 0.000000 0.000000 0.000000 
0.000000 0.000000 0.000000 0.000000 0.000000 0.000000 0.000000 0.000000 0.000000 0.000006 0.000210 0.005735 0.094866 0.583531 1.678165 3.337071 5.607605 8.341354 11.508466 14.458106 17.304398 14.458108 11.508465 8.341354 5.607605 3.337071 1.678165 0.583531 0.094867 0.005735 0.000210 0.000006 0.000000 0.000000 0.000000 0.000000 0.000000 0.000000 0.000000 0.000000 
0.000000 0.000000 0.000000 0.000000 0.000000 0.000000 0.000000 0.000000 0.000000 0.000000 0.000008 0.000242 0.005735 0.084187 0.504484 1.450894 2.855676 4.768263 6.958488 9.294291 10.971782 9.294291 6.958488 4.768263 2.855676 1.450894 0.504484 0.084187 0.005735 0.000242 0.000008 0.000000 0.000000 0.000000 0.000000 0.000000 0.000000 0.000000 0.000000 0.000000 
0.000000 0.000000 0.000000 0.000000 0.000000 0.000000 0.000000 0.000000 0.000000 0.000000 0.000000 0.000008 0.000210 0.004306 0.057646 0.362770 1.089533 2.168107 3.629958 5.003079 6.040384 5.003079 3.629958 2.168107 1.089533 0.362770 0.057646 0.004306 0.000210 0.000008 0.000000 0.000000 0.000000 0.000000 0.000000 0.000000 0.000000 0.000000 0.000000 0.000000 
0.000000 0.000000 0.000000 0.000000 0.000000 0.000000 0.000000 0.000000 0.000000 0.000000 0.000000 0.000000 0.000006 0.000137 0.002388 0.028822 0.194740 0.645768 1.334296 2.222328 2.428657 2.222328 1.334296 0.645768 0.194740 0.028822 0.002388 0.000137 0.000006 0.000000 0.000000 0.000000 0.000000 0.000000 0.000000 0.000000 0.000000 0.000000 0.000000 0.000000 
0.000000 0.000000 0.000000 0.000000 0.000000 0.000000 0.000000 0.000000 0.000000 0.000000 0.000000 0.000000 0.000000 0.000004 0.000066 0.000951 0.009813 0.064111 0.236701 0.499836 0.701958 0.499836 0.236701 0.064111 0.009813 0.000951 0.000066 0.000004 0.000000 0.000000 0.000000 0.000000 0.000000 0.000000 0.000000 0.000000 0.000000 0.000000 0.000000 0.000000 
0.000000 0.000000 0.000000 0.000000 0.000000 0.000000 0.000000 0.000000 0.000000 0.000000 0.000000 0.000000 0.000000 0.000000 0.000002 0.000023 0.000262 0.002126 0.011109 0.033848 0.053575 0.033848 0.011109 0.002126 0.000262 0.000023 0.000002 0.000000 0.000000 0.000000 0.000000 0.000000 0.000000 0.000000 0.000000 0.000000 0.000000 0.000000 0.000000 0.000000 
0.000000 0.000000 0.000000 0.000000 0.000000 0.000000 0.000000 0.000000 0.000000 0.000000 0.000000 0.000000 0.000000 0.000000 0.000000 0.000000 0.000006 0.000048 0.000274 0.000929 0.001554 0.000929 0.000274 0.000048 0.000006 0.000000 0.000000 0.000000 0.000000 0.000000 0.000000 0.000000 0.000000 0.000000 0.000000 0.000000 0.000000 0.000000 0.000000 0.000000 
0.000000 0.000000 0.000000 0.000000 0.000000 0.000000 0.000000 0.000000 0.000000 0.000000 0.000000 0.000000 0.000000 0.000000 0.000000 0.000000 0.000000 0.000001 0.000005 0.000019 0.000032 0.000019 0.000005 0.000001 0.000000 0.000000 0.000000 0.000000 0.000000 0.000000 0.000000 0.000000 0.000000 0.000000 0.000000 0.000000 0.000000 0.000000 0.000000 0.000000 
0.000000 0.000000 0.000000 0.000000 0.000000 0.000000 0.000000 0.000000 0.000000 0.000000 0.000000 0.000000 0.000000 0.000000 0.000000 0.000000 0.000000 0.000000 0.000000 0.000000 0.000001 0.000000 0.000000 0.000000 0.000000 0.000000 0.000000 0.000000 0.000000 0.000000 0.000000 0.000000 0.000000 0.000000 0.000000 0.000000 0.000000 0.000000 0.000000 0.000000 
0.000000 0.000000 0.000000 0.000000 0.000000 0.000000 0.000000 0.000000 0.000000 0.000000 0.000000 0.000000 0.000000 0.000000 0.000000 0.000000 0.000000 0.000000 0.000000 0.000000 0.000000 0.000000 0.000000 0.000000 0.000000 0.000000 0.000000 0.000000 0.000000 0.000000 0.000000 0.000000 0.000000 0.000000 0.000000 0.000000 0.000000 0.000000 0.000000 0.000000 
0.000000 0.000000 0.000000 0.000000 0.000000 0.000000 0.000000 0.000000 0.000000 0.000000 0.000000 0.000000 0.000000 0.000000 0.000000 0.000000 0.000000 0.000000 0.000000 0.000000 0.000000 0.000000 0.000000 0.000000 0.000000 0.000000 0.000000 0.000000 0.000000 0.000000 0.000000 0.000000 0.000000 0.000000 0.000000 0.000000 0.000000 0.000000 0.000000 0.000000 
0.000000 0.000000 0.000000 0.000000 0.000000 0.000000 0.000000 0.000000 0.000000 0.000000 0.000000 0.000000 0.000000 0.000000 0.000000 0.000000 0.000000 0.000000 0.000000 0.000000 0.000000 0.000000 0.000000 0.000000 0.000000 0.000000 0.000000 0.000000 0.000000 0.000000 0.000000 0.000000 0.000000 0.000000 0.000000 0.000000 0.000000 0.000000 0.000000 0.000000 
