0.000000 0.000000 0.000000 0.000000 0.000000 0.000000 0.000000 0.000000 0.000000 0.000002 0.000027 0.000404 0.004893 0.046552 0.328628 1.385525 3.539286 6.953077 11.610044 17.084761 32.549946 17.084763 11.610046 6.953076 3.539286 1.385525 0.328628 0.046552 0.004893 0.000404 0.000027 0.000002 0.000000 0.000000 0.000000 0.000000 0.000000 0.000000 0.000000 0.000000 
0.000000 0.000000 0.000000 0.000000 0.000000 0.000000 0.000000 0.000000 0.000003 0.000060 0.000973 0.012103 0.099748 0.438827 1.182228 2.618610 5.054805 8.704149 13.494114 18.881472 32.597488 18.881472 13.494113 8.704148 5.054805 2.618611 1.182229 0.438828 0.099748 0.012103 0.000973 0.000060 0.000003 0.000000 0.000000 0.000000 0.000000 0.000000 0.000000 0.000000 
0.000000 0.000000 0.000000 0.000000 0.000000 0.000000 0.000000 0.000005 0.000115 0.002053 0.026868 0.203960 0.737289 1.689567 3.063837 5.052542 7.931938 11.883550 16.731583 21.739071 32.663971 21.739071 16.731581 11.883550 7.931938 5.052544 3.063838 1.689567 0.737289 0.203960 0.026868 0.002053 0.000115 0.000005 0.000000 0.000000 0.000000 0.000000 0.000000 0.000000 
0.000000 0.000000 0.000000 0.000000 0.000000 0.000000 0.000008 0.000182 0.003546 0.048011 0.327662 1.050535 2.246645 3.912636 6.040358 8.717823 12.100072 16.241014 20.810984 25.031801 32.730251 25.031801 20.810980 16.241016 12.100072 8.717823 6.040359 3.912637 2.246645 1.050535 0.327662 0.048011 0.003546 0.000182 0.000008 0.000000 0.000000 0.000000 0.000000 0.000000 
0.000000 0.000000 0.000000 0.000000 0.000000 0.000009 0.000239 0.005066 0.070802 0.443684 1.328804 2.743630 4.701081 7.183950 10.132649 13.488389 17.206963 21.153021 24.959253 28.034481 32.785690 28.034481 24.959253 21.153023 17.206963 13.488389 10.132650 7.183951 4.701081 2.743630 1.328804 0.443684 0.070802 0.005066 0.000239 0.000009 0.000000 0.000000 0.000000 0.000000 
0.000000 0.000000 0.000000 0.000000 0.000009 0.000262 0.006040 0.088338 0.532093 1.542889 3.142519 5.351019 8.157995 11.478843 15.127398 18.858133 22.439066 25.676107 28.358627 30.268084 32.826321 30.268084 28.358627 25.676107 22.439066 18.858133 15.127398 11.478843 8.157995 5.351019 3.142519 1.542889 0.532093 0.088338 0.006040 0.000262 0.000009 0.000000 0.000000 0.000000 
0.000000 0.000000 0.000000 0.000008 0.000239 0.006040 0.094901 0.579681 1.677184 3.418745 5.832674 8.908827 12.545691 16.502377 20.417402 23.927444 26.815660 29.034307 30.630211 31.640268 32.853695 31.640272 30.630213 29.034306 26.815660 23.927444 20.417402 16.502377 12.545691 8.908827 5.832674 3.418745 1.677184 0.579681 0.094901 0.006040 0.000239 0.000008 0.000000 0.000000 
0.000000 0.000000 0.000005 0.000182 0.005066 0.088338 0.579681 1.722948 3.559670 6.127447 9.417284 13.308808 17.512772 21.596136 25.126984 27.859962 29.792284 31.077433 31.891762 32.359802 32.871235 32.359802 31.891762 31.077431 29.792284 27.859962 25.126984 21.596136 17.512772 13.308808 9.417284 6.127447 3.559669 1.722948 0.579681 0.088338 0.005066 0.000182 0.000005 0.000000 
0.000000 0.000003 0.000115 0.003546 0.070802 0.532093 1.677184 3.559670 6.226555 9.673306 13.765807 18.171104 22.392797 25.953203 28.605883 30.381985 31.480915 32.126560 32.494938 32.687931 32.882332 32.687931 32.494938 32.126560 31.480915 30.381985 28.605883 25.953203 22.392799 18.171104 13.765807 9.673306 6.226555 3.559669 1.677184 0.532093 0.070802 0.003546 0.000115 0.000003 
0.000002 0.000060 0.002053 0.048011 0.443684 1.542889 3.418745 6.127447 9.673306 13.917828 18.495262 22.851171 26.461494 29.078026 30.765629 31.759586 32.307743 32.598320 32.749035 32.821934 32.889561 32.821934 32.749035 32.598320 32.307743 31.759586 30.765629 29.078026 26.461494 22.851171 18.495262 13.917828 9.673306 6.127447 3.418744 1.542889 0.443684 0.048012 0.002056 0.000065 
0.000027 0.000973 0.026868 0.327662 1.328804 3.142519 5.832673 9.417284 13.765807 18.495262 23.000668 26.703033 29.336687 30.988894 31.927443 32.421856 32.669216 32.788754 32.846123 32.871819 32.894447 32.871819 32.846123 32.788754 32.669216 32.421856 31.927443 30.988894 29.336687 26.703033 23.000668 18.495262 13.765807 9.417284 5.832674 3.142522 1.328813 0.327689 0.026931 0.001087 
0.000404 0.012103 0.203960 1.050535 2.743630 5.351019 8.908827 13.308808 18.171104 22.851171 26.703033 29.418993 31.091265 32.015522 32.485577 32.710560 32.813507 32.859741 32.880619 32.889744 32.897835 32.889744 32.880619 32.859741 32.813507 32.710560 32.485577 32.015522 31.091265 29.418993 26.703033 22.851168 18.171101 13.308808 8.908847 5.351091 2.743832 1.051063 0.205260 0.014742 
0.004893 0.099748 0.737289 2.246645 4.701081 8.157995 12.545691 17.512772 22.392797 26.461494 29.336689 31.091265 32.042953 32.513912 32.731522 32.826965 32.867695 32.885090 32.892921 32.896473 32.900280 32.896473 32.892921 32.885090 32.867695 32.826965 32.731522 32.513912 32.042957 31.091269 29.336697 26.461529 22.392937 17.513199 12.546834 8.160645 4.706785 2.258466 0.761509 0.149756 
0.046552 0.438827 1.689567 3.912636 7.183950 11.478843 16.502377 21.596136 25.953201 29.078024 30.988894 32.015522 32.513912 32.737907 32.832752 32.871601 32.887501 32.894382 32.897778 32.899570 32.902004 32.899570 32.897778 32.894382 32.887501 32.871601 32.832752 32.737911 32.513924 32.015575 30.989117 29.078907 25.956173 21.604580 16.522722 11.521583 7.265076 4.058073 1.943945 0.885765 
0.328628 1.182228 3.063837 6.040358 10.132649 15.127398 20.417402 25.126984 28.605883 30.765629 31.927443 32.485577 32.731522 32.832752 32.872765 32.888523 32.895130 32.898327 32.900242 32.901352 32.903210 32.901352 32.900242 32.898327 32.895130 32.888523 32.872765 32.832760 32.731564 32.485817 31.928518 30.769949 28.620928 25.171394 20.526417 15.351646 10.532321 6.687283 4.055676 2.674033 
1.385525 2.618610 5.052542 8.717823 13.488389 18.858133 23.927444 27.859962 30.381985 31.759586 32.421856 32.710560 32.826965 32.871601 32.888523 32.895355 32.898582 32.900478 32.901768 32.902569 32.903973 32.902569 32.901768 32.900478 32.898582 32.895355 32.888531 32.871620 32.827095 32.711189 32.424774 31.771372 30.423521 27.985241 24.241615 19.504957 14.601260 10.392702 7.377222 5.738929 
3.539286 5.054805 7.931938 12.100072 17.206963 22.439066 26.815660 29.792284 31.480915 32.307743 32.669216 32.813507 32.867695 32.887501 32.895130 32.898582 32.900558 32.901867 32.902847 32.903404 32.904411 32.903404 32.902847 32.901867 32.900558 32.898582 32.895138 32.887543 32.867928 32.814667 32.674446 32.328663 31.554638 30.016052 27.387049 23.639740 19.284540 15.162333 11.993610 10.182997 
6.953077 8.704149 11.883550 16.241014 21.153021 25.676107 29.034307 31.077433 32.126560 32.598320 32.788754 32.859741 32.885090 32.894382 32.898327 32.900478 32.901867 32.902863 32.903584 32.903984 32.904613 32.903984 32.903584 32.902863 32.901867 32.900478 32.898335 32.894436 32.885395 32.861237 32.795319 32.624264 32.216621 31.350185 29.741385 27.211613 23.919455 20.444296 17.512287 15.725805 
11.610044 13.494114 16.731581 20.810982 24.959253 28.358627 30.630211 31.891762 32.494938 32.749035 32.846123 32.880619 32.892921 32.897778 32.900242 32.901768 32.902847 32.903584 32.904106 32.904358 32.904697 32.904358 32.904106 32.903584 32.902847 32.901772 32.900261 32.897858 32.893295 32.882378 32.853325 32.776585 32.588356 32.169800 31.351183 29.964331 27.989683 25.671429 23.516418 22.090450 
17.084763 18.881472 21.739069 25.031799 28.034481 30.268084 31.640268 32.359802 32.687931 32.821934 32.871819 32.889744 32.896473 32.899570 32.901352 32.902569 32.903404 32.903984 32.904358 32.904526 32.904720 32.904526 32.904358 32.903988 32.903404 32.902569 32.901344 32.899555 32.896427 32.889648 32.871887 32.823967 32.701199 32.416412 31.832434 30.798016 29.247999 27.338478 25.477503 24.204195 
32.549946 32.597488 32.663971 32.730255 32.785690 32.826321 32.853695 32.871235 32.882332 32.889561 32.894447 32.897835 32.900280 32.902004 32.903210 32.903973 32.904411 32.904613 32.904697 32.904720 32.904732 32.904720 32.904697 32.904613 32.904430 32.904064 32.903496 32.902683 32.901638 32.900311 32.898724 32.896793 32.894516 32.891731 32.888248 32.884125 32.879318 32.873989 32.869354 32.866177 
17.084763 18.881474 21.739071 25.031801 28.034483 30.268085 31.640272 32.359802 32.687931 32.821934 32.871819 32.889744 32.896473 32.899570 32.901352 32.902569 32.903404 32.903984 32.904358 32.904526 32.904720 32.904526 32.904358 32.903988 32.903404 32.902569 32.901344 32.899555 32.896427 32.889648 32.871887 32.823967 32.701199 32.416412 31.832434 30.798016 29.247999 27.338480 25.477503 24.204197 
11.610046 13.494114 16.731581 20.810982 24.959253 28.358627 30.630213 31.891762 32.494938 32.749035 32.846123 32.880619 32.892921 32.897778 32.900242 32.901768 32.902847 32.903584 32.904106 32.904358 32.904697 32.904358 32.904106 32.903584 32.902847 32.901772 32.900261 32.897858 32.893295 32.882378 32.853325 32.776585 32.588356 32.169800 31.351183 29.964331 27.989683 25.671431 23.516418 22.090452 
6.953076 8.704148 11.883550 16.241016 21.153023 25.676107 29.034306 31.077431 32.126560 32.598320 32.788754 32.859741 32.885090 32.894382 32.898327 32.900478 32.901867 32.902863 32.903584 32.903988 32.904613 32.903988 32.903584 32.902863 32.901867 32.900478 32.898335 32.894436 32.885395 32.861237 32.795319 32.624264 32.216621 31.350185 29.741385 27.211613 23.919456 20.444298 17.512289 15.725806 
3.539286 5.054805 7.931938 12.100072 17.206963 22.439066 26.815659 29.792284 31.480915 32.307743 32.669216 32.813507 32.867695 32.887501 32.895130 32.898582 32.900558 32.901867 32.902847 32.903404 32.904430 32.903404 32.902847 32.901867 32.900558 32.898582 32.895138 32.887543 32.867928 32.814667 32.674446 32.328667 31.554638 30.016052 27.387049 23.639740 19.284540 15.162334 11.993611 10.182997 
1.385525 2.618611 5.052544 8.717824 13.488389 18.858135 23.927443 27.859962 30.381985 31.759586 32.421856 32.710560 32.826965 32.871601 32.888523 32.895355 32.898582 32.900478 32.901772 32.902569 32.904064 32.902569 32.901772 32.900478 32.898582 32.895355 32.888531 32.871620 32.827095 32.711189 32.424774 31.771372 30.423521 27.985241 24.241615 19.504957 14.601260 10.392703 7.377223 5.738930 
0.328628 1.182229 3.063838 6.040359 10.132649 15.127398 20.417402 25.126984 28.605883 30.765629 31.927443 32.485577 32.731522 32.832752 32.872765 32.888531 32.895138 32.898335 32.900261 32.901344 32.903496 32.901344 32.900261 32.898335 32.895138 32.888531 32.872768 32.832760 32.731564 32.485817 31.928518 30.769949 28.620928 25.171394 20.526419 15.351646 10.532321 6.687283 4.055677 2.674034 
0.046552 0.438828 1.689567 3.912637 7.183951 11.478843 16.502377 21.596136 25.953203 29.078024 30.988894 32.015522 32.513912 32.737911 32.832760 32.871620 32.887543 32.894436 32.897858 32.899555 32.902683 32.899555 32.897858 32.894436 32.887543 32.871620 32.832760 32.737911 32.513924 32.015575 30.989117 29.078907 25.956173 21.604582 16.522724 11.521582 7.265076 4.058073 1.943945 0.885765 
0.004893 0.099748 0.737289 2.246645 4.701081 8.157995 12.545691 17.512772 22.392799 26.461493 29.336687 31.091265 32.042957 32.513924 32.731564 32.827095 32.867928 32.885395 32.893295 32.896427 32.901638 32.896427 32.893295 32.885395 32.867928 32.827095 32.731564 32.513924 32.042957 31.091269 29.336697 26.461529 22.392937 17.513201 12.546835 8.160645 4.706785 2.258466 0.761509 0.149756 
0.000404 0.012103 0.203960 1.050535 2.743630 5.351019 8.908827 13.308807 18.171104 22.851170 26.703033 29.418993 31.091269 32.015575 32.485817 32.711189 32.814667 32.861237 32.882378 32.889648 32.900311 32.889648 32.882378 32.861237 32.814667 32.711189 32.485817 32.015575 31.091269 29.418993 26.703032 22.851168 18.171101 13.308810 8.908849 5.351092 2.743832 1.051063 0.205260 0.014742 
0.000027 0.000973 0.026868 0.327662 1.328804 3.142519 5.832674 9.417284 13.765807 18.495262 23.000666 26.703032 29.336697 30.989117 31.928518 32.424774 32.674446 32.795319 32.853325 32.871887 32.898724 32.871887 32.853325 32.795319 32.674446 32.424774 31.928518 30.989117 29.336697 26.703032 23.000668 18.495262 13.765808 9.417284 5.832675 3.142522 1.328813 0.327689 0.026931 0.001087 
0.000002 0.000060 0.002053 0.048011 0.443684 1.542889 3.418745 6.127447 9.673306 13.917828 18.495262 22.851168 26.461529 29.078907 30.769949 31.771372 32.328663 32.624264 32.776585 32.823967 32.896793 32.823967 32.776585 32.624264 32.328667 31.771372 30.769949 29.078907 26.461529 22.851168 18.495262 13.917828 9.673306 6.127447 3.418744 1.542888 0.443684 0.048012 0.002056 0.000065 
0.000000 0.000003 0.000115 0.003546 0.070802 0.532093 1.677184 3.559670 6.226555 9.673306 13.765807 18.171101 22.392937 25.956175 28.620928 30.423521 31.554638 32.216621 32.588356 32.701199 32.894516 32.701199 32.588356 32.216621 31.554638 30.423521 28.620928 25.956173 22.392937 18.171101 13.765808 9.673306 6.226555 3.559670 1.677184 0.532093 0.070802 0.003546 0.000115 0.000003 
0.000000 0.000000 0.000005 0.000182 0.005066 0.088338 0.579681 1.722948 3.559670 6.127447 9.417284 13.308809 17.513201 21.604582 25.171394 27.985241 30.016052 31.350185 32.169800 32.416412 32.891731 32.416412 32.169800 31.350185 30.016052 27.985241 25.171394 21.604582 17.513201 13.308810 9.417284 6.127447 3.559670 1.722948 0.579681 0.088338 0.005066 0.000182 0.000005 0.000000 
0.000000 0.000000 0.000000 0.000008 0.000239 0.006040 0.094901 0.579681 1.677184 3.418744 5.832674 8.908848 12.546834 16.522724 20.526419 24.241615 27.387047 29.741386 31.351183 31.832434 32.888248 31.832434 31.351183 29.741385 27.387049 24.241615 20.526417 16.522724 12.546835 8.908849 5.832675 3.418744 1.677184 0.579681 0.094901 0.006040 0.000239 0.000008 0.000000 0.000000 
0.000000 0.000000 0.000000 0.000000 0.000009 0.000262 0.006040 0.088338 0.532093 1.542889 3.142522 5.351091 8.160645 11.521582 15.351646 19.504957 23.639740 27.211613 29.964331 30.798016 32.884125 30.798016 29.964331 27.211613 23.639740 19.504957 15.351645 11.521582 8.160645 5.351092 3.142522 1.542888 0.532093 0.088338 0.006040 0.000262 0.000009 0.000000 0.000000 0.000000 
0.000000 0.000000 0.000000 0.000000 0.000000 0.000009 0.000239 0.005066 0.070802 0.443684 1.328813 2.743832 4.706785 7.265076 10.532321 14.601260 19.284540 23.919456 27.989683 29.247999 32.879318 29.247999 27.989683 23.919456 19.284540 14.601259 10.532321 7.265077 4.706785 2.743832 1.328813 0.443684 0.070802 0.005066 0.000239 0.000009 0.000000 0.000000 0.000000 0.000000 
0.000000 0.000000 0.000000 0.000000 0.000000 0.000000 0.000008 0.000182 0.003546 0.048012 0.327689 1.051063 2.258466 4.058073 6.687283 10.392703 15.162334 20.444298 25.671431 27.338480 32.873989 27.338478 25.671429 20.444296 15.162333 10.392702 6.687283 4.058073 2.258466 1.051063 0.327689 0.048012 0.003546 0.000182 0.000008 0.000000 0.000000 0.000000 0.000000 0.000000 
0.000000 0.000000 0.000000 0.000000 0.000000 0.000000 0.000000 0.000005 0.000115 0.002056 0.026931 0.205260 0.761509 1.943945 4.055677 7.377223 11.993611 17.512289 23.516418 25.477503 32.869354 25.477501 23.516417 17.512287 11.993610 7.377222 4.055676 1.943945 0.761509 0.205260 0.026931 0.002056 0.000115 0.000005 0.000000 0.000000 0.000000 0.000000 0.000000 0.000000 
0.000000 0.000000 0.000000 0.000000 0.000000 0.000000 0.000000 0.000000 0.000003 0.000065 0.001087 0.014742 0.149756 0.885765 2.674034 5.738930 10.182997 15.725806 22.090452 24.204197 32.866177 24.204195 22.090450 15.725804 10.182996 5.738929 2.674033 0.885765 0.149756 0.014742 0.001087 0.000065 0.000003 0.000000 0.000000 0.000000 0.000000 0.000000 0.000000 0.000000 
