0.000000 0.000000 0.000000 0.000000 0.000000 0.000000 0.000000 0.000000 0.000000 0.000000 0.000000 0.000000 0.000000 0.000000 0.000000 0.000000 0.000000 0.000000 0.000000 0.000000 0.000000 0.000000 0.000000 0.000000 0.000000 0.000000 0.000000 0.000000 0.000000 0.000000 0.000000 0.000000 0.000000 0.000000 0.000000 0.000000 0.000000 0.000000 0.000000 0.000000 
0.000000 0.000000 0.000000 0.000000 0.000000 0.000000 0.000000 0.000000 0.000000 0.000000 0.000000 0.000000 0.000000 0.000000 0.000000 0.000000 0.000000 0.000000 0.000000 0.000000 0.000000 0.000000 0.000000 0.000000 0.000000 0.000000 0.000000 0.000000 0.000000 0.000000 0.000000 0.000000 0.000000 0.000000 0.000000 0.000000 0.000000 0.000000 0.000000 0.000000 
0.000000 0.000000 0.000000 0.000000 0.000000 0.000000 0.000000 0.000000 0.000000 0.000000 0.000000 0.000000 0.000000 0.000000 0.000000 0.000000 0.000000 0.000000 0.000001 0.000001 0.000002 0.000001 0.000001 0.000000 0.000000 0.000000 0.000000 0.000000 0.000000 0.000000 0.000000 0.000000 0.000000 0.000000 0.000000 0.000000 0.000000 0.000000 0.000000 0.000000 
0.000000 0.000000 0.000000 0.000000 0.000000 0.000000 0.000000 0.000000 0.000000 0.000000 0.000000 0.000000 0.000000 0.000000 0.000000 0.000000 0.000001 0.000006 0.000027 0.000077 0.000118 0.000077 0.000027 0.000006 0.000001 0.000000 0.000000 0.000000 0.000000 0.000000 0.000000 0.000000 0.000000 0.000000 0.000000 0.000000 0.000000 0.000000 0.000000 0.000000 
0.000000 0.000000 0.000000 0.000000 0.000000 0.000000 0.000000 0.000000 0.000000 0.000000 0.000000 0.000000 0.000000 0.000000 0.000000 0.000004 0.000041 0.000275 0.001251 0.003484 0.005220 0.003484 0.001251 0.000275 0.000041 0.000004 0.000000 0.000000 0.000000 0.000000 0.000000 0.000000 0.000000 0.000000 0.000000 0.000000 0.000000 0.000000 0.000000 0.000000 
0.000000 0.000000 0.000000 0.000000 0.000000 0.000000 0.000000 0.000000 0.000000 0.000000 0.000000 0.000000 0.000000 0.000001 0.000017 0.000202 0.001781 0.010895 0.042847 0.102419 0.142510 0.102419 0.042847 0.010895 0.001781 0.000202 0.000017 0.000001 0.000000 0.000000 0.000000 0.000000 0.000000 0.000000 0.000000 0.000000 0.000000 0.000000 0.000000 0.000000 
0.000000 0.000000 0.000000 0.000000 0.000000 0.000000 0.000000 0.000000 0.000000 0.000000 0.000000 0.000000 0.000003 0.000049 0.000705 0.007555 0.053863 0.226434 0.557109 0.930782 1.195888 0.930782 0.557109 0.226434 0.053863 0.007555 0.000705 0.000049 0.000003 0.000000 0.000000 0.000000 0.000000 0.000000 0.000000 0.000000 0.000000 0.000000 0.000000 0.000000 
0.000000 0.000000 0.000000 0.000000 0.000000 0.000000 0.000000 0.000000 0.000000 0.000000 0.000000 0.000005 0.000106 0.001797 0.021908 0.158537 0.571373 1.283064 2.162029 3.114594 3.477657 3.114595 2.162029 1.283064 0.571373 0.158537 0.021908 0.001797 0.000106 0.000005 0.000000 0.000000 0.000000 0.000000 0.000000 0.000000 0.000000 0.000000 0.000000 0.000000 
0.000000 0.000000 0.000000 0.000000 0.000000 0.000000 0.000000 0.000000 0.000000 0.000000 0.000007 0.000175 0.003424 0.045510 0.305041 0.962486 2.024698 3.392481 5.014945 6.555705 7.477206 6.555706 5.014945 3.392481 2.024698 0.962486 0.305041 0.045510 0.003424 0.000175 0.000007 0.000000 0.000000 0.000000 0.000000 0.000000 0.000000 0.000000 0.000000 0.000000 
0.000000 0.000000 0.000000 0.000000 0.000000 0.000000 0.000000 0.000000 0.000000 0.000008 0.000225 0.004988 0.071218 0.443955 1.309802 2.665271 4.466205 6.660039 9.058980 11.428375 12.851501 11.428378 9.058980 6.660039 4.466205 2.665271 1.309802 0.443955 0.071218 0.004988 0.000225 0.000008 0.000000 0.000000 0.000000 0.000000 0.000000 0.000000 0.000000 0.000000 
0.000000 0.000000 0.000000 0.000000 0.000000 0.000000 0.000000 0.000000 0.000007 0.000225 0.005644 0.087900 0.540201 1.559379 3.154525 5.303120 7.976650 11.002994 14.216919 17.102232 19.190542 17.102232 14.216919 11.002994 7.976650 5.303120 3.154524 1.559379 0.540200 0.087900 0.005644 0.000225 0.000007 0.000000 0.000000 0.000000 0.000000 0.000000 0.000000 0.000000 
0.000000 0.000000 0.000000 0.000000 0.000000 0.000000 0.000000 0.000005 0.000175 0.004988 0.087900 0.574409 1.688827 3.456895 5.874425 8.921844 12.431870 16.183359 19.734022 22.774624 24.901100 22.774628 19.734022 16.183359 12.431870 8.921844 5.874424 3.456895 1.688827 0.574409 0.087900 0.004988 0.000175 0.000005 0.000000 0.000000 0.000000 0.000000 0.000000 0.000000 
0.000000 0.000000 0.000000 0.000000 0.000000 0.000000 0.000003 0.000106 0.003424 0.071218 0.540200 1.688827 3.558804 6.162627 9.488630 13.361091 17.500877 21.413128 24.766300 27.199970 29.007187 27.199972 24.766300 21.413128 17.500877 13.361091 9.488629 6.162627 3.558804 1.688827 0.540200 0.071218 0.003424 0.000106 0.000003 0.000000 0.000000 0.000000 0.000000 0.000000 
0.000000 0.000000 0.000000 0.000000 0.000000 0.000001 0.000049 0.001797 0.045510 0.443955 1.559379 3.456895 6.162627 9.677114 13.817231 18.252981 22.419397 25.910671 28.436369 30.089275 31.255323 30.089279 28.436369 25.910671 22.419397 18.252981 13.817231 9.677114 6.162627 3.456895 1.559379 0.443955 0.045510 0.001797 0.000049 0.000001 0.000000 0.000000 0.000000 0.000000 
0.000000 0.000000 0.000000 0.000000 0.000000 0.000017 0.000705 0.021908 0.305041 1.309802 3.154524 5.874424 9.488629 13.817231 18.496965 22.890059 26.510733 29.070995 30.725775 31.625561 32.296837 31.625563 30.725775 29.070995 26.510733 22.890059 18.496965 13.817231 9.488629 5.874424 3.154524 1.309802 0.305041 0.021908 0.000705 0.000017 0.000000 0.000000 0.000000 0.000000 
0.000000 0.000000 0.000000 0.000000 0.000004 0.000202 0.007555 0.158537 0.962486 2.665271 5.303120 8.921844 13.361091 18.252981 22.890059 26.698181 29.347237 31.003201 31.917135 32.369335 32.697433 32.369335 31.917135 31.003201 29.347237 26.698181 22.890059 18.252981 13.361091 8.921844 5.303120 2.665271 0.962486 0.158537 0.007555 0.000202 0.000004 0.000000 0.000000 0.000000 
0.000000 0.000000 0.000000 0.000001 0.000041 0.001781 0.053863 0.571373 2.024698 4.466205 7.976650 12.431870 17.500877 22.419397 26.510733 29.347237 31.085630 32.014091 32.490028 32.685833 32.837540 32.685833 32.490028 32.014091 31.085630 29.347237 26.510733 22.419397 17.500877 12.431870 7.976650 4.466205 2.024698 0.571373 0.053863 0.001781 0.000041 0.000001 0.000000 0.000000 
0.000000 0.000000 0.000000 0.000006 0.000275 0.010895 0.226434 1.283064 3.392481 6.660039 11.002995 16.183361 21.413128 25.910671 29.070995 31.003201 32.014091 32.509953 32.732544 32.815842 32.880787 32.815842 32.732544 32.509953 32.014091 31.003201 29.070995 25.910671 21.413128 16.183359 11.002994 6.660039 3.392481 1.283064 0.226434 0.010895 0.000275 0.000006 0.000000 0.000000 
0.000000 0.000000 0.000001 0.000027 0.001251 0.042847 0.557109 2.162029 5.014944 9.058980 14.216920 19.734022 24.766300 28.436369 30.725775 31.917135 32.490028 32.732544 32.834740 32.867508 32.895206 32.867508 32.834740 32.732544 32.490028 31.917135 30.725775 28.436369 24.766300 19.734022 14.216919 9.058979 5.014944 2.162029 0.557109 0.042847 0.001251 0.000027 0.000001 0.000000 
0.000000 0.000000 0.000001 0.000077 0.003484 0.102419 0.930782 3.114594 6.555706 11.428376 17.102234 22.774624 27.199970 30.089275 31.625561 32.369335 32.685829 32.815842 32.867508 32.883450 32.898491 32.883450 32.867508 32.815842 32.685829 32.369335 31.625561 30.089275 27.199970 22.774624 17.102232 11.428377 6.555706 3.114594 0.930782 0.102419 0.003484 0.000077 0.000001 0.000000 
0.000000 0.000000 0.000002 0.000118 0.005220 0.142510 1.195888 3.477657 7.477206 12.851501 19.190542 24.901100 29.007185 31.255323 32.296837 32.697433 32.837540 32.880787 32.895206 32.898491 32.904724 32.898491 32.895206 32.880787 32.837540 32.697433 32.296837 31.255323 29.007185 24.901100 19.190542 12.851501 7.477206 3.477657 1.195888 0.142510 0.005220 0.000118 0.000002 0.000000 
0.000000 0.000000 0.000001 0.000077 0.003484 0.102419 0.930782 3.114595 6.555707 11.428378 17.102232 22.774626 27.199970 30.089277 31.625563 32.369335 32.685833 32.815842 32.867508 32.883450 32.898491 32.883450 32.867508 32.815842 32.685829 32.369335 31.625561 30.089275 27.199970 22.774624 17.102232 11.428377 6.555707 3.114594 0.930782 0.102419 0.003484 0.000077 0.000001 0.000000 
0.000000 0.000000 0.000001 0.000027 0.001251 0.042847 0.557109 2.162029 5.014944 9.058979 14.216920 19.734022 24.766300 28.436369 30.725775 31.917135 32.490028 32.732544 32.834740 32.867508 32.895206 32.867508 32.834740 32.732544 32.490028 31.917135 30.725775 28.436369 24.766300 19.734022 14.216919 9.058980 5.014944 2.162029 0.557109 0.042847 0.001251 0.000027 0.000001 0.000000 
0.000000 0.000000 0.000000 0.000006 0.000275 0.010895 0.226434 1.283064 3.392481 6.660039 11.002995 16.183361 21.413128 25.910671 29.070995 31.003201 32.014091 32.509953 32.732544 32.815842 32.880787 32.815842 32.732544 32.509953 32.014091 31.003201 29.070995 25.910671 21.413128 16.183361 11.002995 6.660039 3.392481 1.283064 0.226434 0.010895 0.000275 0.000006 0.000000 0.000000 
0.000000 0.000000 0.000000 0.000001 0.000041 0.001781 0.053863 0.571373 2.024698 4.466205 7.976651 12.431870 17.500877 22.419397 26.510733 29.347237 31.085630 32.014091 32.490028 32.685833 32.837540 32.685833 32.490028 32.014091 31.085630 29.347237 26.510733 22.419397 17.500877 12.431870 7.976650 4.466205 2.024698 0.571373 0.053863 0.001781 0.000041 0.000001 0.000000 0.000000 
0.000000 0.000000 0.000000 0.000000 0.000004 0.000202 0.007555 0.158537 0.962486 2.665271 5.303120 8.921844 13.361090 18.252979 22.890059 26.698181 29.347237 31.003201 31.917135 32.369335 32.697433 32.369335 31.917135 31.003201 29.347237 26.698181 22.890059 18.252981 13.361091 8.921844 5.303120 2.665271 0.962486 0.158537 0.007555 0.000202 0.000004 0.000000 0.000000 0.000000 
0.000000 0.000000 0.000000 0.000000 0.000000 0.000017 0.000705 0.021908 0.305041 1.309802 3.154525 5.874425 9.488628 13.817228 18.496964 22.890059 26.510733 29.070995 30.725775 31.625563 32.296837 31.625561 30.725775 29.070995 26.510733 22.890059 18.496965 13.817231 9.488629 5.874424 3.154524 1.309802 0.305041 0.021908 0.000705 0.000017 0.000000 0.000000 0.000000 0.000000 
0.000000 0.000000 0.000000 0.000000 0.000000 0.000001 0.000049 0.001797 0.045510 0.443955 1.559379 3.456895 6.162627 9.677112 13.817227 18.252979 22.419397 25.910671 28.436369 30.089277 31.255323 30.089275 28.436369 25.910671 22.419397 18.252981 13.817231 9.677114 6.162627 3.456895 1.559379 0.443955 0.045510 0.001797 0.000049 0.000001 0.000000 0.000000 0.000000 0.000000 
0.000000 0.000000 0.000000 0.000000 0.000000 0.000000 0.000003 0.000106 0.003424 0.071218 0.540200 1.688827 3.558804 6.162626 9.488627 13.361090 17.500877 21.413128 24.766300 27.199970 29.007185 27.199970 24.766300 21.413128 17.500877 13.361091 9.488629 6.162627 3.558804 1.688827 0.540200 0.071218 0.003424 0.000106 0.000003 0.000000 0.000000 0.000000 0.000000 0.000000 
0.000000 0.000000 0.000000 0.000000 0.000000 0.000000 0.000000 0.000005 0.000175 0.004988 0.087900 0.574409 1.688827 3.456895 5.874424 8.921844 12.431870 16.183361 19.734022 22.774624 24.901100 22.774624 19.734022 16.183361 12.431870 8.921844 5.874424 3.456895 1.688827 0.574409 0.087900 0.004988 0.000175 0.000005 0.000000 0.000000 0.000000 0.000000 0.000000 0.000000 
0.000000 0.000000 0.000000 0.000000 0.000000 0.000000 0.000000 0.000000 0.000007 0.000225 0.005644 0.087900 0.540200 1.559379 3.154525 5.303120 7.976651 11.002995 14.216919 17.102232 19.190542 17.102232 14.216919 11.002995 7.976650 5.303120 3.154524 1.559379 0.540200 0.087900 0.005644 0.000225 0.000007 0.000000 0.000000 0.000000 0.000000 0.000000 0.000000 0.000000 
0.000000 0.000000 0.000000 0.000000 0.000000 0.000000 0.000000 0.000000 0.000000 0.000008 0.000225 0.004988 0.071218 0.443955 1.309802 2.665271 4.466205 6.660039 9.058979 11.428378 12.851501 11.428377 9.058980 6.660039 4.466205 2.665271 1.309802 0.443955 0.071218 0.004988 0.000225 0.000008 0.000000 0.000000 0.000000 0.000000 0.000000 0.000000 0.000000 0.000000 
0.000000 0.000000 0.000000 0.000000 0.000000 0.000000 0.000000 0.000000 0.000000 0.000000 0.000007 0.000175 0.003424 0.045510 0.305041 0.962486 2.024698 3.392481 5.014944 6.555706 7.477206 6.555707 5.014944 3.392481 2.024698 0.962486 0.305041 0.045510 0.003424 0.000175 0.000007 0.000000 0.000000 0.000000 0.000000 0.000000 0.000000 0.000000 0.000000 0.000000 
0.000000 0.000000 0.000000 0.000000 0.000000 0.000000 0.000000 0.000000 0.000000 0.000000 0.000000 0.000005 0.000106 0.001797 0.021908 0.158537 0.571373 1.283064 2.162029 3.114594 3.477657 3.114594 2.162029 1.283064 0.571373 0.158537 0.021908 0.001797 0.000106 0.000005 0.000000 0.000000 0.000000 0.000000 0.000000 0.000000 0.000000 0.000000 0.000000 0.000000 
0.000000 0.000000 0.000000 0.000000 0.000000 0.000000 0.000000 0.000000 0.000000 0.000000 0.000000 0.000000 0.000003 0.000049 0.000705 0.007555 0.053863 0.226434 0.557109 0.930782 1.195888 0.930782 0.557109 0.226434 0.053863 0.007555 0.000705 0.000049 0.000003 0.000000 0.000000 0.000000 0.000000 0.000000 0.000000 0.000000 0.000000 0.000000 0.000000 0.000000 
0.000000 0.000000 0.000000 0.000000 0.000000 0.000000 0.000000 0.000000 0.000000 0.000000 0.000000 0.000000 0.000000 0.000001 0.000017 0.000202 0.001781 0.010895 0.042847 0.102419 0.142510 0.102419 0.042847 0.010895 0.001781 0.000202 0.000017 0.000001 0.000000 0.000000 0.000000 0.000000 0.000000 0.000000 0.000000 0.000000 0.000000 0.000000 0.000000 0.000000 
0.000000 0.000000 0.000000 0.000000 0.000000 0.000000 0.000000 0.000000 0.000000 0.000000 0.000000 0.000000 0.000000 0.000000 0.000000 0.000004 0.000041 0.000275 0.001251 0.003484 0.005220 0.003484 0.001251 0.000275 0.000041 0.000004 0.000000 0.000000 0.000000 0.000000 0.000000 0.000000 0.000000 0.000000 0.000000 0.000000 0.000000 0.000000 0.000000 0.000000 
0.000000 0.000000 0.000000 0.000000 0.000000 0.000000 0.000000 0.000000 0.000000 0.000000 0.000000 0.000000 0.000000 0.000000 0.000000 0.000000 0.000001 0.000006 0.000027 0.000077 0.000118 0.000077 0.000027 0.000006 0.000001 0.000000 0.000000 0.000000 0.000000 0.000000 0.000000 0.000000 0.000000 0.000000 0.000000 0.000000 0.000000 0.000000 0.000000 0.000000 
0.000000 0.000000 0.000000 0.000000 0.000000 0.000000 0.000000 0.000000 0.000000 0.000000 0.000000 0.000000 0.000000 0.000000 0.000000 0.000000 0.000000 0.000000 0.000001 0.000001 0.000002 0.000001 0.000001 0.000000 0.000000 0.000000 0.000000 0.000000 0.000000 0.000000 0.000000 0.000000 0.000000 0.000000 0.000000 0.000000 0.000000 0.000000 0.000000 0.000000 
0.000000 0.000000 0.000000 0.000000 0.000000 0.000000 0.000000 0.000000 0.000000 0.000000 0.000000 0.000000 0.000000 0.000000 0.000000 0.000000 0.000000 0.000000 0.000000 0.000000 0.000000 0.000000 0.000000 0.000000 0.000000 0.000000 0.000000 0.000000 0.000000 0.000000 0.000000 0.000000 0.000000 0.000000 0.000000 0.000000 0.000000 0.000000 0.000000 0.000000 
