0.000000 0.000000 0.000000 0.000000 0.000000 0.000000 0.000000 0.000000 0.000000 0.000000 0.000000 0.000000 0.000000 0.000000 0.000000 0.000000 0.000000 0.000000 0.000000 0.000000 0.000000 0.000000 0.000000 0.000000 0.000000 0.000000 0.000000 0.000000 0.000000 0.000000 0.000000 0.000000 0.000000 0.000000 0.000000 0.000000 0.000000 0.000000 0.000000 0.000000 
0.000000 0.000000 0.000000 0.000000 0.000000 0.000000 0.000000 0.000000 0.000000 0.000000 0.000000 0.000000 0.000000 0.000000 0.000000 0.000000 0.000000 0.000000 0.000000 0.000000 0.000000 0.000000 0.000000 0.000000 0.000000 0.000000 0.000000 0.000000 0.000000 0.000000 0.000000 0.000000 0.000000 0.000000 0.000000 0.000000 0.000000 0.000000 0.000000 0.000000 
0.000000 0.000000 0.000000 0.000000 0.000000 0.000000 0.000000 0.000000 0.000000 0.000000 0.000000 0.000000 0.000000 0.000000 0.000000 0.000000 0.000000 0.000000 0.000000 0.000000 0.000000 0.000000 0.000000 0.000000 0.000000 0.000000 0.000000 0.000000 0.000000 0.000000 0.000000 0.000000 0.000000 0.000000 0.000000 0.000000 0.000000 0.000000 0.000000 0.000000 
0.000000 0.000000 0.000000 0.000000 0.000000 0.000000 0.000000 0.000000 0.000000 0.000000 0.000000 0.000000 0.000000 0.000000 0.000000 0.000000 0.000000 0.000000 0.000001 0.000003 0.000005 0.000003 0.000001 0.000000 0.000000 0.000000 0.000000 0.000000 0.000000 0.000000 0.000000 0.000000 0.000000 0.000000 0.000000 0.000000 0.000000 0.000000 0.000000 0.000000 
0.000000 0.000000 0.000000 0.000000 0.000000 0.000000 0.000000 0.000000 0.000000 0.000000 0.000000 0.000000 0.000000 0.000000 0.000000 0.000000 0.000002 0.000012 0.000058 0.000177 0.000278 0.000177 0.000058 0.000012 0.000002 0.000000 0.000000 0.000000 0.000000 0.000000 0.000000 0.000000 0.000000 0.000000 0.000000 0.000000 0.000000 0.000000 0.000000 0.000000 
0.000000 0.000000 0.000000 0.000000 0.000000 0.000000 0.000000 0.000000 0.000000 0.000000 0.000000 0.000000 0.000000 0.000000 0.000001 0.000008 0.000077 0.000553 0.002638 0.007604 0.011564 0.007604 0.002638 0.000553 0.000077 0.000008 0.000001 0.000000 0.000000 0.000000 0.000000 0.000000 0.000000 0.000000 0.000000 0.000000 0.000000 0.000000 0.000000 0.000000 
0.000000 0.000000 0.000000 0.000000 0.000000 0.000000 0.000000 0.000000 0.000000 0.000000 0.000000 0.000000 0.000000 0.000002 0.000027 0.000347 0.003229 0.020331 0.080001 0.187005 0.256384 0.187005 0.080001 0.020331 0.003229 0.000347 0.000027 0.000002 0.000000 0.000000 0.000000 0.000000 0.000000 0.000000 0.000000 0.000000 0.000000 0.000000 0.000000 0.000000 
0.000000 0.000000 0.000000 0.000000 0.000000 0.000000 0.000000 0.000000 0.000000 0.000000 0.000000 0.000000 0.000004 0.000071 0.001094 0.012214 0.086827 0.338979 0.778095 1.303946 1.490690 1.303947 0.778095 0.338979 0.086827 0.012214 0.001094 0.000071 0.000004 0.000000 0.000000 0.000000 0.000000 0.000000 0.000000 0.000000 0.000000 0.000000 0.000000 0.000000 
0.000000 0.000000 0.000000 0.000000 0.000000 0.000000 0.000000 0.000000 0.000000 0.000000 0.000000 0.000006 0.000139 0.002502 0.031464 0.218572 0.730772 1.561331 2.640108 3.615773 4.420055 3.615774 2.640108 1.561331 0.730772 0.218572 0.031464 0.002502 0.000139 0.000006 0.000000 0.000000 0.000000 0.000000 0.000000 0.000000 0.000000 0.000000 0.000000 0.000000 
0.000000 0.000000 0.000000 0.000000 0.000000 0.000000 0.000000 0.000000 0.000000 0.000000 0.000008 0.000205 0.004261 0.058244 0.372689 1.129007 2.297950 3.863511 5.629770 7.434628 8.715522 7.434628 5.629770 3.863511 2.297950 1.129007 0.372689 0.058244 0.004261 0.000205 0.000008 0.000000 0.000000 0.000000 0.000000 0.000000 0.000000 0.000000 0.000000 0.000000 
0.000000 0.000000 0.000000 0.000000 0.000000 0.000000 0.000000 0.000000 0.000000 0.000008 0.000234 0.005527 0.081894 0.499551 1.449073 2.903361 4.871286 7.237199 9.896927 12.421910 14.556770 12.421910 9.896927 7.237200 4.871287 2.903361 1.449073 0.499550 0.081894 0.005527 0.000234 0.000008 0.000000 0.000000 0.000000 0.000000 0.000000 0.000000 0.000000 0.000000 
0.000000 0.000000 0.000000 0.000000 0.000000 0.000000 0.000000 0.000000 0.000006 0.000205 0.005527 0.091268 0.569903 1.651096 3.326877 5.616246 8.440177 11.708398 15.046107 18.261499 20.742939 18.261497 15.046107 11.708398 8.440176 5.616246 3.326876 1.651096 0.569903 0.091268 0.005527 0.000205 0.000006 0.000000 0.000000 0.000000 0.000000 0.000000 0.000000 0.000000 
0.000000 0.000000 0.000000 0.000000 0.000000 0.000000 0.000000 0.000004 0.000139 0.004261 0.081894 0.569903 1.720011 3.542289 6.071518 9.240859 12.949151 16.826780 20.557150 23.644228 26.165777 23.644226 20.557150 16.826780 12.949151 9.240859 6.071518 3.542289 1.720011 0.569902 0.081894 0.004261 0.000139 0.000004 0.000000 0.000000 0.000000 0.000000 0.000000 0.000000 
0.000000 0.000000 0.000000 0.000000 0.000000 0.000000 0.000002 0.000071 0.002502 0.058244 0.499550 1.651096 3.542289 6.223961 9.640620 13.674041 17.921453 21.983673 25.306515 27.823845 29.696186 27.823845 25.306513 21.983673 17.921453 13.674041 9.640620 6.223960 3.542289 1.651096 0.499550 0.058244 0.002502 0.000071 0.000002 0.000000 0.000000 0.000000 0.000000 0.000000 
0.000000 0.000000 0.000000 0.000000 0.000000 0.000001 0.000027 0.001094 0.031464 0.372689 1.449073 3.326877 6.071518 9.640620 13.912599 18.443691 22.748810 26.238956 28.799496 30.374199 31.602575 30.374199 28.799494 26.238956 22.748810 18.443691 13.912599 9.640620 6.071518 3.326877 1.449073 0.372689 0.031464 0.001094 0.000027 0.000001 0.000000 0.000000 0.000000 0.000000 
0.000000 0.000000 0.000000 0.000000 0.000000 0.000008 0.000347 0.012214 0.218572 1.129007 2.903361 5.616246 9.240859 13.674040 18.443691 22.990843 26.650299 29.269375 30.873495 31.765944 32.425751 31.765944 30.873495 29.269375 26.650299 22.990843 18.443693 13.674041 9.240859 5.616246 2.903361 1.129007 0.218572 0.012214 0.000347 0.000008 0.000000 0.000000 0.000000 0.000000 
0.000000 0.000000 0.000000 0.000000 0.000002 0.000077 0.003229 0.086827 0.730772 2.297950 4.871286 8.440178 12.949151 17.921453 22.748810 26.650299 29.408897 31.059479 31.991884 32.411751 32.744873 32.411751 31.991884 31.059479 29.408897 26.650299 22.748810 17.921453 12.949151 8.440176 4.871287 2.297950 0.730772 0.086827 0.003229 0.000077 0.000002 0.000000 0.000000 0.000000 
0.000000 0.000000 0.000000 0.000000 0.000012 0.000553 0.020331 0.338979 1.561331 3.863511 7.237200 11.708399 16.826780 21.983673 26.238956 29.269375 31.059479 32.035198 32.507412 32.699841 32.850876 32.699841 32.507412 32.035198 31.059479 29.269375 26.238956 21.983673 16.826780 11.708398 7.237200 3.863511 1.561331 0.338979 0.020331 0.000553 0.000012 0.000000 0.000000 0.000000 
0.000000 0.000000 0.000000 0.000001 0.000058 0.002638 0.080001 0.778095 2.640108 5.629770 9.896927 15.046107 20.557150 25.306515 28.799496 30.873495 31.991882 32.507412 32.741657 32.821453 32.886692 32.821453 32.741657 32.507412 31.991882 30.873495 28.799494 25.306513 20.557150 15.046106 9.896927 5.629770 2.640109 0.778095 0.080001 0.002638 0.000058 0.000001 0.000000 0.000000 
0.000000 0.000000 0.000000 0.000003 0.000177 0.007604 0.187005 1.303946 3.615774 7.434628 12.421910 18.261497 23.644224 27.823845 30.374199 31.765942 32.411747 32.699841 32.821453 32.860497 32.893982 32.860497 32.821453 32.699841 32.411747 31.765942 30.374199 27.823845 23.644228 18.261499 12.421910 7.434628 3.615775 1.303947 0.187005 0.007604 0.000177 0.000003 0.000000 0.000000 
0.000000 0.000000 0.000000 0.000005 0.000278 0.011564 0.256384 1.490691 4.420054 8.715520 14.556769 20.742939 26.165777 29.696186 31.602575 32.425751 32.744873 32.850876 32.886692 32.893982 32.904716 32.893982 32.886692 32.850876 32.744873 32.425751 31.602575 29.696186 26.165777 20.742939 14.556770 8.715520 4.420054 1.490691 0.256384 0.011564 0.000278 0.000005 0.000000 0.000000 
0.000000 0.000000 0.000000 0.000003 0.000177 0.007604 0.187005 1.303947 3.615775 7.434628 12.421910 18.261497 23.644226 27.823845 30.374199 31.765942 32.411747 32.699841 32.821453 32.860497 32.893982 32.860497 32.821453 32.699841 32.411747 31.765942 30.374199 27.823845 23.644228 18.261499 12.421910 7.434628 3.615775 1.303947 0.187005 0.007604 0.000177 0.000003 0.000000 0.000000 
0.000000 0.000000 0.000000 0.000001 0.000058 0.002638 0.080001 0.778095 2.640108 5.629770 9.896927 15.046107 20.557150 25.306513 28.799494 30.873495 31.991882 32.507412 32.741657 32.821453 32.886692 32.821453 32.741657 32.507412 31.991882 30.873495 28.799496 25.306515 20.557150 15.046107 9.896927 5.629770 2.640108 0.778095 0.080001 0.002638 0.000058 0.000001 0.000000 0.000000 
0.000000 0.000000 0.000000 0.000000 0.000012 0.000553 0.020331 0.338979 1.561331 3.863511 7.237200 11.708398 16.826780 21.983673 26.238956 29.269375 31.059479 32.035198 32.507412 32.699841 32.850876 32.699841 32.507412 32.035198 31.059479 29.269375 26.238956 21.983673 16.826780 11.708398 7.237200 3.863511 1.561331 0.338979 0.020331 0.000553 0.000012 0.000000 0.000000 0.000000 
0.000000 0.000000 0.000000 0.000000 0.000002 0.000077 0.003229 0.086827 0.730772 2.297950 4.871286 8.440176 12.949151 17.921453 22.748810 26.650299 29.408897 31.059479 31.991882 32.411747 32.744873 32.411747 31.991882 31.059479 29.408897 26.650299 22.748810 17.921453 12.949151 8.440176 4.871287 2.297950 0.730772 0.086827 0.003229 0.000077 0.000002 0.000000 0.000000 0.000000 
0.000000 0.000000 0.000000 0.000000 0.000000 0.000008 0.000347 0.012214 0.218572 1.129007 2.903361 5.616246 9.240859 13.674041 18.443691 22.990841 26.650299 29.269375 30.873495 31.765942 32.425751 31.765942 30.873495 29.269375 26.650299 22.990843 18.443693 13.674041 9.240859 5.616246 2.903361 1.129007 0.218572 0.012214 0.000347 0.000008 0.000000 0.000000 0.000000 0.000000 
0.000000 0.000000 0.000000 0.000000 0.000000 0.000001 0.000027 0.001094 0.031464 0.372689 1.449073 3.326876 6.071517 9.640620 13.912599 18.443691 22.748810 26.238956 28.799494 30.374199 31.602575 30.374199 28.799494 26.238956 22.748810 18.443693 13.912599 9.640621 6.071518 3.326877 1.449073 0.372689 0.031464 0.001094 0.000027 0.000001 0.000000 0.000000 0.000000 0.000000 
0.000000 0.000000 0.000000 0.000000 0.000000 0.000000 0.000002 0.000071 0.002502 0.058244 0.499550 1.651096 3.542288 6.223959 9.640619 13.674041 17.921453 21.983673 25.306513 27.823845 29.696186 27.823845 25.306513 21.983673 17.921453 13.674041 9.640621 6.223962 3.542290 1.651096 0.499550 0.058244 0.002502 0.000071 0.000002 0.000000 0.000000 0.000000 0.000000 0.000000 
0.000000 0.000000 0.000000 0.000000 0.000000 0.000000 0.000000 0.000004 0.000139 0.004261 0.081894 0.569902 1.720010 3.542288 6.071517 9.240859 12.949151 16.826782 20.557150 23.644228 26.165777 23.644226 20.557150 16.826780 12.949151 9.240859 6.071518 3.542290 1.720012 0.569903 0.081894 0.004261 0.000139 0.000004 0.000000 0.000000 0.000000 0.000000 0.000000 0.000000 
0.000000 0.000000 0.000000 0.000000 0.000000 0.000000 0.000000 0.000000 0.000006 0.000205 0.005527 0.091268 0.569902 1.651095 3.326876 5.616246 8.440176 11.708398 15.046106 18.261499 20.742939 18.261497 15.046107 11.708398 8.440176 5.616246 3.326877 1.651096 0.569903 0.091268 0.005527 0.000205 0.000006 0.000000 0.000000 0.000000 0.000000 0.000000 0.000000 0.000000 
0.000000 0.000000 0.000000 0.000000 0.000000 0.000000 0.000000 0.000000 0.000000 0.000008 0.000234 0.005527 0.081894 0.499551 1.449073 2.903361 4.871287 7.237200 9.896927 12.421910 14.556770 12.421910 9.896927 7.237200 4.871287 2.903361 1.449073 0.499550 0.081894 0.005527 0.000234 0.000008 0.000000 0.000000 0.000000 0.000000 0.000000 0.000000 0.000000 0.000000 
0.000000 0.000000 0.000000 0.000000 0.000000 0.000000 0.000000 0.000000 0.000000 0.000000 0.000008 0.000205 0.004261 0.058244 0.372689 1.129007 2.297950 3.863511 5.629770 7.434628 8.715520 7.434628 5.629770 3.863511 2.297950 1.129007 0.372689 0.058244 0.004261 0.000205 0.000008 0.000000 0.000000 0.000000 0.000000 0.000000 0.000000 0.000000 0.000000 0.000000 
0.000000 0.000000 0.000000 0.000000 0.000000 0.000000 0.000000 0.000000 0.000000 0.000000 0.000000 0.000006 0.000139 0.002502 0.031464 0.218572 0.730772 1.561331 2.640108 3.615775 4.420054 3.615775 2.640108 1.561331 0.730772 0.218572 0.031464 0.002502 0.000139 0.000006 0.000000 0.000000 0.000000 0.000000 0.000000 0.000000 0.000000 0.000000 0.000000 0.000000 
0.000000 0.000000 0.000000 0.000000 0.000000 0.000000 0.000000 0.000000 0.000000 0.000000 0.000000 0.000000 0.000004 0.000071 0.001094 0.012214 0.086827 0.338979 0.778095 1.303947 1.490691 1.303947 0.778095 0.338979 0.086827 0.012214 0.001094 0.000071 0.000004 0.000000 0.000000 0.000000 0.000000 0.000000 0.000000 0.000000 0.000000 0.000000 0.000000 0.000000 
0.000000 0.000000 0.000000 0.000000 0.000000 0.000000 0.000000 0.000000 0.000000 0.000000 0.000000 0.000000 0.000000 0.000002 0.000027 0.000347 0.003229 0.020331 0.080001 0.187005 0.256384 0.187005 0.080001 0.020331 0.003229 0.000347 0.000027 0.000002 0.000000 0.000000 0.000000 0.000000 0.000000 0.000000 0.000000 0.000000 0.000000 0.000000 0.000000 0.000000 
0.000000 0.000000 0.000000 0.000000 0.000000 0.000000 0.000000 0.000000 0.000000 0.000000 0.000000 0.000000 0.000000 0.000000 0.000001 0.000008 0.000077 0.000553 0.002638 0.007604 0.011564 0.007604 0.002638 0.000553 0.000077 0.000008 0.000001 0.000000 0.000000 0.000000 0.000000 0.000000 0.000000 0.000000 0.000000 0.000000 0.000000 0.000000 0.000000 0.000000 
0.000000 0.000000 0.000000 0.000000 0.000000 0.000000 0.000000 0.000000 0.000000 0.000000 0.000000 0.000000 0.000000 0.000000 0.000000 0.000000 0.000002 0.000012 0.000058 0.000177 0.000278 0.000177 0.000058 0.000012 0.000002 0.000000 0.000000 0.000000 0.000000 0.000000 0.000000 0.000000 0.000000 0.000000 0.000000 0.000000 0.000000 0.000000 0.000000 0.000000 
0.000000 0.000000 0.000000 0.000000 0.000000 0.000000 0.000000 0.000000 0.000000 0.000000 0.000000 0.000000 0.000000 0.000000 0.000000 0.000000 0.000000 0.000000 0.000001 0.000003 0.000005 0.000003 0.000001 0.000000 0.000000 0.000000 0.000000 0.000000 0.000000 0.000000 0.000000 0.000000 0.000000 0.000000 0.000000 0.000000 0.000000 0.000000 0.000000 0.000000 
0.000000 0.000000 0.000000 0.000000 0.000000 0.000000 0.000000 0.000000 0.000000 0.000000 0.000000 0.000000 0.000000 0.000000 0.000000 0.000000 0.000000 0.000000 0.000000 0.000000 0.000000 0.000000 0.000000 0.000000 0.000000 0.000000 0.000000 0.000000 0.000000 0.000000 0.000000 0.000000 0.000000 0.000000 0.000000 0.000000 0.000000 0.000000 0.000000 0.000000 
0.000000 0.000000 0.000000 0.000000 0.000000 0.000000 0.000000 0.000000 0.000000 0.000000 0.000000 0.000000 0.000000 0.000000 0.000000 0.000000 0.000000 0.000000 0.000000 0.000000 0.000000 0.000000 0.000000 0.000000 0.000000 0.000000 0.000000 0.000000 0.000000 0.000000 0.000000 0.000000 0.000000 0.000000 0.000000 0.000000 0.000000 0.000000 0.000000 0.000000 
