0.000000 0.000000 0.000000 0.000000 0.000000 0.000000 0.000000 0.000000 0.000000 0.000000 0.000000 0.000000 0.000000 0.000000 0.000000 0.000000 0.000000 0.000001 0.000003 0.000006 0.000009 0.000006 0.000003 0.000001 0.000000 0.000000 0.000000 0.000000 0.000000 0.000000 0.000000 0.000000 0.000000 0.000000 0.000000 0.000000 0.000000 0.000000 0.000000 0.000000 
0.000000 0.000000 0.000000 0.000000 0.000000 0.000000 0.000000 0.000000 0.000000 0.000000 0.000000 0.000000 0.000000 0.000000 0.000000 0.000001 0.000006 0.000032 0.000125 0.000313 0.000443 0.000313 0.000125 0.000032 0.000006 0.000001 0.000000 0.000000 0.000000 0.000000 0.000000 0.000000 0.000000 0.000000 0.000000 0.000000 0.000000 0.000000 0.000000 0.000000 
0.000000 0.000000 0.000000 0.000000 0.000000 0.000000 0.000000 0.000000 0.000000 0.000000 0.000000 0.000000 0.000000 0.000000 0.000004 0.000035 0.000266 0.001455 0.005404 0.012726 0.017516 0.012726 0.005404 0.001455 0.000266 0.000035 0.000004 0.000000 0.000000 0.000000 0.000000 0.000000 0.000000 0.000000 0.000000 0.000000 0.000000 0.000000 0.000000 0.000000 
0.000000 0.000000 0.000000 0.000000 0.000000 0.000000 0.000000 0.000000 0.000000 0.000000 0.000000 0.000000 0.000001 0.000013 0.000162 0.001518 0.010335 0.047643 0.141507 0.269005 0.337032 0.269005 0.141507 0.047643 0.010335 0.001518 0.000162 0.000013 0.000001 0.000000 0.000000 0.000000 0.000000 0.000000 0.000000 0.000000 0.000000 0.000000 0.000000 0.000000 
0.000000 0.000000 0.000000 0.000000 0.000000 0.000000 0.000000 0.000000 0.000000 0.000000 0.000000 0.000002 0.000038 0.000550 0.006058 0.046094 0.212946 0.572890 1.074743 1.558085 1.863506 1.558085 1.074743 0.572890 0.212946 0.046094 0.006058 0.000550 0.000038 0.000002 0.000000 0.000000 0.000000 0.000000 0.000000 0.000000 0.000000 0.000000 0.000000 0.000000 
0.000000 0.000000 0.000000 0.000000 0.000000 0.000000 0.000000 0.000000 0.000000 0.000000 0.000004 0.000085 0.001416 0.017398 0.132753 0.514984 1.211975 2.160203 3.214641 4.234908 4.725740 4.234908 3.214641 2.160203 1.211975 0.514984 0.132753 0.017398 0.001416 0.000085 0.000004 0.000000 0.000000 0.000000 0.000000 0.000000 0.000000 0.000000 0.000000 0.000000 
0.000000 0.000000 0.000000 0.000000 0.000000 0.000000 0.000000 0.000000 0.000000 0.000006 0.000149 0.002814 0.037179 0.262140 0.870183 1.884524 3.253789 4.894796 6.672828 8.299099 9.221466 8.299099 6.672829 4.894796 3.253789 1.884524 0.870183 0.262140 0.037179 0.002814 0.000149 0.000006 0.000000 0.000000 0.000000 0.000000 0.000000 0.000000 0.000000 0.000000 
0.000000 0.000000 0.000000 0.000000 0.000000 0.000000 0.000000 0.000000 0.000008 0.000209 0.004395 0.061411 0.396287 1.206169 2.492818 4.246325 6.400214 8.854475 11.383085 13.702182 15.002192 13.702182 11.383085 8.854474 6.400214 4.246325 2.492818 1.206169 0.396287 0.061411 0.004395 0.000209 0.000008 0.000000 0.000000 0.000000 0.000000 0.000000 0.000000 0.000000 
0.000000 0.000000 0.000000 0.000000 0.000000 0.000000 0.000000 0.000008 0.000233 0.005470 0.081439 0.502602 1.470449 2.989378 5.064346 7.655707 10.661816 13.863945 16.997908 19.648947 21.267063 19.648947 16.997908 13.863944 10.661817 7.655707 5.064346 2.989378 1.470449 0.502602 0.081439 0.005470 0.000233 0.000008 0.000000 0.000000 0.000000 0.000000 0.000000 0.000000 
0.000000 0.000000 0.000000 0.000000 0.000000 0.000000 0.000006 0.000209 0.005470 0.089171 0.560798 1.637116 3.335593 5.672232 8.616966 12.061728 15.756403 19.377609 22.546085 25.029076 26.498642 25.029076 22.546085 19.377607 15.756403 12.061728 8.616966 5.672232 3.335592 1.637116 0.560798 0.089171 0.005470 0.000209 0.000006 0.000000 0.000000 0.000000 0.000000 0.000000 
0.000000 0.000000 0.000000 0.000000 0.000000 0.000004 0.000149 0.004395 0.081439 0.560798 1.694023 3.512274 6.044474 9.265218 13.050881 17.106762 21.035681 24.417538 27.044888 28.840387 29.932251 28.840387 27.044888 24.417536 21.035681 17.106762 13.050880 9.265217 6.044473 3.512274 1.694023 0.560798 0.081439 0.004395 0.000149 0.000004 0.000000 0.000000 0.000000 0.000000 
0.000000 0.000000 0.000000 0.000000 0.000002 0.000085 0.002814 0.061411 0.502602 1.637116 3.512274 6.169491 9.590770 13.638304 17.970451 22.114990 25.603197 28.222214 29.978275 31.059732 31.702822 31.059732 29.978275 28.222212 25.603197 22.114990 17.970449 13.638303 9.590771 6.169491 3.512274 1.637116 0.502602 0.061411 0.002814 0.000085 0.000002 0.000000 0.000000 0.000000 
0.000000 0.000000 0.000000 0.000001 0.000038 0.001416 0.037179 0.396287 1.470449 3.335593 6.044473 9.590770 13.832862 18.390738 22.721518 26.300171 28.904728 30.588469 31.596292 32.138332 32.474270 32.138332 31.596292 30.588469 28.904726 26.300169 22.721516 18.390738 13.832862 9.590771 6.044474 3.335593 1.470449 0.396287 0.037179 0.001416 0.000038 0.000001 0.000000 0.000000 
0.000000 0.000000 0.000000 0.000013 0.000550 0.017398 0.262140 1.206169 2.989378 5.672233 9.265217 13.638303 18.390736 22.916988 26.622990 29.261051 30.913185 31.860727 32.362370 32.608017 32.761238 32.608017 32.362370 31.860729 30.913185 29.261053 26.622990 22.916988 18.390738 13.638303 9.265217 5.672233 2.989379 1.206169 0.262140 0.017398 0.000550 0.000013 0.000000 0.000000 
0.000000 0.000000 0.000004 0.000162 0.006058 0.132753 0.870183 2.492818 5.064346 8.616966 13.050880 17.970449 22.721516 26.622990 29.371904 31.055462 31.988451 32.461758 32.692886 32.791744 32.857700 32.791744 32.692886 32.461758 31.988451 31.055462 29.371904 26.622990 22.721516 17.970449 13.050879 8.616966 5.064346 2.492818 0.870183 0.132753 0.006058 0.000162 0.000004 0.000000 
0.000000 0.000001 0.000035 0.001518 0.046094 0.514984 1.884524 4.246325 7.655707 12.061728 17.106762 22.114990 26.300169 29.261051 31.055462 32.026733 32.503242 32.724480 32.821976 32.860455 32.887394 32.860455 32.821976 32.724480 32.503242 32.026733 31.055462 29.261053 26.300169 22.114990 17.106762 12.061728 7.655707 4.246325 1.884524 0.514984 0.046094 0.001518 0.000035 0.000001 
0.000000 0.000006 0.000266 0.010335 0.212946 1.211975 3.253789 6.400214 10.661816 15.756403 21.035681 25.603197 28.904726 30.913185 31.988451 32.503242 32.734013 32.830288 32.870632 32.884857 32.896866 32.884857 32.870632 32.830288 32.734013 32.503242 31.988451 30.913185 28.904726 25.603197 21.035681 15.756403 10.661817 6.400214 3.253789 1.211975 0.212946 0.010335 0.000266 0.000006 
0.000001 0.000032 0.001455 0.047643 0.572890 2.160203 4.894796 8.854475 13.863945 19.377609 24.417538 28.222214 30.588469 31.860727 32.461758 32.724480 32.830288 32.871891 32.888271 32.894058 32.900372 32.894058 32.888271 32.871891 32.830288 32.724480 32.461758 31.860729 30.588469 28.222214 24.417538 19.377609 13.863946 8.854474 4.894795 2.160203 0.572890 0.047644 0.001455 0.000033 
0.000003 0.000125 0.005404 0.141507 1.074743 3.214641 6.672829 11.383085 16.997908 22.546085 27.044888 29.978275 31.596292 32.362370 32.692886 32.821976 32.870632 32.888271 32.895496 32.898094 32.902397 32.898094 32.895496 32.888271 32.870632 32.821976 32.692886 32.362370 31.596292 29.978275 27.044888 22.546085 16.997908 11.383086 6.672829 3.214642 1.074744 0.141509 0.005406 0.000131 
0.000006 0.000313 0.012726 0.269005 1.558085 4.234908 8.299099 13.702182 19.648947 25.029076 28.840387 31.059732 32.138332 32.608017 32.791744 32.860455 32.884857 32.894058 32.898094 32.899757 32.903194 32.899757 32.898094 32.894058 32.884857 32.860455 32.791744 32.608017 32.138332 31.059732 28.840387 25.029076 19.648947 13.702185 8.299104 4.234914 1.558092 0.269012 0.012734 0.000330 
0.000009 0.000443 0.017516 0.337032 1.863506 4.725740 9.221466 15.002191 21.267061 26.498640 29.932249 31.702822 32.474270 32.761238 32.857700 32.887394 32.896866 32.900372 32.902397 32.903194 32.904728 32.903194 32.902397 32.900372 32.896866 32.887394 32.857700 32.761238 32.474270 31.702822 29.932251 26.498644 21.267069 15.002200 9.221476 4.725749 1.863516 0.337043 0.017530 0.000469 
0.000006 0.000313 0.012726 0.269005 1.558085 4.234908 8.299099 13.702182 19.648945 25.029076 28.840387 31.059732 32.138332 32.608017 32.791744 32.860455 32.884857 32.894058 32.898094 32.899757 32.903194 32.899757 32.898094 32.894058 32.884857 32.860455 32.791744 32.608017 32.138332 31.059732 28.840389 25.029076 19.648949 13.702185 8.299104 4.234914 1.558092 0.269012 0.012734 0.000330 
0.000003 0.000125 0.005404 0.141507 1.074743 3.214641 6.672829 11.383085 16.997908 22.546083 27.044888 29.978275 31.596292 32.362370 32.692886 32.821976 32.870632 32.888271 32.895496 32.898094 32.902397 32.898094 32.895496 32.888271 32.870632 32.821976 32.692886 32.362370 31.596292 29.978275 27.044888 22.546085 16.997908 11.383087 6.672829 3.214642 1.074744 0.141509 0.005406 0.000131 
0.000001 0.000032 0.001455 0.047643 0.572890 2.160203 4.894795 8.854475 13.863944 19.377609 24.417538 28.222214 30.588469 31.860729 32.461758 32.724480 32.830288 32.871891 32.888271 32.894058 32.900372 32.894058 32.888271 32.871891 32.830288 32.724480 32.461758 31.860727 30.588469 28.222214 24.417538 19.377609 13.863944 8.854475 4.894795 2.160203 0.572890 0.047644 0.001455 0.000033 
0.000000 0.000006 0.000266 0.010335 0.212946 1.211975 3.253789 6.400214 10.661815 15.756404 21.035681 25.603197 28.904726 30.913185 31.988451 32.503242 32.734013 32.830288 32.870632 32.884857 32.896866 32.884857 32.870632 32.830288 32.734013 32.503242 31.988451 30.913185 28.904726 25.603197 21.035681 15.756403 10.661815 6.400214 3.253789 1.211975 0.212946 0.010335 0.000266 0.000006 
0.000000 0.000001 0.000035 0.001518 0.046094 0.514984 1.884524 4.246325 7.655707 12.061728 17.106762 22.114990 26.300169 29.261053 31.055462 32.026733 32.503242 32.724480 32.821976 32.860455 32.887394 32.860455 32.821976 32.724480 32.503242 32.026733 31.055460 29.261051 26.300169 22.114990 17.106764 12.061728 7.655707 4.246325 1.884524 0.514984 0.046094 0.001518 0.000035 0.000001 
0.000000 0.000000 0.000004 0.000162 0.006058 0.132753 0.870183 2.492818 5.064346 8.616966 13.050880 17.970451 22.721516 26.622990 29.371904 31.055462 31.988451 32.461758 32.692886 32.791744 32.857700 32.791744 32.692886 32.461758 31.988451 31.055460 29.371904 26.622990 22.721516 17.970451 13.050880 8.616966 5.064346 2.492818 0.870183 0.132753 0.006058 0.000162 0.000004 0.000000 
0.000000 0.000000 0.000000 0.000013 0.000550 0.017398 0.262140 1.206169 2.989378 5.672233 9.265217 13.638304 18.390736 22.916986 26.622990 29.261053 30.913185 31.860729 32.362370 32.608017 32.761238 32.608017 32.362370 31.860727 30.913185 29.261051 26.622990 22.916988 18.390736 13.638303 9.265217 5.672232 2.989378 1.206169 0.262140 0.017398 0.000550 0.000013 0.000000 0.000000 
0.000000 0.000000 0.000000 0.000001 0.000038 0.001416 0.037179 0.396287 1.470449 3.335593 6.044473 9.590771 13.832862 18.390736 22.721516 26.300169 28.904726 30.588469 31.596292 32.138332 32.474270 32.138332 31.596292 30.588469 28.904726 26.300169 22.721516 18.390736 13.832863 9.590772 6.044474 3.335593 1.470449 0.396287 0.037179 0.001416 0.000038 0.000001 0.000000 0.000000 
0.000000 0.000000 0.000000 0.000000 0.000002 0.000085 0.002814 0.061411 0.502602 1.637116 3.512274 6.169491 9.590770 13.638301 17.970449 22.114990 25.603197 28.222214 29.978275 31.059732 31.702822 31.059732 29.978275 28.222214 25.603197 22.114990 17.970451 13.638303 9.590772 6.169491 3.512274 1.637116 0.502602 0.061411 0.002814 0.000085 0.000002 0.000000 0.000000 0.000000 
0.000000 0.000000 0.000000 0.000000 0.000000 0.000004 0.000149 0.004395 0.081439 0.560798 1.694023 3.512274 6.044473 9.265217 13.050879 17.106762 21.035681 24.417538 27.044888 28.840387 29.932251 28.840389 27.044888 24.417538 21.035681 17.106764 13.050880 9.265217 6.044474 3.512274 1.694022 0.560798 0.081439 0.004395 0.000149 0.000004 0.000000 0.000000 0.000000 0.000000 
0.000000 0.000000 0.000000 0.000000 0.000000 0.000000 0.000006 0.000209 0.005470 0.089171 0.560798 1.637115 3.335592 5.672233 8.616966 12.061728 15.756403 19.377609 22.546083 25.029076 26.498644 25.029076 22.546085 19.377609 15.756403 12.061728 8.616966 5.672232 3.335593 1.637116 0.560798 0.089171 0.005470 0.000209 0.000006 0.000000 0.000000 0.000000 0.000000 0.000000 
0.000000 0.000000 0.000000 0.000000 0.000000 0.000000 0.000000 0.000008 0.000233 0.005470 0.081439 0.502601 1.470449 2.989378 5.064346 7.655708 10.661815 13.863944 16.997908 19.648947 21.267069 19.648949 16.997908 13.863944 10.661815 7.655707 5.064346 2.989378 1.470449 0.502602 0.081439 0.005470 0.000233 0.000008 0.000000 0.000000 0.000000 0.000000 0.000000 0.000000 
0.000000 0.000000 0.000000 0.000000 0.000000 0.000000 0.000000 0.000000 0.000008 0.000209 0.004395 0.061411 0.396287 1.206169 2.492818 4.246325 6.400214 8.854475 11.383086 13.702185 15.002200 13.702185 11.383087 8.854475 6.400214 4.246325 2.492818 1.206169 0.396287 0.061411 0.004395 0.000209 0.000008 0.000000 0.000000 0.000000 0.000000 0.000000 0.000000 0.000000 
0.000000 0.000000 0.000000 0.000000 0.000000 0.000000 0.000000 0.000000 0.000000 0.000006 0.000149 0.002814 0.037179 0.262140 0.870183 1.884524 3.253789 4.894795 6.672829 8.299104 9.221476 8.299104 6.672829 4.894795 3.253789 1.884524 0.870183 0.262140 0.037179 0.002814 0.000149 0.000006 0.000000 0.000000 0.000000 0.000000 0.000000 0.000000 0.000000 0.000000 
0.000000 0.000000 0.000000 0.000000 0.000000 0.000000 0.000000 0.000000 0.000000 0.000000 0.000004 0.000085 0.001416 0.017398 0.132753 0.514984 1.211975 2.160203 3.214642 4.234914 4.725749 4.234914 3.214642 2.160203 1.211975 0.514984 0.132753 0.017398 0.001416 0.000085 0.000004 0.000000 0.000000 0.000000 0.000000 0.000000 0.000000 0.000000 0.000000 0.000000 
0.000000 0.000000 0.000000 0.000000 0.000000 0.000000 0.000000 0.000000 0.000000 0.000000 0.000000 0.000002 0.000038 0.000550 0.006058 0.046094 0.212946 0.572890 1.074744 1.558092 1.863516 1.558092 1.074744 0.572890 0.212946 0.046094 0.006058 0.000550 0.000038 0.000002 0.000000 0.000000 0.000000 0.000000 0.000000 0.000000 0.000000 0.000000 0.000000 0.000000 
0.000000 0.000000 0.000000 0.000000 0.000000 0.000000 0.000000 0.000000 0.000000 0.000000 0.000000 0.000000 0.000001 0.000013 0.000162 0.001518 0.010335 0.047644 0.141509 0.269012 0.337043 0.269012 0.141509 0.047644 0.010335 0.001518 0.000162 0.000013 0.000001 0.000000 0.000000 0.000000 0.000000 0.000000 0.000000 0.000000 0.000000 0.000000 0.000000 0.000000 
0.000000 0.000000 0.000000 0.000000 0.000000 0.000000 0.000000 0.000000 0.000000 0.000000 0.000000 0.000000 0.000000 0.000000 0.000004 0.000035 0.000266 0.001455 0.005406 0.012734 0.017530 0.012734 0.005406 0.001455 0.000266 0.000035 0.000004 0.000000 0.000000 0.000000 0.000000 0.000000 0.000000 0.000000 0.000000 0.000000 0.000000 0.000000 0.000000 0.000000 
0.000000 0.000000 0.000000 0.000000 0.000000 0.000000 0.000000 0.000000 0.000000 0.000000 0.000000 0.000000 0.000000 0.000000 0.000000 0.000001 0.000006 0.000033 0.000131 0.000330 0.000469 0.000330 0.000131 0.000033 0.000006 0.000001 0.000000 0.000000 0.000000 0.000000 0.000000 0.000000 0.000000 0.000000 0.000000 0.000000 0.000000 0.000000 0.000000 0.000000 
