0.000000 0.000000 0.000000 0.000000 0.000000 0.000000 0.000000 0.000000 0.000000 0.000000 0.000000 0.000000 0.000000 0.000000 0.000000 0.000000 0.000003 0.000016 0.000059 0.000145 0.000202 0.000145 0.000059 0.000016 0.000003 0.000000 0.000000 0.000000 0.000000 0.000000 0.000000 0.000000 0.000000 0.000000 0.000000 0.000000 0.000000 0.000000 0.000000 0.000000 
0.000000 0.000000 0.000000 0.000000 0.000000 0.000000 0.000000 0.000000 0.000000 0.000000 0.000000 0.000000 0.000000 0.000000 0.000002 0.000019 0.000137 0.000719 0.002592 0.006001 0.008182 0.006001 0.002592 0.000719 0.000137 0.000019 0.000002 0.000000 0.000000 0.000000 0.000000 0.000000 0.000000 0.000000 0.000000 0.000000 0.000000 0.000000 0.000000 0.000000 
0.000000 0.000000 0.000000 0.000000 0.000000 0.000000 0.000000 0.000000 0.000000 0.000000 0.000000 0.000000 0.000001 0.000008 0.000095 0.000850 0.005636 0.025914 0.079044 0.155982 0.198128 0.155982 0.079044 0.025914 0.005636 0.000850 0.000095 0.000008 0.000001 0.000000 0.000000 0.000000 0.000000 0.000000 0.000000 0.000000 0.000000 0.000000 0.000000 0.000000 
0.000000 0.000000 0.000000 0.000000 0.000000 0.000000 0.000000 0.000000 0.000000 0.000000 0.000000 0.000002 0.000026 0.000351 0.003728 0.028242 0.138006 0.403716 0.790437 1.182797 1.349800 1.182797 0.790437 0.403716 0.138006 0.028242 0.003728 0.000351 0.000026 0.000002 0.000000 0.000000 0.000000 0.000000 0.000000 0.000000 0.000000 0.000000 0.000000 0.000000 
0.000000 0.000000 0.000000 0.000000 0.000000 0.000000 0.000000 0.000000 0.000000 0.000000 0.000003 0.000062 0.000989 0.011823 0.092604 0.392193 0.975037 1.788376 2.713614 3.522219 4.006623 3.522219 2.713614 1.788376 0.975037 0.392193 0.092604 0.011823 0.000989 0.000062 0.000003 0.000000 0.000000 0.000000 0.000000 0.000000 0.000000 0.000000 0.000000 0.000000 
0.000000 0.000000 0.000000 0.000000 0.000000 0.000000 0.000000 0.000000 0.000000 0.000005 0.000120 0.002158 0.027901 0.205996 0.726873 1.632459 2.856762 4.339033 5.913570 7.338327 8.145760 7.338327 5.913570 4.339033 2.856762 1.632459 0.726873 0.205996 0.027901 0.002158 0.000120 0.000005 0.000000 0.000000 0.000000 0.000000 0.000000 0.000000 0.000000 0.000000 
0.000000 0.000000 0.000000 0.000000 0.000000 0.000000 0.000000 0.000000 0.000007 0.000185 0.003710 0.050665 0.339891 1.069907 2.255443 3.870542 5.861405 8.115157 10.448647 12.499730 13.773599 12.499730 10.448647 8.115157 5.861405 3.870542 2.255443 1.069907 0.339891 0.050665 0.003710 0.000185 0.000007 0.000000 0.000000 0.000000 0.000000 0.000000 0.000000 0.000000 
0.000000 0.000000 0.000000 0.000000 0.000000 0.000000 0.000000 0.000008 0.000230 0.005098 0.073403 0.459275 1.362962 2.791371 4.742507 7.181621 10.003833 13.034575 15.973336 18.500622 20.013319 18.500622 15.973335 13.034575 10.003833 7.181621 4.742507 2.791371 1.362962 0.459275 0.073403 0.005098 0.000230 0.000008 0.000000 0.000000 0.000000 0.000000 0.000000 0.000000 
0.000000 0.000000 0.000000 0.000000 0.000000 0.000000 0.000007 0.000230 0.005661 0.087561 0.540247 1.571757 3.198434 5.428860 8.241291 11.525347 15.075087 18.565636 21.677872 24.104103 25.577549 24.104103 21.677874 18.565636 15.075087 11.525346 8.241291 5.428859 3.198433 1.571757 0.540247 0.087561 0.005661 0.000230 0.000007 0.000000 0.000000 0.000000 0.000000 0.000000 
0.000000 0.000000 0.000000 0.000000 0.000000 0.000005 0.000185 0.005098 0.087561 0.568811 1.679952 3.450169 5.900068 9.011338 12.661466 16.595984 20.429361 23.795216 26.426826 28.293242 29.371029 28.293242 26.426828 23.795216 20.429361 16.595984 12.661466 9.011338 5.900069 3.450169 1.679952 0.568811 0.087561 0.005098 0.000185 0.000005 0.000000 0.000000 0.000000 0.000000 
0.000000 0.000000 0.000000 0.000000 0.000003 0.000120 0.003710 0.073403 0.540247 1.679952 3.535189 6.138804 9.477337 13.412362 17.639797 21.702513 25.179670 27.820396 29.642975 30.778812 31.440454 30.778812 29.642975 27.820396 25.179670 21.702513 17.639797 13.412362 9.477338 6.138804 3.535189 1.679952 0.540247 0.073403 0.003710 0.000120 0.000003 0.000000 0.000000 0.000000 
0.000000 0.000000 0.000000 0.000002 0.000062 0.002158 0.050665 0.459275 1.571757 3.450169 6.138804 9.633064 13.785149 18.246964 22.492157 26.043486 28.655123 30.386679 31.432983 32.024761 32.364231 32.024761 31.432983 30.386679 28.655123 26.043486 22.492157 18.246964 13.785148 9.633064 6.138804 3.450169 1.571756 0.459275 0.050665 0.002158 0.000062 0.000002 0.000000 0.000000 
0.000000 0.000000 0.000001 0.000026 0.000989 0.027901 0.339891 1.362962 3.198433 5.900069 9.477337 13.785149 18.446014 22.869261 26.516031 29.129406 30.799843 31.768810 32.298912 32.564251 32.722820 32.564251 32.298912 31.768810 30.799843 29.129406 26.516031 22.869261 18.446014 13.785149 9.477338 5.900069 3.198433 1.362962 0.339891 0.027901 0.000989 0.000026 0.000001 0.000000 
0.000000 0.000000 0.000008 0.000351 0.011823 0.205996 1.069907 2.791371 5.428860 9.011338 13.412362 18.246964 22.869261 26.666300 29.344955 31.010525 31.942434 32.429188 32.668587 32.778130 32.844948 32.778130 32.668587 32.429188 31.942434 31.010523 29.344955 26.666300 22.869263 18.246965 13.412363 9.011338 5.428859 2.791371 1.069907 0.205996 0.011823 0.000351 0.000008 0.000000 
0.000000 0.000002 0.000095 0.003728 0.092604 0.726873 2.255443 4.742507 8.241291 12.661466 17.639797 22.492157 26.516031 29.344955 31.075348 32.017368 32.491016 32.713173 32.814713 32.855904 32.883602 32.855904 32.814713 32.713173 32.491016 32.017368 31.075348 29.344955 26.516033 22.492159 17.639797 12.661466 8.241290 4.742507 2.255443 0.726873 0.092604 0.003728 0.000095 0.000002 
0.000000 0.000019 0.000850 0.028242 0.392193 1.632459 3.870542 7.181621 11.525347 16.595984 21.702513 26.043488 29.129408 31.010525 32.017368 32.509373 32.731678 32.827900 32.868267 32.883747 32.895481 32.883747 32.868267 32.827900 32.731678 32.509373 32.017368 31.010523 29.129408 26.043489 21.702515 16.595982 11.525346 7.181621 3.870542 1.632459 0.392193 0.028242 0.000851 0.000020 
0.000003 0.000137 0.005636 0.138006 0.975037 2.856762 5.861405 10.003833 15.075087 20.429361 25.179670 28.655123 30.799843 31.942434 32.491016 32.731678 32.831833 32.871525 32.887856 32.893711 32.899883 32.893711 32.887856 32.871525 32.831833 32.731678 32.491016 31.942434 30.799843 28.655123 25.179670 20.429361 15.075087 10.003833 5.861405 2.856763 0.975038 0.138008 0.005639 0.000144 
0.000016 0.000719 0.025914 0.403716 1.788376 4.339033 8.115157 13.034575 18.565636 23.795216 27.820396 30.386679 31.768810 32.429188 32.713173 32.827900 32.871525 32.888325 32.895203 32.897953 32.901932 32.897953 32.895203 32.888325 32.871525 32.827900 32.713173 32.429188 31.768810 30.386679 27.820396 23.795218 18.565639 13.034578 8.115162 4.339044 1.788390 0.403737 0.025942 0.000768 
0.000059 0.002592 0.079044 0.790437 2.713614 5.913570 10.448647 15.973335 21.677874 26.426828 29.642975 31.432983 32.298912 32.668587 32.814713 32.868267 32.887856 32.895203 32.898724 32.900223 32.903301 32.900223 32.898724 32.895203 32.887856 32.868267 32.814713 32.668587 32.298912 31.432983 29.642977 26.426834 21.677891 15.973373 10.448702 5.913646 2.713713 0.790560 0.079192 0.002831 
0.000145 0.006001 0.155982 1.182797 3.522219 7.338327 12.499730 18.500622 24.104101 28.293242 30.778812 32.024761 32.564251 32.778130 32.855904 32.883747 32.893711 32.897953 32.900223 32.901325 32.903866 32.901325 32.900223 32.897953 32.893711 32.883747 32.855904 32.778133 32.564255 32.024765 30.778830 28.293285 24.104216 18.500828 12.500014 7.338677 3.522615 1.183237 0.156466 0.006709 
0.000202 0.008182 0.198128 1.349800 4.006623 8.145761 13.773598 20.013315 25.577547 29.371029 31.440454 32.364231 32.722820 32.844948 32.883602 32.895481 32.899883 32.901932 32.903301 32.903866 32.904732 32.903866 32.903301 32.901932 32.899883 32.895481 32.883606 32.844948 32.722828 32.364258 31.440529 29.371204 25.577894 20.013853 13.774302 8.146528 4.007392 1.350556 0.198894 0.009258 
0.000145 0.006001 0.155982 1.182798 3.522219 7.338327 12.499729 18.500622 24.104099 28.293242 30.778812 32.024761 32.564251 32.778130 32.855904 32.883747 32.893711 32.897953 32.900223 32.901325 32.903866 32.901325 32.900223 32.897953 32.893711 32.883747 32.855904 32.778133 32.564255 32.024765 30.778828 28.293285 24.104216 18.500826 12.500014 7.338677 3.522615 1.183237 0.156466 0.006709 
0.000059 0.002592 0.079044 0.790437 2.713614 5.913570 10.448647 15.973336 21.677870 26.426826 29.642975 31.432983 32.298912 32.668587 32.814713 32.868267 32.887856 32.895203 32.898724 32.900223 32.903301 32.900223 32.898724 32.895203 32.887856 32.868267 32.814713 32.668587 32.298912 31.432983 29.642977 26.426834 21.677891 15.973372 10.448701 5.913645 2.713712 0.790560 0.079192 0.002831 
0.000016 0.000719 0.025914 0.403716 1.788376 4.339034 8.115157 13.034575 18.565636 23.795216 27.820396 30.386677 31.768808 32.429188 32.713173 32.827900 32.871525 32.888325 32.895203 32.897953 32.901932 32.897953 32.895203 32.888325 32.871525 32.827900 32.713173 32.429188 31.768808 30.386677 27.820396 23.795218 18.565638 13.034577 8.115162 4.339044 1.788390 0.403737 0.025942 0.000768 
0.000003 0.000137 0.005636 0.138006 0.975037 2.856762 5.861405 10.003833 15.075085 20.429359 25.179668 28.655123 30.799841 31.942434 32.491016 32.731678 32.831833 32.871525 32.887856 32.893711 32.899883 32.893711 32.887856 32.871525 32.831833 32.731678 32.491016 31.942434 30.799843 28.655123 25.179670 20.429359 15.075085 10.003833 5.861405 2.856763 0.975038 0.138008 0.005639 0.000144 
0.000000 0.000019 0.000850 0.028242 0.392193 1.632459 3.870542 7.181621 11.525346 16.595982 21.702513 26.043486 29.129406 31.010523 32.017368 32.509373 32.731678 32.827900 32.868267 32.883747 32.895481 32.883747 32.868267 32.827900 32.731678 32.509373 32.017368 31.010525 29.129406 26.043486 21.702513 16.595984 11.525346 7.181621 3.870542 1.632459 0.392193 0.028242 0.000851 0.000020 
0.000000 0.000002 0.000095 0.003728 0.092604 0.726873 2.255443 4.742507 8.241290 12.661467 17.639797 22.492157 26.516033 29.344955 31.075348 32.017368 32.491016 32.713173 32.814713 32.855904 32.883606 32.855904 32.814713 32.713173 32.491016 32.017368 31.075348 29.344955 26.516031 22.492157 17.639797 12.661466 8.241290 4.742507 2.255443 0.726873 0.092604 0.003728 0.000095 0.000002 
0.000000 0.000000 0.000008 0.000351 0.011823 0.205996 1.069907 2.791371 5.428859 9.011338 13.412362 18.246965 22.869263 26.666300 29.344955 31.010523 31.942434 32.429188 32.668587 32.778133 32.844948 32.778133 32.668587 32.429188 31.942434 31.010525 29.344955 26.666300 22.869261 18.246965 13.412363 9.011338 5.428859 2.791371 1.069907 0.205996 0.011823 0.000351 0.000008 0.000000 
0.000000 0.000000 0.000001 0.000026 0.000989 0.027901 0.339891 1.362962 3.198433 5.900069 9.477338 13.785149 18.446014 22.869259 26.516031 29.129406 30.799843 31.768810 32.298912 32.564255 32.722828 32.564255 32.298912 31.768808 30.799843 29.129406 26.516031 22.869261 18.446014 13.785149 9.477337 5.900069 3.198433 1.362962 0.339891 0.027901 0.000989 0.000026 0.000001 0.000000 
0.000000 0.000000 0.000000 0.000002 0.000062 0.002158 0.050665 0.459275 1.571756 3.450169 6.138804 9.633063 13.785148 18.246964 22.492155 26.043484 28.655123 30.386679 31.432983 32.024765 32.364258 32.024765 31.432983 30.386677 28.655123 26.043486 22.492157 18.246965 13.785149 9.633064 6.138804 3.450169 1.571757 0.459275 0.050665 0.002158 0.000062 0.000002 0.000000 0.000000 
0.000000 0.000000 0.000000 0.000000 0.000003 0.000120 0.003710 0.073403 0.540247 1.679952 3.535189 6.138803 9.477338 13.412362 17.639797 21.702511 25.179670 27.820396 29.642977 30.778830 31.440529 30.778828 29.642977 27.820396 25.179670 21.702513 17.639797 13.412363 9.477337 6.138804 3.535189 1.679953 0.540247 0.073403 0.003710 0.000120 0.000003 0.000000 0.000000 0.000000 
0.000000 0.000000 0.000000 0.000000 0.000000 0.000005 0.000185 0.005098 0.087561 0.568810 1.679952 3.450168 5.900069 9.011338 12.661466 16.595982 20.429359 23.795218 26.426836 28.293287 29.371204 28.293285 26.426834 23.795218 20.429359 16.595984 12.661466 9.011338 5.900069 3.450169 1.679953 0.568811 0.087561 0.005098 0.000185 0.000005 0.000000 0.000000 0.000000 0.000000 
0.000000 0.000000 0.000000 0.000000 0.000000 0.000000 0.000007 0.000230 0.005661 0.087561 0.540247 1.571757 3.198433 5.428860 8.241291 11.525346 15.075087 18.565638 21.677891 24.104216 25.577894 24.104216 21.677891 18.565638 15.075085 11.525346 8.241290 5.428859 3.198433 1.571757 0.540247 0.087561 0.005661 0.000230 0.000007 0.000000 0.000000 0.000000 0.000000 0.000000 
0.000000 0.000000 0.000000 0.000000 0.000000 0.000000 0.000000 0.000008 0.000230 0.005098 0.073403 0.459275 1.362962 2.791371 4.742507 7.181621 10.003833 13.034578 15.973372 18.500828 20.013853 18.500826 15.973372 13.034577 10.003833 7.181621 4.742507 2.791371 1.362962 0.459275 0.073403 0.005098 0.000230 0.000008 0.000000 0.000000 0.000000 0.000000 0.000000 0.000000 
0.000000 0.000000 0.000000 0.000000 0.000000 0.000000 0.000000 0.000000 0.000007 0.000185 0.003710 0.050665 0.339891 1.069907 2.255443 3.870542 5.861405 8.115162 10.448701 12.500014 13.774302 12.500014 10.448701 8.115162 5.861405 3.870542 2.255443 1.069907 0.339891 0.050665 0.003710 0.000185 0.000007 0.000000 0.000000 0.000000 0.000000 0.000000 0.000000 0.000000 
0.000000 0.000000 0.000000 0.000000 0.000000 0.000000 0.000000 0.000000 0.000000 0.000005 0.000120 0.002158 0.027901 0.205996 0.726873 1.632459 2.856763 4.339044 5.913646 7.338677 8.146528 7.338677 5.913645 4.339044 2.856763 1.632459 0.726873 0.205996 0.027901 0.002158 0.000120 0.000005 0.000000 0.000000 0.000000 0.000000 0.000000 0.000000 0.000000 0.000000 
0.000000 0.000000 0.000000 0.000000 0.000000 0.000000 0.000000 0.000000 0.000000 0.000000 0.000003 0.000062 0.000989 0.011823 0.092604 0.392193 0.975038 1.788390 2.713713 3.522615 4.007392 3.522615 2.713712 1.788390 0.975038 0.392193 0.092604 0.011823 0.000989 0.000062 0.000003 0.000000 0.000000 0.000000 0.000000 0.000000 0.000000 0.000000 0.000000 0.000000 
0.000000 0.000000 0.000000 0.000000 0.000000 0.000000 0.000000 0.000000 0.000000 0.000000 0.000000 0.000002 0.000026 0.000351 0.003728 0.028242 0.138008 0.403737 0.790560 1.183237 1.350556 1.183237 0.790560 0.403737 0.138008 0.028242 0.003728 0.000351 0.000026 0.000002 0.000000 0.000000 0.000000 0.000000 0.000000 0.000000 0.000000 0.000000 0.000000 0.000000 
0.000000 0.000000 0.000000 0.000000 0.000000 0.000000 0.000000 0.000000 0.000000 0.000000 0.000000 0.000000 0.000001 0.000008 0.000095 0.000851 0.005639 0.025942 0.079192 0.156466 0.198894 0.156466 0.079192 0.025942 0.005639 0.000851 0.000095 0.000008 0.000001 0.000000 0.000000 0.000000 0.000000 0.000000 0.000000 0.000000 0.000000 0.000000 0.000000 0.000000 
0.000000 0.000000 0.000000 0.000000 0.000000 0.000000 0.000000 0.000000 0.000000 0.000000 0.000000 0.000000 0.000000 0.000000 0.000002 0.000020 0.000144 0.000768 0.002831 0.006709 0.009258 0.006709 0.002831 0.000768 0.000144 0.000020 0.000002 0.000000 0.000000 0.000000 0.000000 0.000000 0.000000 0.000000 0.000000 0.000000 0.000000 0.000000 0.000000 0.000000 
