0.000000 0.000000 0.000000 0.000000 0.000000 0.000000 0.000000 0.000000 0.000000 0.000000 0.000000 0.000000 0.000000 0.000000 0.000000 0.000000 0.000000 0.000000 0.000000 0.000000 0.000000 0.000000 0.000000 0.000000 0.000000 0.000000 0.000000 0.000000 0.000000 0.000000 0.000000 0.000000 0.000000 0.000000 0.000000 0.000000 0.000000 0.000000 0.000000 0.000000 
0.000000 0.000000 0.000000 0.000000 0.000000 0.000000 0.000000 0.000000 0.000000 0.000000 0.000000 0.000000 0.000000 0.000000 0.000000 0.000000 0.000000 0.000000 0.000000 0.000000 0.000000 0.000000 0.000000 0.000000 0.000000 0.000000 0.000000 0.000000 0.000000 0.000000 0.000000 0.000000 0.000000 0.000000 0.000000 0.000000 0.000000 0.000000 0.000000 0.000000 
0.000000 0.000000 0.000000 0.000000 0.000000 0.000000 0.000000 0.000000 0.000000 0.000000 0.000000 0.000000 0.000000 0.000000 0.000000 0.000000 0.000000 0.000000 0.000000 0.000001 0.000001 0.000001 0.000000 0.000000 0.000000 0.000000 0.000000 0.000000 0.000000 0.000000 0.000000 0.000000 0.000000 0.000000 0.000000 0.000000 0.000000 0.000000 0.000000 0.000000 
0.000000 0.000000 0.000000 0.000000 0.000000 0.000000 0.000000 0.000000 0.000000 0.000000 0.000000 0.000000 0.000000 0.000000 0.000000 0.000000 0.000000 0.000001 0.000004 0.000010 0.000015 0.000010 0.000004 0.000001 0.000000 0.000000 0.000000 0.000000 0.000000 0.000000 0.000000 0.000000 0.000000 0.000000 0.000000 0.000000 0.000000 0.000000 0.000000 0.000000 
0.000000 0.000000 0.000000 0.000000 0.000000 0.000000 0.000000 0.000000 0.000000 0.000000 0.000000 0.000000 0.000000 0.000000 0.000000 0.000001 0.000005 0.000021 0.000068 0.000160 0.000232 0.000160 0.000068 0.000021 0.000005 0.000001 0.000000 0.000000 0.000000 0.000000 0.000000 0.000000 0.000000 0.000000 0.000000 0.000000 0.000000 0.000000 0.000000 0.000000 
0.000000 0.000000 0.000000 0.000000 0.000000 0.000000 0.000000 0.000000 0.000000 0.000000 0.000000 0.000000 0.000000 0.000000 0.000002 0.000014 0.000073 0.000306 0.000991 0.002283 0.003274 0.002283 0.000991 0.000306 0.000073 0.000014 0.000002 0.000000 0.000000 0.000000 0.000000 0.000000 0.000000 0.000000 0.000000 0.000000 0.000000 0.000000 0.000000 0.000000 
0.000000 0.000000 0.000000 0.000000 0.000000 0.000000 0.000000 0.000000 0.000000 0.000000 0.000000 0.000000 0.000001 0.000005 0.000032 0.000196 0.000997 0.004089 0.012894 0.029030 0.041084 0.029030 0.012894 0.004089 0.000997 0.000196 0.000032 0.000005 0.000001 0.000000 0.000000 0.000000 0.000000 0.000000 0.000000 0.000000 0.000000 0.000000 0.000000 0.000000 
0.000000 0.000000 0.000000 0.000000 0.000000 0.000000 0.000000 0.000000 0.000000 0.000000 0.000000 0.000001 0.000008 0.000060 0.000419 0.002482 0.012217 0.048241 0.145730 0.314742 0.435226 0.314742 0.145730 0.048241 0.012217 0.002482 0.000419 0.000060 0.000008 0.000001 0.000000 0.000000 0.000000 0.000000 0.000000 0.000000 0.000000 0.000000 0.000000 0.000000 
0.000000 0.000000 0.000000 0.000000 0.000000 0.000000 0.000000 0.000000 0.000000 0.000000 0.000001 0.000011 0.000093 0.000726 0.004889 0.027839 0.129963 0.478047 1.319820 2.593945 3.400560 2.593946 1.319820 0.478047 0.129963 0.027839 0.004889 0.000726 0.000093 0.000011 0.000001 0.000000 0.000000 0.000000 0.000000 0.000000 0.000000 0.000000 0.000000 0.000000 
0.000000 0.000000 0.000000 0.000000 0.000000 0.000000 0.000000 0.000000 0.000000 0.000001 0.000012 0.000121 0.001038 0.007809 0.050145 0.266236 1.115867 3.469378 7.601731 11.925295 13.735946 11.925302 7.601731 3.469378 1.115866 0.266236 0.050145 0.007809 0.001038 0.000121 0.000012 0.000001 0.000000 0.000000 0.000000 0.000000 0.000000 0.000000 0.000000 0.000000 
0.000000 0.000000 0.000000 0.000000 0.000000 0.000000 0.000000 0.000000 0.000001 0.000012 0.000131 0.001239 0.010277 0.073207 0.431392 1.972502 6.316940 13.148482 19.649168 23.424955 27.990274 23.424955 19.649168 13.148482 6.316940 1.972502 0.431392 0.073207 0.010277 0.001239 0.000131 0.000012 0.000001 0.000000 0.000000 0.000000 0.000000 0.000000 0.000000 0.000000 
0.000000 0.000000 0.000000 0.000000 0.000000 0.000000 0.000000 0.000001 0.000011 0.000121 0.001239 0.011250 0.088081 0.569146 2.783010 8.841990 16.881638 24.006588 29.492855 34.246696 39.257149 34.246700 29.492855 24.006588 16.881638 8.841990 2.783010 0.569146 0.088081 0.011250 0.001239 0.000121 0.000011 0.000001 0.000000 0.000000 0.000000 0.000000 0.000000 0.000000 
0.000000 0.000000 0.000000 0.000000 0.000000 0.000000 0.000001 0.000008 0.000093 0.001038 0.010277 0.088081 0.622870 3.267411 10.433412 18.990551 26.615713 32.959873 38.317215 43.288204 48.998463 43.288208 38.317215 32.959873 26.615711 18.990549 10.433412 3.267411 0.622870 0.088081 0.010277 0.001038 0.000093 0.000008 0.000001 0.000000 0.000000 0.000000 0.000000 0.000000 
0.000000 0.000000 0.000000 0.000000 0.000000 0.000000 0.000005 0.000060 0.000726 0.007809 0.073207 0.569146 3.267411 10.963052 19.961512 27.986645 34.845608 40.923088 46.003876 51.485821 57.341969 51.485821 46.003880 40.923088 34.845604 27.986643 19.961512 10.963051 3.267410 0.569146 0.073207 0.007809 0.000726 0.000060 0.000005 0.000000 0.000000 0.000000 0.000000 0.000000 
0.000000 0.000000 0.000000 0.000000 0.000000 0.000002 0.000032 0.000419 0.004889 0.050145 0.431392 2.783010 10.433410 19.961512 28.412348 35.687817 42.236416 47.968563 53.253670 58.527176 65.290260 58.527176 53.253674 47.968563 42.236416 35.687817 28.412348 19.961512 10.433412 2.783010 0.431392 0.050145 0.004889 0.000419 0.000032 0.000002 0.000000 0.000000 0.000000 0.000000 
0.000000 0.000000 0.000000 0.000000 0.000001 0.000014 0.000196 0.002482 0.027839 0.266236 1.972502 8.841990 18.990551 27.986649 35.687817 42.638088 48.839931 54.652405 59.831467 65.243927 72.739647 65.243919 59.831459 54.652405 48.839931 42.638088 35.687817 27.986643 18.990549 8.841990 1.972502 0.266236 0.027839 0.002482 0.000196 0.000014 0.000001 0.000000 0.000000 0.000000 
0.000000 0.000000 0.000000 0.000000 0.000005 0.000073 0.000997 0.012217 0.129963 1.115867 6.316940 16.881638 26.615713 34.845612 42.236420 48.839935 55.087849 60.766155 66.374573 71.310631 80.364029 71.310631 66.374565 60.766155 55.087845 48.839931 42.236416 34.845604 26.615711 16.881638 6.316940 1.115866 0.129963 0.012217 0.000997 0.000073 0.000005 0.000000 0.000000 0.000000 
0.000000 0.000000 0.000000 0.000001 0.000021 0.000306 0.004089 0.048241 0.478047 3.469378 13.148482 24.006588 32.959873 40.923088 47.968563 54.652409 60.766159 66.801422 72.482094 77.321114 88.209122 77.321114 72.482086 66.801422 60.766155 54.652405 47.968563 40.923088 32.959873 24.006586 13.148482 3.469378 0.478047 0.048241 0.004089 0.000306 0.000021 0.000001 0.000000 0.000000 
0.000000 0.000000 0.000000 0.000004 0.000068 0.000991 0.012894 0.145730 1.319820 7.601731 19.649168 29.492859 38.317223 46.003880 53.253674 59.831467 66.374573 72.482094 78.826286 83.644203 97.972778 83.644196 78.826286 72.482086 66.374565 59.831459 53.253674 46.003880 38.317215 29.492855 19.649168 7.601731 1.319820 0.145730 0.012894 0.000991 0.000068 0.000004 0.000000 0.000000 
0.000000 0.000000 0.000001 0.000010 0.000160 0.002283 0.029030 0.314742 2.593945 11.925295 23.424955 34.246700 43.288208 51.485821 58.527176 65.243927 71.310638 77.321114 83.644203 88.029930 101.568085 88.029922 83.644203 77.321114 71.310631 65.243919 58.527180 51.485817 43.288204 34.246704 23.424961 11.925302 2.593946 0.314742 0.029030 0.002283 0.000160 0.000010 0.000001 0.000000 
0.000000 0.000000 0.000001 0.000015 0.000232 0.003274 0.041084 0.435226 3.400561 13.735948 27.990271 39.257141 48.998455 57.341957 65.290260 72.739647 80.364037 88.209137 97.972801 101.568100 289.487396 101.568100 97.972801 88.209145 80.364044 72.739647 65.290260 57.341957 48.998455 39.257141 27.990271 13.735949 3.400561 0.435226 0.041084 0.003274 0.000232 0.000015 0.000001 0.000000 
0.000000 0.000000 0.000001 0.000010 0.000160 0.002283 0.029030 0.314742 2.593946 11.925302 23.424957 34.246700 43.288208 51.485821 58.527180 65.243919 71.310631 77.321114 83.644203 88.029930 101.568100 88.029930 83.644203 77.321114 71.310631 65.243919 58.527180 51.485817 43.288204 34.246704 23.424961 11.925302 2.593946 0.314742 0.029030 0.002283 0.000160 0.000010 0.000001 0.000000 
0.000000 0.000000 0.000000 0.000004 0.000068 0.000991 0.012894 0.145730 1.319820 7.601731 19.649168 29.492855 38.317215 46.003880 53.253674 59.831459 66.374565 72.482086 78.826286 83.644203 97.972801 83.644203 78.826286 72.482086 66.374565 59.831459 53.253674 46.003880 38.317215 29.492855 19.649168 7.601731 1.319820 0.145730 0.012894 0.000991 0.000068 0.000004 0.000000 0.000000 
0.000000 0.000000 0.000000 0.000001 0.000021 0.000306 0.004089 0.048241 0.478047 3.469378 13.148482 24.006588 32.959873 40.923088 47.968563 54.652405 60.766155 66.801422 72.482086 77.321114 88.209145 77.321114 72.482086 66.801422 60.766155 54.652405 47.968563 40.923088 32.959873 24.006586 13.148482 3.469378 0.478047 0.048241 0.004089 0.000306 0.000021 0.000001 0.000000 0.000000 
0.000000 0.000000 0.000000 0.000000 0.000005 0.000073 0.000997 0.012217 0.129963 1.115866 6.316940 16.881638 26.615711 34.845604 42.236416 48.839931 55.087845 60.766155 66.374565 71.310631 80.364044 71.310631 66.374565 60.766155 55.087845 48.839931 42.236416 34.845604 26.615711 16.881638 6.316940 1.115866 0.129963 0.012217 0.000997 0.000073 0.000005 0.000000 0.000000 0.000000 
0.000000 0.000000 0.000000 0.000000 0.000001 0.000014 0.000196 0.002482 0.027839 0.266236 1.972502 8.841990 18.990549 27.986643 35.687817 42.638088 48.839931 54.652405 59.831459 65.243919 72.739647 65.243919 59.831459 54.652405 48.839931 42.638088 35.687817 27.986643 18.990549 8.841990 1.972502 0.266236 0.027839 0.002482 0.000196 0.000014 0.000001 0.000000 0.000000 0.000000 
0.000000 0.000000 0.000000 0.000000 0.000000 0.000002 0.000032 0.000419 0.004889 0.050145 0.431392 2.783010 10.433412 19.961512 28.412348 35.687817 42.236416 47.968563 53.253670 58.527180 65.290260 58.527180 53.253674 47.968563 42.236416 35.687817 28.412348 19.961512 10.433412 2.783010 0.431392 0.050145 0.004889 0.000419 0.000032 0.000002 0.000000 0.000000 0.000000 0.000000 
0.000000 0.000000 0.000000 0.000000 0.000000 0.000000 0.000005 0.000060 0.000726 0.007809 0.073207 0.569146 3.267410 10.963051 19.961512 27.986643 34.845604 40.923088 46.003876 51.485821 57.341957 51.485821 46.003880 40.923088 34.845604 27.986643 19.961512 10.963053 3.267411 0.569146 0.073207 0.007809 0.000726 0.000060 0.000005 0.000000 0.000000 0.000000 0.000000 0.000000 
0.000000 0.000000 0.000000 0.000000 0.000000 0.000000 0.000001 0.000008 0.000093 0.001038 0.010277 0.088081 0.622870 3.267410 10.433412 18.990549 26.615711 32.959873 38.317215 43.288204 48.998455 43.288208 38.317215 32.959873 26.615711 18.990549 10.433412 3.267411 0.622871 0.088081 0.010277 0.001038 0.000093 0.000008 0.000001 0.000000 0.000000 0.000000 0.000000 0.000000 
0.000000 0.000000 0.000000 0.000000 0.000000 0.000000 0.000000 0.000001 0.000011 0.000121 0.001239 0.011250 0.088081 0.569145 2.783010 8.841990 16.881638 24.006586 29.492853 34.246696 39.257141 34.246700 29.492855 24.006586 16.881638 8.841990 2.783010 0.569146 0.088081 0.011250 0.001239 0.000121 0.000011 0.000001 0.000000 0.000000 0.000000 0.000000 0.000000 0.000000 
0.000000 0.000000 0.000000 0.000000 0.000000 0.000000 0.000000 0.000000 0.000001 0.000012 0.000131 0.001239 0.010277 0.073207 0.431392 1.972502 6.316940 13.148482 19.649166 23.424955 27.990271 23.424957 19.649168 13.148482 6.316940 1.972502 0.431392 0.073207 0.010277 0.001239 0.000131 0.000012 0.000001 0.000000 0.000000 0.000000 0.000000 0.000000 0.000000 0.000000 
0.000000 0.000000 0.000000 0.000000 0.000000 0.000000 0.000000 0.000000 0.000000 0.000001 0.000012 0.000121 0.001038 0.007809 0.050145 0.266236 1.115866 3.469378 7.601731 11.925302 13.735949 11.925302 7.601731 3.469378 1.115866 0.266236 0.050145 0.007809 0.001038 0.000121 0.000012 0.000001 0.000000 0.000000 0.000000 0.000000 0.000000 0.000000 0.000000 0.000000 
0.000000 0.000000 0.000000 0.000000 0.000000 0.000000 0.000000 0.000000 0.000000 0.000000 0.000001 0.000011 0.000093 0.000726 0.004889 0.027839 0.129963 0.478047 1.319820 2.593946 3.400561 2.593946 1.319820 0.478047 0.129963 0.027839 0.004889 0.000726 0.000093 0.000011 0.000001 0.000000 0.000000 0.000000 0.000000 0.000000 0.000000 0.000000 0.000000 0.000000 
0.000000 0.000000 0.000000 0.000000 0.000000 0.000000 0.000000 0.000000 0.000000 0.000000 0.000000 0.000001 0.000008 0.000060 0.000419 0.002482 0.012217 0.048241 0.145730 0.314742 0.435226 0.314742 0.145730 0.048241 0.012217 0.002482 0.000419 0.000060 0.000008 0.000001 0.000000 0.000000 0.000000 0.000000 0.000000 0.000000 0.000000 0.000000 0.000000 0.000000 
0.000000 0.000000 0.000000 0.000000 0.000000 0.000000 0.000000 0.000000 0.000000 0.000000 0.000000 0.000000 0.000001 0.000005 0.000032 0.000196 0.000997 0.004089 0.012894 0.029030 0.041084 0.029030 0.012894 0.004089 0.000997 0.000196 0.000032 0.000005 0.000001 0.000000 0.000000 0.000000 0.000000 0.000000 0.000000 0.000000 0.000000 0.000000 0.000000 0.000000 
0.000000 0.000000 0.000000 0.000000 0.000000 0.000000 0.000000 0.000000 0.000000 0.000000 0.000000 0.000000 0.000000 0.000000 0.000002 0.000014 0.000073 0.000306 0.000991 0.002283 0.003274 0.002283 0.000991 0.000306 0.000073 0.000014 0.000002 0.000000 0.000000 0.000000 0.000000 0.000000 0.000000 0.000000 0.000000 0.000000 0.000000 0.000000 0.000000 0.000000 
0.000000 0.000000 0.000000 0.000000 0.000000 0.000000 0.000000 0.000000 0.000000 0.000000 0.000000 0.000000 0.000000 0.000000 0.000000 0.000001 0.000005 0.000021 0.000068 0.000160 0.000232 0.000160 0.000068 0.000021 0.000005 0.000001 0.000000 0.000000 0.000000 0.000000 0.000000 0.000000 0.000000 0.000000 0.000000 0.000000 0.000000 0.000000 0.000000 0.000000 
0.000000 0.000000 0.000000 0.000000 0.000000 0.000000 0.000000 0.000000 0.000000 0.000000 0.000000 0.000000 0.000000 0.000000 0.000000 0.000000 0.000000 0.000001 0.000004 0.000010 0.000015 0.000010 0.000004 0.000001 0.000000 0.000000 0.000000 0.000000 0.000000 0.000000 0.000000 0.000000 0.000000 0.000000 0.000000 0.000000 0.000000 0.000000 0.000000 0.000000 
0.000000 0.000000 0.000000 0.000000 0.000000 0.000000 0.000000 0.000000 0.000000 0.000000 0.000000 0.000000 0.000000 0.000000 0.000000 0.000000 0.000000 0.000000 0.000000 0.000001 0.000001 0.000001 0.000000 0.000000 0.000000 0.000000 0.000000 0.000000 0.000000 0.000000 0.000000 0.000000 0.000000 0.000000 0.000000 0.000000 0.000000 0.000000 0.000000 0.000000 
0.000000 0.000000 0.000000 0.000000 0.000000 0.000000 0.000000 0.000000 0.000000 0.000000 0.000000 0.000000 0.000000 0.000000 0.000000 0.000000 0.000000 0.000000 0.000000 0.000000 0.000000 0.000000 0.000000 0.000000 0.000000 0.000000 0.000000 0.000000 0.000000 0.000000 0.000000 0.000000 0.000000 0.000000 0.000000 0.000000 0.000000 0.000000 0.000000 0.000000 
