0.000000 0.000000 0.000000 0.000000 0.000002 0.000018 0.000136 0.000968 0.006286 0.036762 0.190199 0.847876 3.143426 9.275412 20.613863 34.667980 48.956524 63.023060 77.624153 83.392426 223.146103 83.392441 77.624161 63.023079 48.956535 34.667988 20.613869 9.275414 3.143426 0.847876 0.190199 0.036762 0.006286 0.000968 0.000136 0.000018 0.000002 0.000000 0.000000 0.000000 
0.000000 0.000000 0.000000 0.000002 0.000020 0.000162 0.001216 0.008359 0.051643 0.279951 1.275209 4.500493 11.050558 18.980131 27.864124 39.136066 51.769489 64.953972 79.044334 84.792816 223.466309 84.792824 79.044342 64.953979 51.769497 39.136078 27.864134 18.980139 11.050558 4.500493 1.275209 0.279951 0.051643 0.008359 0.001216 0.000162 0.000020 0.000002 0.000000 0.000000 
0.000000 0.000000 0.000002 0.000022 0.000189 0.001502 0.010919 0.071259 0.405110 1.891154 6.452520 14.190635 21.678871 28.532942 35.710648 44.762520 55.684238 67.799667 81.241928 86.990944 223.998947 86.990952 81.241936 67.799675 55.684246 44.762535 35.710655 28.532946 21.678869 14.190635 6.452520 1.891154 0.405110 0.071259 0.010919 0.001502 0.000189 0.000022 0.000002 0.000000 
0.000000 0.000002 0.000022 0.000199 0.001669 0.012807 0.088129 0.524539 2.503660 8.246763 16.639305 24.194887 30.966475 37.101009 43.293591 50.809319 60.233459 71.272957 83.996384 89.787720 224.705200 89.787720 83.996384 71.272964 60.233467 50.809326 43.293594 37.101009 30.966475 24.194887 16.639305 8.246763 2.503660 0.524539 0.088129 0.012807 0.001669 0.000199 0.000022 0.000002 
0.000002 0.000020 0.000189 0.001669 0.013504 0.097922 0.610830 2.993074 9.627586 18.354872 26.084131 32.944328 39.163498 44.888515 50.546505 57.064430 65.274384 75.287170 87.276047 93.139603 225.578278 93.139618 87.276054 75.287178 65.274391 57.064438 50.546513 44.888515 39.163498 32.944328 26.084131 18.354874 9.627586 2.993074 0.610830 0.097922 0.013504 0.001669 0.000189 0.000022 
0.000018 0.000162 0.001502 0.012807 0.097922 0.642334 3.263678 10.479549 19.445280 27.371252 34.376522 40.737747 46.618557 52.132153 57.533775 63.462002 70.756744 79.855278 91.093758 97.075638 226.628754 97.075645 91.093758 79.855278 70.756744 63.462006 57.533787 52.132156 46.618557 40.737747 34.376522 27.371252 19.445280 10.479549 3.263678 0.642334 0.097922 0.012808 0.001503 0.000178 
0.000136 0.001216 0.010919 0.088129 0.610830 3.263678 10.765755 19.977467 28.114418 35.304653 41.825474 47.877987 53.578915 59.015587 64.346260 69.989128 76.672752 85.010284 95.549652 101.677269 227.889236 101.677269 95.549652 85.010284 76.672760 69.989143 64.346268 59.015587 53.578915 47.877987 41.825474 35.304653 28.114418 19.977467 10.765755 3.263678 0.610830 0.088130 0.010931 0.001340 
0.000968 0.008359 0.071259 0.524539 2.993074 10.479549 19.977467 28.357252 35.759033 42.467342 48.693336 54.580299 60.220131 65.683952 71.077576 76.669601 83.026245 90.819252 100.734924 107.070274 229.409668 107.070282 100.734932 90.819267 83.026253 76.669609 71.077583 65.683952 60.220131 54.580292 48.693333 42.467339 35.759029 28.357252 19.977467 10.479549 2.993074 0.524547 0.071344 0.009234 
0.006286 0.051643 0.405110 2.503660 9.627586 19.445280 28.114418 35.759029 42.679379 49.096542 55.166931 61.001064 66.677216 72.259041 77.825859 83.549774 89.849899 97.340530 106.814163 113.415489 231.274750 113.415504 106.814171 97.340553 89.849907 83.549774 77.825867 72.259041 66.677216 61.001060 55.166927 49.096542 42.679379 35.759033 28.114422 19.445286 9.627597 2.503726 0.405690 0.057307 
0.036762 0.279951 1.891154 8.246763 18.354872 27.371252 35.304657 42.467339 49.096542 55.360523 61.383957 67.259865 73.058243 78.846146 84.686630 90.704674 97.190178 104.674110 113.931496 120.930229 233.610352 120.930244 113.931511 104.674118 97.190186 90.704674 84.686638 78.846146 73.058235 67.259865 61.383957 55.360523 49.096542 42.467339 35.304657 27.371279 18.355005 8.247408 1.895106 0.313138 
0.190199 1.275209 6.452520 16.639305 26.084131 34.376522 41.825474 48.693333 55.166931 61.383961 67.450500 73.452507 79.460304 85.543121 91.765999 98.226295 105.142563 112.916779 122.317375 129.877533 236.625092 129.877548 122.317390 112.916786 105.142563 98.226295 91.766006 85.543121 79.460297 73.452499 67.450508 61.383965 55.166973 48.693489 41.825745 34.377251 26.086185 16.646296 6.483276 1.454000 
0.847876 4.500493 14.190635 24.194887 32.944328 40.737747 47.877987 54.580292 61.001064 67.259865 73.452507 79.665070 85.972511 92.450005 99.172623 106.241966 113.821632 122.246223 132.200348 140.612305 240.659424 140.612305 132.200363 122.246239 113.821625 106.241959 99.172615 92.450005 85.972527 79.665085 73.452843 67.260498 61.002216 54.582607 47.882023 40.748428 32.972183 24.270937 14.426394 5.430906 
3.143426 11.050558 21.678871 30.966475 39.163498 46.618557 53.578915 60.220131 66.677216 73.058243 79.460304 85.972511 92.678772 99.665855 107.035034 114.895203 123.422340 132.867920 143.948227 153.577179 246.294128 153.577194 143.948242 132.867935 123.422356 114.895233 107.035141 99.666145 92.679436 85.973770 79.463501 73.064171 66.688614 60.245991 53.635731 46.744686 39.442169 31.594046 23.160772 14.959536 
9.275412 18.980131 28.532942 37.101009 44.888515 52.132153 59.015587 65.683952 72.259041 78.846146 85.543121 92.450005 99.665855 107.306511 115.494629 124.390915 134.173477 145.121948 157.962112 169.354614 254.534164 169.354614 157.962128 145.122009 134.173630 124.391289 115.495590 107.308701 99.671570 92.461960 85.569687 78.902267 72.373436 65.912384 59.457859 52.972008 46.448475 39.950199 33.709114 28.575474 
20.613865 27.864124 35.710648 43.293591 50.546505 57.533775 64.346260 71.077576 77.825859 84.686630 91.765999 99.172615 107.035034 115.494637 124.734863 134.946884 146.415710 159.392334 174.856842 188.706848 266.772430 188.706924 174.857056 159.393021 146.417435 134.951050 124.744308 115.515266 107.077866 99.258644 91.934334 85.001762 78.394096 72.067863 66.011765 60.241497 54.808659 49.810596 45.454090 42.284481 
34.667980 39.136070 44.762527 50.809319 57.064430 63.462002 69.989128 76.669601 83.549774 90.704666 98.226295 106.241959 114.895203 124.390915 134.946884 146.880997 160.526611 176.253937 195.227158 212.299927 283.717926 212.300552 195.228790 176.258621 160.537933 146.906052 135.000381 124.497246 115.096413 106.604477 98.855545 91.750694 85.217438 79.224503 73.754570 68.811218 64.407661 60.587601 57.463066 55.359379 
48.956524 51.769489 55.684238 60.233459 65.274384 70.756744 76.672752 83.026245 89.849899 97.190178 105.142563 113.821632 123.422340 134.173477 146.415710 160.526611 177.030899 196.266708 219.492554 240.302261 301.797821 240.304947 219.500275 196.288651 177.081528 160.633163 146.621521 134.545822 124.059395 114.855309 106.746964 99.572502 93.238884 87.659409 82.777657 78.536072 74.903549 71.866158 69.483452 67.955566 
63.023060 64.953972 67.799667 71.272957 75.287170 79.855278 85.010284 90.819252 97.340530 104.674110 112.916779 122.246223 132.867920 145.121948 159.392334 176.253937 196.266739 219.580048 246.880951 269.756866 314.778198 269.764832 246.906372 219.653137 196.431442 176.578308 159.969223 146.072556 134.339005 124.399902 115.921707 108.691345 102.501717 97.222137 92.715607 88.897552 85.688774 83.068062 81.059311 79.817764 
77.624153 79.044334 81.241928 83.996384 87.276047 91.093758 95.549644 100.734917 106.814163 113.931496 122.317375 132.200333 143.948212 157.962097 174.856842 195.227173 219.492554 246.880920 275.463531 296.383850 321.452698 296.398926 275.528320 247.092453 219.990753 196.179840 176.435867 160.327423 147.246933 136.548843 127.803421 120.593307 114.651726 109.710609 105.614090 102.197594 99.390923 97.128929 95.442383 94.419403 
83.392426 84.792816 86.990944 89.787720 93.139603 97.075630 101.677254 107.070274 113.415489 120.930229 129.877533 140.612289 153.577179 169.354599 188.706833 212.299942 240.302261 269.756866 296.383850 311.997131 324.316406 312.015289 296.477997 270.066193 240.894165 213.101089 189.711288 170.748505 155.630600 143.526794 133.795776 125.900360 119.456032 114.151665 109.778580 106.161758 103.207596 100.847435 99.102386 98.054977 
223.146149 223.466370 223.998962 224.705231 225.578262 226.628769 227.889282 229.409714 231.274811 233.610413 236.625092 240.659500 246.294205 254.534195 266.772430 283.717926 301.797821 314.778198 321.452698 324.316406 326.199890 324.331604 321.666504 316.624664 310.151825 304.259918 299.947418 296.958527 294.831543 293.263763 292.071381 291.140076 290.398834 289.798065 289.307373 288.903564 288.574432 288.312531 288.119537 288.005524 
83.392448 84.792839 86.990959 89.787727 93.139618 97.075638 101.677269 107.070282 113.415497 120.930244 129.877548 140.612305 153.577194 169.354614 188.706940 212.300583 240.304962 269.764832 296.398956 312.015289 324.331604 312.033386 296.492432 270.073669 240.896927 213.101700 189.711380 170.748520 155.630600 143.526794 133.795776 125.900352 119.456032 114.151665 109.778580 106.161758 103.207596 100.847435 99.102386 98.054977 
77.624168 79.044357 81.241943 83.996391 87.276054 91.093758 95.549652 100.734932 106.814171 113.931511 122.317375 132.200348 143.948227 157.962128 174.857056 195.228790 219.500275 246.906372 275.528320 296.477997 321.666504 296.492432 275.592224 247.118225 219.998505 196.181473 176.436066 160.327423 147.246902 136.548843 127.803406 120.593292 114.651726 109.710609 105.614090 102.197594 99.390923 97.128929 95.442383 94.419403 
63.023087 64.953995 67.799683 71.272972 75.287186 79.855278 85.010284 90.819260 97.340538 104.674103 112.916771 122.246223 132.867920 145.121979 159.393005 176.258636 196.288651 219.653137 247.092453 270.066223 316.624664 270.073669 247.118225 219.726151 196.453430 176.582886 159.969879 146.072617 134.339005 124.399902 115.921700 108.691338 102.501717 97.222137 92.715591 88.897537 85.688766 83.068062 81.059319 79.817764 
48.956543 51.769505 55.684250 60.233471 65.274399 70.756744 76.672760 83.026245 89.849892 97.190163 105.142540 113.821609 123.422348 134.173615 146.417435 160.537949 177.081528 196.431442 219.990753 240.894165 310.151825 240.896927 219.998505 196.453430 177.132141 160.644272 146.623245 134.545975 124.059410 114.855309 106.746964 99.572502 93.238884 87.659401 82.777649 78.536064 74.903549 71.866158 69.483452 67.955566 
34.667992 39.136082 44.762535 50.809326 57.064438 63.462006 69.989136 76.669609 83.549767 90.704666 98.226288 106.241951 114.895233 124.391281 134.951050 146.906052 160.633163 176.578308 196.179840 213.101089 304.259918 213.101700 196.181458 176.582901 160.644272 146.931686 135.004623 124.497612 115.096443 106.604477 98.855545 91.750694 85.217438 79.224503 73.754570 68.811218 64.407661 60.587601 57.463070 55.359386 
20.613869 27.864134 35.710655 43.293594 50.546509 57.533779 64.346260 71.077576 77.825859 84.686630 91.765999 99.172615 107.035133 115.495590 124.744308 135.000381 146.621506 159.969223 176.435867 189.711319 299.947418 189.711380 176.436066 159.969879 146.623245 135.004623 124.753716 115.516205 107.077980 99.258652 91.934334 85.001762 78.394096 72.067863 66.011757 60.241493 54.808659 49.810596 45.454090 42.284485 
9.275416 18.980141 28.532948 37.101009 44.888515 52.132156 59.015587 65.683945 72.259041 78.846146 85.543121 92.450012 99.666145 107.308701 115.515274 124.497246 134.545807 146.072556 160.327423 170.748520 296.958557 170.748505 160.327408 146.072617 134.545975 124.497612 115.516205 107.310867 99.671906 92.461967 85.569687 78.902267 72.373436 65.912384 59.457859 52.972008 46.448471 39.950195 33.709110 28.575474 
3.143426 11.050559 21.678869 30.966475 39.163498 46.618557 53.578915 60.220131 66.677216 73.058243 79.460304 85.972527 92.679443 99.671577 107.077866 115.096413 124.059395 134.339005 147.246933 155.630615 294.831665 155.630600 147.246918 134.339020 124.059410 115.096436 107.077980 99.671906 92.680138 85.973793 79.463501 73.064171 66.688614 60.245995 53.635727 46.744686 39.442169 31.594042 23.160772 14.959536 
0.847876 4.500493 14.190635 24.194887 32.944328 40.737747 47.877987 54.580299 61.001060 67.259865 73.452499 79.665092 85.973778 92.461960 99.258652 106.604485 114.855309 124.399902 136.548843 143.526794 293.263794 143.526810 136.548859 124.399910 114.855309 106.604477 99.258652 92.461967 85.973793 79.665123 73.452850 67.260498 61.002216 54.582603 47.882019 40.748428 32.972187 24.270937 14.426394 5.430906 
0.190199 1.275209 6.452520 16.639305 26.084131 34.376526 41.825474 48.693336 55.166927 61.383957 67.450508 73.452850 79.463501 85.569687 91.934341 98.855553 106.746964 115.921707 127.803421 133.795776 292.071381 133.795776 127.803421 115.921715 106.746971 98.855545 91.934334 85.569687 79.463501 73.452850 67.450516 61.383965 55.166973 48.693485 41.825737 34.377247 26.086184 16.646294 6.483276 1.454000 
0.036762 0.279951 1.891154 8.246763 18.354872 27.371254 35.304653 42.467342 49.096542 55.360523 61.383965 67.260498 73.064171 78.902267 85.001762 91.750694 99.572510 108.691345 120.593307 125.900368 291.140106 125.900368 120.593307 108.691353 99.572510 91.750694 85.001762 78.902267 73.064171 67.260498 61.383965 55.360523 49.096542 42.467339 35.304653 27.371273 18.355001 8.247408 1.895106 0.313138 
0.006286 0.051643 0.405110 2.503660 9.627586 19.445284 28.114422 35.759033 42.679379 49.096542 55.166973 61.002216 66.688614 72.373436 78.394096 85.217438 93.238884 102.501717 114.651726 119.456032 290.398804 119.456032 114.651726 102.501717 93.238892 85.217445 78.394096 72.373436 66.688614 61.002216 55.166973 49.096542 42.679375 35.759029 28.114418 19.445282 9.627598 2.503726 0.405690 0.057307 
0.000968 0.008359 0.071259 0.524539 2.993074 10.479551 19.977468 28.357252 35.759033 42.467339 48.693485 54.582603 60.245991 65.912384 72.067863 79.224503 87.659393 97.222137 109.710609 114.151665 289.797974 114.151665 109.710609 97.222137 87.659409 79.224510 72.067863 65.912384 60.245995 54.582603 48.693485 42.467339 35.759029 28.357246 19.977463 10.479549 2.993074 0.524547 0.071344 0.009234 
0.000136 0.001216 0.010919 0.088129 0.610830 3.263678 10.765755 19.977467 28.114422 35.304657 41.825741 47.882019 53.635727 59.457855 66.011757 73.754570 82.777649 92.715599 105.614090 109.778580 289.307373 109.778580 105.614090 92.715591 82.777649 73.754570 66.011757 59.457859 53.635727 47.882019 41.825737 35.304653 28.114418 19.977463 10.765754 3.263678 0.610830 0.088130 0.010931 0.001340 
0.000018 0.000162 0.001502 0.012807 0.097922 0.642334 3.263678 10.479549 19.445286 27.371279 34.377251 40.748428 46.744686 52.972004 60.241489 68.811218 78.536064 88.897545 102.197594 106.161758 288.903564 106.161758 102.197594 88.897537 78.536064 68.811218 60.241493 52.972008 46.744686 40.748428 34.377247 27.371273 19.445282 10.479549 3.263678 0.642334 0.097922 0.012808 0.001503 0.000178 
0.000002 0.000020 0.000189 0.001669 0.013504 0.097922 0.610830 2.993074 9.627597 18.355005 26.086185 32.972183 39.442169 46.448471 54.808659 64.407661 74.903542 85.688774 99.390930 103.207603 288.574432 103.207588 99.390915 85.688766 74.903542 64.407661 54.808659 46.448471 39.442169 32.972187 26.086184 18.355001 9.627598 2.993074 0.610830 0.097922 0.013504 0.001669 0.000189 0.000022 
0.000000 0.000002 0.000022 0.000199 0.001669 0.012808 0.088130 0.524547 2.503726 8.247408 16.646296 24.270937 31.594046 39.950199 49.810596 60.587601 71.866158 83.068069 97.128937 100.847443 288.312531 100.847427 97.128922 83.068054 71.866142 60.587589 49.810596 39.950199 31.594046 24.270937 16.646294 8.247408 2.503726 0.524547 0.088130 0.012808 0.001669 0.000199 0.000022 0.000002 
0.000000 0.000000 0.000002 0.000022 0.000189 0.001503 0.010931 0.071344 0.405690 1.895106 6.483276 14.426394 23.160772 33.709110 45.454090 57.463070 69.483452 81.059311 95.442383 99.102386 288.119537 99.102379 95.442368 81.059296 69.483437 57.463062 45.454086 33.709114 23.160772 14.426394 6.483276 1.895106 0.405690 0.071344 0.010931 0.001503 0.000189 0.000022 0.000002 0.000000 
0.000000 0.000000 0.000000 0.000002 0.000022 0.000178 0.001340 0.009234 0.057307 0.313138 1.454000 5.430906 14.959536 28.575474 42.284485 55.359386 67.955566 79.817764 94.419403 98.054977 288.005524 98.054962 94.419395 79.817757 67.955559 55.359379 42.284477 28.575476 14.959536 5.430906 1.454000 0.313138 0.057307 0.009234 0.001340 0.000178 0.000022 0.000002 0.000000 0.000000 
