0.000000 0.000000 0.000000 0.000000 0.000000 0.000000 0.000000 0.000000 0.000000 0.000000 0.000000 0.000003 0.000017 0.000092 0.000436 0.001777 0.006112 0.017291 0.038878 0.066378 0.080949 0.066378 0.038878 0.017291 0.006112 0.001777 0.000436 0.000092 0.000017 0.000003 0.000000 0.000000 0.000000 0.000000 0.000000 0.000000 0.000000 0.000000 0.000000 0.000000 
0.000000 0.000000 0.000000 0.000000 0.000000 0.000000 0.000000 0.000000 0.000000 0.000001 0.000005 0.000033 0.000197 0.001038 0.004781 0.018876 0.062545 0.169529 0.364690 0.600091 0.720292 0.600091 0.364690 0.169529 0.062545 0.018876 0.004781 0.001038 0.000197 0.000033 0.000005 0.000001 0.000000 0.000000 0.000000 0.000000 0.000000 0.000000 0.000000 0.000000 
0.000000 0.000000 0.000000 0.000000 0.000000 0.000000 0.000000 0.000000 0.000001 0.000008 0.000059 0.000386 0.002245 0.011486 0.050805 0.190226 0.587987 1.460150 2.845510 4.293882 4.964151 4.293882 2.845510 1.460150 0.587987 0.190226 0.050805 0.011486 0.002245 0.000386 0.000059 0.000008 0.000001 0.000000 0.000000 0.000000 0.000000 0.000000 0.000000 0.000000 
0.000000 0.000000 0.000000 0.000000 0.000000 0.000000 0.000000 0.000001 0.000012 0.000093 0.000655 0.004152 0.023256 0.112920 0.463188 1.549510 4.051859 8.051659 12.396996 15.678686 16.862764 15.678686 12.396996 8.051659 4.051859 1.549510 0.463188 0.112920 0.023256 0.004152 0.000655 0.000093 0.000012 0.000001 0.000000 0.000000 0.000000 0.000000 0.000000 0.000000 
0.000000 0.000000 0.000000 0.000000 0.000000 0.000000 0.000002 0.000015 0.000127 0.000968 0.006628 0.040207 0.211039 0.924608 3.189547 8.034944 14.419967 20.091936 24.506525 27.478533 29.091986 27.478529 24.506523 20.091936 14.419967 8.034944 3.189547 0.924608 0.211039 0.040207 0.006628 0.000968 0.000127 0.000015 0.000002 0.000000 0.000000 0.000000 0.000000 0.000000 
0.000000 0.000000 0.000000 0.000000 0.000000 0.000002 0.000017 0.000153 0.001251 0.009206 0.060018 0.336917 1.547481 5.298808 12.165143 19.311499 25.335127 30.599970 34.888424 37.996456 39.913914 37.996452 34.888424 30.599970 25.335127 19.311499 12.165143 5.298808 1.547481 0.336917 0.060018 0.009206 0.001251 0.000153 0.000017 0.000002 0.000000 0.000000 0.000000 0.000000 
0.000000 0.000000 0.000000 0.000000 0.000002 0.000017 0.000163 0.001421 0.011187 0.078011 0.465594 2.219723 7.406451 15.421924 22.731066 29.187132 34.793335 39.746819 44.029041 47.388935 49.770538 47.388931 44.029041 39.746819 34.793331 29.187130 22.731064 15.421923 7.406451 2.219723 0.465594 0.078011 0.011187 0.001421 0.000163 0.000017 0.000002 0.000000 0.000000 0.000000 
0.000000 0.000000 0.000000 0.000001 0.000015 0.000153 0.001421 0.011933 0.088807 0.562773 2.785126 9.093984 17.654863 25.195166 31.866386 37.807621 43.145527 47.989090 52.314960 56.061672 58.953526 56.061672 52.314960 47.989090 43.145527 37.807621 31.866385 25.195166 17.654861 9.093984 2.785126 0.562773 0.088807 0.011933 0.001421 0.000153 0.000015 0.000001 0.000000 0.000000 
0.000000 0.000000 0.000001 0.000012 0.000127 0.001251 0.011187 0.088807 0.599013 3.106066 10.148198 19.038969 26.850342 33.714039 39.911552 45.555073 50.771957 55.605721 60.086136 64.184547 67.832596 64.184540 60.086136 55.605724 50.771961 45.555069 39.911549 33.714035 26.850338 19.038967 10.148198 3.106066 0.599013 0.088807 0.011187 0.001251 0.000127 0.000012 0.000001 0.000000 
0.000000 0.000001 0.000008 0.000093 0.000968 0.009206 0.078011 0.562773 3.106066 10.503122 19.705183 27.791632 34.893974 41.305660 47.214615 52.723194 57.913116 62.846413 67.506157 72.011559 76.606552 72.011551 67.506157 62.846413 57.913120 52.723194 47.214619 41.305660 34.893974 27.791630 19.705183 10.503122 3.106066 0.562773 0.078011 0.009206 0.000968 0.000093 0.000008 0.000001 
0.000000 0.000005 0.000059 0.000655 0.006628 0.060018 0.465594 2.785126 10.148198 19.705183 28.096300 35.466824 42.115223 48.255005 54.026169 59.503429 64.770737 69.851494 74.794609 79.620331 85.577423 79.620331 74.794609 69.851494 64.770744 59.503429 54.026176 48.255005 42.115227 35.466827 28.096300 19.705183 10.148198 2.785126 0.465594 0.060018 0.006628 0.000655 0.000059 0.000005 
0.000003 0.000033 0.000386 0.004152 0.040207 0.336917 2.219723 9.093984 19.038967 27.791630 35.466827 42.381248 48.761158 54.771591 60.509571 66.058243 71.467773 76.802521 82.047096 87.232391 94.940163 87.232391 82.047096 76.802521 71.467773 66.058243 60.509571 54.771591 48.761158 42.381245 35.466824 27.791628 19.038965 9.093984 2.219723 0.336917 0.040207 0.004152 0.000386 0.000036 
0.000017 0.000197 0.002245 0.023256 0.211039 1.547481 7.406451 17.654863 26.850338 34.893974 42.115227 48.761162 55.014400 60.995113 66.804199 72.494087 78.148262 83.780121 89.479385 94.920013 105.062248 94.920021 89.479385 83.780113 78.148262 72.494080 66.804192 60.995110 55.014400 48.761162 42.115227 34.893974 26.850340 17.654863 7.406451 1.547481 0.211039 0.023256 0.002247 0.000213 
0.000092 0.001038 0.011486 0.112920 0.924608 5.298808 15.421924 25.195166 33.714039 41.305664 48.255009 54.771599 60.995117 67.045197 72.996483 78.930908 84.888931 90.960747 97.159874 102.942268 116.251259 102.942261 97.159874 90.960739 84.888931 78.930908 72.996475 67.045197 60.995117 54.771599 48.255009 41.305664 33.714039 25.195166 15.421923 5.298808 0.924608 0.112920 0.011493 0.001123 
0.000436 0.004781 0.050805 0.463188 3.189547 12.165143 22.731066 31.866386 39.911552 47.214619 54.026176 60.509571 66.804199 72.996483 79.189072 85.433868 91.832878 98.394562 105.351974 111.415855 129.096420 111.415855 105.351967 98.394554 91.832870 85.433868 79.189064 72.996483 66.804199 60.509575 54.026176 47.214619 39.911552 31.866385 22.731064 12.165143 3.189547 0.463191 0.050836 0.005183 
0.001777 0.018876 0.190226 1.549510 8.034944 19.311499 29.187132 37.807621 45.555073 52.723194 59.503429 66.058243 72.494087 78.930901 85.433861 92.120514 99.026428 106.300339 114.105751 120.664902 144.274933 120.664902 114.105751 106.300339 99.026428 92.120522 85.433868 78.930908 72.494087 66.058243 59.503429 52.723190 45.555069 37.807617 29.187130 19.311499 8.034945 1.549521 0.190356 0.020512 
0.006112 0.062545 0.587987 4.051859 14.419967 25.335127 34.793335 43.145527 50.771957 57.913116 64.770737 71.467773 78.148262 84.888924 91.832863 99.026421 106.654869 114.709496 123.785233 130.925858 162.837387 130.925858 123.785233 114.709488 106.654869 99.026428 91.832870 84.888931 78.148262 71.467773 64.770744 57.913120 50.771957 43.145523 34.793335 25.335129 14.419981 4.051906 0.588455 0.068164 
0.017291 0.169529 1.460150 8.051659 20.091936 30.599970 39.746819 47.989090 55.605721 62.846413 69.851494 76.802521 83.780121 90.960732 98.394547 106.300331 114.709496 123.856018 134.387894 142.388214 185.557297 142.388214 134.387909 123.856018 114.709496 106.300339 98.394554 90.960732 83.780106 76.802513 69.851494 62.846413 55.605724 47.989094 39.746830 30.599998 20.092016 8.051931 1.461615 0.185420 
0.038878 0.364690 2.845510 12.396996 24.506525 34.888424 44.029041 52.314960 60.086136 67.506157 74.794609 82.047104 89.479393 97.159874 105.351967 114.105743 123.785233 134.387894 147.145386 156.816437 215.968933 156.816422 147.145370 134.387894 123.785225 114.105751 105.351967 97.159874 89.479393 82.047096 74.794617 67.506165 60.086163 52.315018 44.029148 34.888618 24.506935 12.398026 2.849553 0.400572 
0.066378 0.600091 4.293882 15.678686 27.478533 37.996456 47.388935 56.061676 64.184540 72.011551 79.620331 87.232399 94.920021 102.942268 111.415855 120.664902 130.925858 142.388214 156.816437 167.647629 244.361115 167.647629 156.816422 142.388199 130.925842 120.664902 111.415855 102.942268 94.920021 87.232430 79.620384 72.011642 64.184692 56.061947 47.389355 37.997269 27.479797 15.681459 4.302503 0.661985 
0.080949 0.720292 4.964151 16.862764 29.091990 39.913914 49.770538 58.953526 67.832603 76.606552 85.577423 94.940163 105.062241 116.251244 129.096405 144.274918 162.837372 185.557281 215.968903 244.361084 311.526794 244.361099 215.968933 185.557327 162.837448 144.275009 129.096497 116.251358 105.062378 94.940346 85.577637 76.606911 67.833069 58.954170 49.771458 39.915257 29.094137 16.866835 4.975784 0.796298 
0.066378 0.600091 4.293882 15.678686 27.478529 37.996452 47.388935 56.061676 64.184540 72.011551 79.620323 87.232384 94.920021 102.942268 111.415855 120.664902 130.925858 142.388214 156.816452 167.647644 244.361099 167.647629 156.816422 142.388199 130.925858 120.664902 111.415855 102.942268 94.920021 87.232430 79.620384 72.011650 64.184692 56.061951 47.389355 37.997269 27.479797 15.681459 4.302502 0.661985 
0.038878 0.364690 2.845510 12.396996 24.506523 34.888424 44.029041 52.314957 60.086132 67.506157 74.794609 82.047096 89.479385 97.159874 105.351967 114.105743 123.785233 134.387894 147.145386 156.816452 215.968933 156.816422 147.145386 134.387894 123.785233 114.105743 105.351974 97.159882 89.479393 82.047104 74.794617 67.506165 60.086163 52.315010 44.029144 34.888618 24.506935 12.398026 2.849553 0.400572 
0.017291 0.169529 1.460150 8.051659 20.091936 30.599972 39.746815 47.989090 55.605713 62.846413 69.851494 76.802521 83.780113 90.960739 98.394554 106.300331 114.709488 123.856018 134.387894 142.388214 185.557312 142.388199 134.387894 123.856018 114.709488 106.300323 98.394554 90.960739 83.780121 76.802521 69.851494 62.846413 55.605721 47.989090 39.746830 30.599998 20.092016 8.051931 1.461615 0.185420 
0.006112 0.062545 0.587987 4.051859 14.419967 25.335127 34.793331 43.145519 50.771957 57.913109 64.770729 71.467773 78.148254 84.888924 91.832863 99.026421 106.654854 114.709488 123.785233 130.925858 162.837402 130.925858 123.785233 114.709488 106.654854 99.026421 91.832863 84.888931 78.148262 71.467773 64.770737 57.913109 50.771957 43.145519 34.793331 25.335129 14.419981 4.051906 0.588455 0.068164 
0.001777 0.018876 0.190226 1.549510 8.034944 19.311499 29.187130 37.807617 45.555069 52.723186 59.503426 66.058235 72.494080 78.930901 85.433861 92.120514 99.026413 106.300323 114.105743 120.664909 144.274979 120.664902 114.105743 106.300323 99.026421 92.120514 85.433861 78.930908 72.494087 66.058243 59.503429 52.723194 45.555069 37.807617 29.187130 19.311499 8.034945 1.549521 0.190356 0.020512 
0.000436 0.004781 0.050805 0.463188 3.189547 12.165143 22.731064 31.866385 39.911549 47.214619 54.026176 60.509571 66.804192 72.996475 79.189072 85.433861 91.832855 98.394547 105.351974 111.415863 129.096497 111.415855 105.351974 98.394554 91.832863 85.433861 79.189072 72.996483 66.804199 60.509575 54.026176 47.214619 39.911552 31.866385 22.731064 12.165143 3.189547 0.463191 0.050836 0.005183 
0.000092 0.001038 0.011486 0.112920 0.924608 5.298808 15.421923 25.195166 33.714035 41.305660 48.255005 54.771595 60.995113 67.045197 72.996475 78.930901 84.888924 90.960739 97.159882 102.942268 116.251350 102.942268 97.159882 90.960739 84.888931 78.930908 72.996483 67.045204 60.995117 54.771599 48.255005 41.305660 33.714039 25.195166 15.421923 5.298808 0.924608 0.112920 0.011493 0.001123 
0.000017 0.000197 0.002245 0.023256 0.211039 1.547481 7.406451 17.654863 26.850338 34.893974 42.115227 48.761162 55.014400 60.995113 66.804199 72.494087 78.148262 83.780121 89.479393 94.920021 105.062378 94.920021 89.479393 83.780121 78.148262 72.494087 66.804199 60.995117 55.014400 48.761162 42.115227 34.893974 26.850338 17.654863 7.406451 1.547482 0.211039 0.023256 0.002247 0.000213 
0.000003 0.000033 0.000386 0.004152 0.040207 0.336917 2.219723 9.093984 19.038965 27.791628 35.466824 42.381245 48.761162 54.771591 60.509571 66.058243 71.467773 76.802521 82.047104 87.232430 94.940338 87.232430 82.047104 76.802521 71.467773 66.058243 60.509575 54.771599 48.761162 42.381248 35.466827 27.791632 19.038967 9.093984 2.219723 0.336917 0.040207 0.004152 0.000386 0.000036 
0.000000 0.000005 0.000059 0.000655 0.006628 0.060018 0.465594 2.785126 10.148198 19.705183 28.096300 35.466824 42.115223 48.255005 54.026176 59.503429 64.770737 69.851494 74.794617 79.620384 85.577637 79.620384 74.794617 69.851494 64.770737 59.503429 54.026176 48.255005 42.115227 35.466827 28.096300 19.705185 10.148198 2.785126 0.465594 0.060018 0.006628 0.000655 0.000059 0.000005 
0.000000 0.000001 0.000008 0.000093 0.000968 0.009206 0.078011 0.562773 3.106066 10.503120 19.705183 27.791630 34.893974 41.305664 47.214619 52.723194 57.913116 62.846413 67.506165 72.011642 76.606911 72.011650 67.506165 62.846413 57.913109 52.723194 47.214619 41.305660 34.893974 27.791632 19.705185 10.503122 3.106066 0.562773 0.078011 0.009206 0.000968 0.000093 0.000008 0.000001 
0.000000 0.000000 0.000001 0.000012 0.000127 0.001251 0.011187 0.088807 0.599013 3.106066 10.148198 19.038969 26.850338 33.714039 39.911552 45.555073 50.771957 55.605721 60.086159 64.184692 67.833069 64.184692 60.086163 55.605721 50.771957 45.555069 39.911552 33.714039 26.850338 19.038967 10.148198 3.106066 0.599013 0.088807 0.011187 0.001251 0.000127 0.000012 0.000001 0.000000 
0.000000 0.000000 0.000000 0.000001 0.000015 0.000153 0.001421 0.011933 0.088807 0.562773 2.785126 9.093984 17.654863 25.195166 31.866385 37.807621 43.145527 47.989094 52.315010 56.061947 58.954170 56.061951 52.315010 47.989090 43.145519 37.807617 31.866385 25.195166 17.654863 9.093984 2.785126 0.562773 0.088807 0.011933 0.001421 0.000153 0.000015 0.000001 0.000000 0.000000 
0.000000 0.000000 0.000000 0.000000 0.000002 0.000017 0.000163 0.001421 0.011187 0.078011 0.465594 2.219723 7.406451 15.421923 22.731064 29.187130 34.793335 39.746830 44.029144 47.389355 49.771458 47.389355 44.029144 39.746830 34.793331 29.187130 22.731064 15.421923 7.406451 2.219723 0.465594 0.078011 0.011187 0.001421 0.000163 0.000017 0.000002 0.000000 0.000000 0.000000 
0.000000 0.000000 0.000000 0.000000 0.000000 0.000002 0.000017 0.000153 0.001251 0.009206 0.060018 0.336917 1.547481 5.298808 12.165143 19.311499 25.335129 30.599998 34.888618 37.997269 39.915257 37.997269 34.888618 30.599998 25.335129 19.311499 12.165143 5.298808 1.547482 0.336917 0.060018 0.009206 0.001251 0.000153 0.000017 0.000002 0.000000 0.000000 0.000000 0.000000 
0.000000 0.000000 0.000000 0.000000 0.000000 0.000000 0.000002 0.000015 0.000127 0.000968 0.006628 0.040207 0.211039 0.924608 3.189547 8.034945 14.419981 20.092016 24.506935 27.479797 29.094137 27.479797 24.506935 20.092016 14.419981 8.034945 3.189547 0.924608 0.211039 0.040207 0.006628 0.000968 0.000127 0.000015 0.000002 0.000000 0.000000 0.000000 0.000000 0.000000 
0.000000 0.000000 0.000000 0.000000 0.000000 0.000000 0.000000 0.000001 0.000012 0.000093 0.000655 0.004152 0.023256 0.112920 0.463191 1.549521 4.051906 8.051931 12.398026 15.681459 16.866835 15.681459 12.398026 8.051931 4.051906 1.549521 0.463191 0.112920 0.023256 0.004152 0.000655 0.000093 0.000012 0.000001 0.000000 0.000000 0.000000 0.000000 0.000000 0.000000 
0.000000 0.000000 0.000000 0.000000 0.000000 0.000000 0.000000 0.000000 0.000001 0.000008 0.000059 0.000386 0.002247 0.011493 0.050836 0.190356 0.588455 1.461615 2.849553 4.302503 4.975784 4.302502 2.849553 1.461615 0.588455 0.190356 0.050836 0.011493 0.002247 0.000386 0.000059 0.000008 0.000001 0.000000 0.000000 0.000000 0.000000 0.000000 0.000000 0.000000 
0.000000 0.000000 0.000000 0.000000 0.000000 0.000000 0.000000 0.000000 0.000000 0.000001 0.000005 0.000036 0.000213 0.001123 0.005183 0.020512 0.068164 0.185420 0.400572 0.661985 0.796298 0.661985 0.400572 0.185420 0.068164 0.020512 0.005183 0.001123 0.000213 0.000036 0.000005 0.000001 0.000000 0.000000 0.000000 0.000000 0.000000 0.000000 0.000000 0.000000 
