0.000000 0.000000 0.000000 0.000000 0.000003 0.000029 0.000222 0.001579 0.010250 0.059939 0.310066 1.381232 5.107870 14.969825 32.849106 54.368355 75.516922 95.618088 115.728546 123.461876 274.166260 123.461899 115.728554 95.618111 75.516937 54.368362 32.849113 14.969830 5.107870 1.381232 0.310066 0.059939 0.010250 0.001579 0.000222 0.000029 0.000003 0.000000 0.000000 0.000000 
0.000000 0.000000 0.000000 0.000004 0.000032 0.000264 0.001984 0.013630 0.084202 0.456336 2.076412 7.302151 17.799990 30.302322 44.040001 61.060989 79.593857 98.321762 117.643631 125.321198 274.430695 125.321213 117.643646 98.321762 79.593872 61.061008 44.040016 30.302334 17.799990 7.302151 2.076412 0.456336 0.084202 0.013630 0.001984 0.000264 0.000032 0.000004 0.000000 0.000000 
0.000000 0.000000 0.000004 0.000036 0.000308 0.002449 0.017803 0.116182 0.660265 3.077269 10.446796 22.778025 34.505917 45.063301 55.937485 69.386215 85.220131 102.281784 120.592712 128.225418 274.869812 128.225433 120.592728 102.281799 85.220139 69.386238 55.937496 45.063309 34.505913 22.778025 10.446796 3.077269 0.660265 0.116182 0.017803 0.002449 0.000308 0.000036 0.000004 0.000000 
0.000000 0.000004 0.000036 0.000324 0.002721 0.020883 0.143684 0.854803 4.071191 13.325199 26.635328 38.401062 48.771088 58.022766 67.224289 78.206070 91.688812 107.075584 124.264473 131.895416 275.450439 131.895416 124.264473 107.075600 91.688820 78.206085 67.224297 58.022766 48.771088 38.401062 26.635328 13.325199 4.071191 0.854803 0.143684 0.020883 0.002721 0.000324 0.000036 0.000004 
0.000003 0.000032 0.000308 0.002721 0.022019 0.159649 0.995331 4.864406 15.532509 29.324928 41.310883 51.768784 61.102852 69.571991 77.825836 87.191010 98.769470 112.561760 128.600662 136.256653 276.165710 136.256668 128.600677 112.561768 98.769485 87.191025 77.825851 69.571991 61.102852 51.768784 41.310883 29.324932 15.532509 4.864406 0.995331 0.159649 0.022019 0.002721 0.000308 0.000035 
0.000029 0.000264 0.002449 0.020883 0.159649 1.046630 5.302617 16.890999 31.028912 43.285950 53.930660 63.443466 72.108070 80.118385 87.859718 96.234619 106.366165 118.734261 133.599396 141.326248 277.022705 141.326263 133.599396 118.734261 106.366165 96.234627 87.859734 80.118393 72.108070 63.443466 53.930660 43.285950 31.028912 16.890999 5.302617 1.046630 0.159649 0.020883 0.002451 0.000290 
0.000222 0.001984 0.017803 0.143684 0.995331 5.302617 17.346779 31.859001 44.423607 55.327705 65.055489 73.947472 82.202148 89.965057 97.473145 105.309273 114.442177 125.609413 139.367249 147.182297 278.045776 147.182297 139.367249 125.609413 114.442184 105.309296 97.473152 89.965057 82.202148 73.947472 65.055489 55.327705 44.423607 31.859001 17.346779 5.302617 0.995331 0.143686 0.017823 0.002185 
0.001579 0.013630 0.116182 0.854803 4.864406 16.890999 31.859001 44.794910 56.010529 66.004730 75.135239 83.640015 91.670593 99.341187 106.807678 114.438065 122.974869 133.241943 145.989136 153.948288 279.272217 153.948303 145.989136 133.241974 122.974876 114.438080 106.807693 99.341187 91.670593 83.640015 75.135231 66.004730 56.010517 44.794910 31.859001 16.890999 4.864407 0.854815 0.116321 0.015056 
0.010250 0.084202 0.660265 4.071191 15.532509 31.028912 44.423607 56.010517 66.317993 75.721725 84.480667 92.773529 100.724075 108.429222 116.001801 123.671577 131.976898 141.665436 153.629227 161.774658 280.765259 161.774689 153.629242 141.665466 131.976898 123.671577 116.001801 108.429222 100.724060 92.773514 84.480659 75.721725 66.317993 56.010529 44.423615 31.028917 15.532526 4.071299 0.661209 0.093436 
0.059939 0.456336 3.077269 13.325199 29.324928 43.285950 55.327713 66.004730 75.721725 84.757812 93.313492 101.533600 109.523254 117.377594 125.180893 133.092773 141.473068 150.955048 162.404633 170.855835 282.617310 170.855850 162.404648 150.955048 141.473068 133.092773 125.180901 117.377594 109.523247 101.533600 93.313492 84.757812 75.721725 66.004730 55.327713 43.285992 29.325138 13.326231 3.083686 0.510414 
0.310066 2.076412 10.446796 26.635328 41.310883 53.930660 65.055489 75.135231 84.480667 93.313507 101.798225 110.062111 118.203949 126.314880 134.474564 142.797882 151.541916 161.164795 172.509796 181.402710 284.978760 181.402740 172.509811 161.164795 151.541916 142.797882 134.474579 126.314880 118.203934 110.062103 101.798225 93.313507 84.480728 75.135452 65.055885 53.931755 41.314037 26.646307 10.496225 2.367061 
1.381232 7.302151 22.778025 38.401062 51.768784 63.443466 73.947472 83.640015 92.773529 101.533600 110.062111 118.479149 126.882401 135.362946 144.004486 152.916000 162.270706 172.425186 184.093552 193.675827 288.087646 193.675827 184.093567 172.425201 162.270691 152.915985 144.004486 135.362946 126.882423 118.479172 110.062569 101.534485 92.775154 83.643326 73.953354 63.459312 51.810898 38.518417 23.150276 8.802591 
5.107870 17.799990 34.505917 48.771088 61.102852 72.108070 82.202148 91.670593 100.724075 109.523254 118.203949 126.882401 135.659698 144.632095 153.904510 163.578949 173.822479 184.863373 197.405182 207.944901 292.331543 207.944916 197.405197 184.863388 173.822510 163.578995 153.904633 144.632477 135.660553 126.884064 118.208237 109.531357 100.739922 91.707138 82.283813 72.292503 61.517769 49.723625 36.802532 23.990862 
14.969825 30.302322 45.063301 58.022766 69.571991 80.118385 89.965057 99.341187 108.429222 117.377594 126.314880 135.362946 144.632095 154.242355 164.307602 174.969452 186.364136 198.707825 212.633804 224.492157 298.331573 224.492157 212.633820 198.707901 186.364319 174.969894 164.308777 154.245071 144.639374 135.378464 126.350006 117.453156 108.585938 99.659500 90.591805 81.328804 71.858971 62.273209 52.923424 45.127331 
32.849106 44.040001 55.937485 67.224289 77.825836 87.859718 97.473145 106.807678 116.001801 125.180893 134.474564 144.004486 153.904510 164.307617 175.375931 187.250305 200.137909 214.148178 230.051849 243.563492 306.791168 243.563568 230.052063 214.148895 200.139816 187.255051 175.387085 164.332672 153.957825 144.114014 134.693344 125.598404 116.768433 108.167068 99.797806 91.700516 83.966988 76.758339 70.401505 65.733490 
54.368355 61.060997 69.386230 78.206070 87.191010 96.234619 105.309273 114.438065 123.671577 133.092758 142.797882 152.915985 163.578949 174.969452 187.250305 200.650757 215.343964 231.446167 249.685150 264.988159 317.613098 264.988708 249.686661 231.450836 215.355865 200.678345 187.311493 175.095154 163.823669 153.368103 143.600525 134.454605 125.883865 117.886658 110.474319 103.682755 97.558594 92.189270 87.758415 84.755371 
75.516922 79.593857 85.220131 91.688812 98.769470 106.366165 114.442177 122.974869 131.976898 141.473068 151.541916 162.270706 173.822479 186.364136 200.137909 215.343964 232.218536 250.646973 271.120636 287.813019 328.017883 287.815063 271.127136 250.667236 232.268784 215.456055 200.364853 186.791016 174.577225 163.530365 153.545639 144.513275 136.385284 129.105286 122.643600 116.959518 112.040054 107.890045 104.611252 102.497971 
95.618088 98.321762 102.281784 107.075584 112.561760 118.734261 125.609413 133.241943 141.665436 150.955048 161.164795 172.425186 184.863373 198.707825 214.148178 231.446167 250.647003 271.194092 292.765259 308.771362 334.761139 308.776611 292.784119 271.255432 250.799026 231.768890 214.756927 199.759171 186.553955 174.980011 164.825867 155.961517 148.223373 141.513824 135.707199 130.730377 126.507111 123.030289 120.348572 118.683800 
115.728546 117.643631 120.592712 124.264473 128.600662 133.599396 139.367249 145.989120 153.629227 162.404633 172.509796 184.093536 197.405167 212.633774 230.051849 249.685150 271.120636 292.765259 312.470154 325.025818 337.992004 325.034271 312.511475 292.921906 271.538513 250.566742 231.627213 215.134293 201.053513 189.078842 178.983398 170.452927 163.282471 157.222458 152.131592 147.839539 144.282104 141.394379 139.229279 137.911026 
123.461876 125.321198 128.225418 131.895416 136.256653 141.326233 147.182281 153.948288 161.774658 170.855835 181.402710 193.675812 207.944901 224.492157 243.563477 264.988159 287.813019 308.771362 325.025818 333.367798 339.328979 333.376984 325.078735 308.974884 288.264984 265.680481 244.516510 225.910934 210.149246 196.936234 185.930527 176.750046 169.090286 162.673172 157.306427 152.815704 149.112762 146.131775 143.914764 142.578827 
274.166290 274.430756 274.869812 275.450439 276.165710 277.022705 278.045807 279.272247 280.765320 282.617340 284.978760 288.087708 292.331604 298.331604 306.791168 317.613098 328.017883 334.761139 337.992004 339.328979 340.192169 339.335999 338.092834 335.671021 332.427460 329.343658 327.007172 325.348419 324.148376 323.253418 322.566772 322.026947 321.595032 321.243530 320.955444 320.717743 320.523560 320.368774 320.254517 320.186981 
123.461906 125.321228 128.225433 131.895416 136.256668 141.326248 147.182297 153.948303 161.774673 170.855850 181.402740 193.675827 207.944916 224.492157 243.563583 264.988739 287.815063 308.776611 325.034302 333.376984 339.335999 333.386139 325.086853 308.979767 288.267090 265.681000 244.516602 225.910950 210.149246 196.936234 185.930527 176.750031 169.090286 162.673172 157.306427 152.815704 149.112762 146.131775 143.914764 142.578827 
115.728561 117.643661 120.592735 124.264481 128.600677 133.599396 139.367249 145.989136 153.629242 162.404648 172.509796 184.093552 197.405182 212.633820 230.052063 249.686661 271.127136 292.784119 312.511475 325.078735 338.092834 325.086853 312.552216 292.940979 271.545013 250.568268 231.627426 215.134293 201.053467 189.078842 178.983368 170.452911 163.282471 157.222458 152.131592 147.839539 144.282104 141.394379 139.229279 137.911026 
95.618118 98.321793 102.281807 107.075607 112.561775 118.734261 125.609413 133.241959 141.665451 150.955032 161.164764 172.425186 184.863373 198.707855 214.148895 231.450851 250.667236 271.255432 292.921906 308.974915 335.671021 308.979767 292.940979 271.316681 250.819321 231.773453 214.757614 199.759232 186.553955 174.980011 164.825867 155.961502 148.223373 141.513824 135.707184 130.730362 126.507103 123.030289 120.348587 118.683800 
75.516953 79.593887 85.220146 91.688820 98.769493 106.366165 114.442184 122.974869 131.976883 141.473038 151.541885 162.270676 173.822479 186.364304 200.139816 215.355881 232.268784 250.799026 271.538513 288.264984 332.427460 288.267090 271.545013 250.819321 232.319016 215.467743 200.366745 186.791199 174.577240 163.530365 153.545639 144.513275 136.385284 129.105270 122.643585 116.959503 112.040054 107.890045 104.611252 102.497971 
54.368370 61.061012 69.386238 78.206085 87.191025 96.234627 105.309280 114.438080 123.671570 133.092758 142.797882 152.915985 163.578995 174.969879 187.255051 200.678345 215.456055 231.768890 250.566742 265.680481 329.343658 265.681000 250.568253 231.773468 215.467743 200.706589 187.316345 175.095581 163.823715 153.368103 143.600525 134.454605 125.883865 117.886658 110.474319 103.682755 97.558594 92.189270 87.758423 84.755379 
32.849113 44.040016 55.937496 67.224297 77.825851 87.859726 97.473145 106.807678 116.001801 125.180893 134.474564 144.004486 153.904617 164.308777 175.387085 187.311493 200.364838 214.756927 231.627213 244.516541 327.007172 244.516602 231.627426 214.757614 200.366745 187.316345 175.398193 164.333801 153.957962 144.114014 134.693344 125.598404 116.768433 108.167068 99.797798 91.700500 83.966988 76.758339 70.401505 65.733498 
14.969833 30.302336 45.063313 58.022766 69.571991 80.118393 89.965057 99.341187 108.429222 117.377594 126.314880 135.362961 144.632477 154.245071 164.332672 175.095154 186.791016 199.759171 215.134293 225.910950 325.348450 225.910934 215.134277 199.759232 186.791199 175.095581 164.333801 154.247772 144.639801 135.378479 126.350006 117.453156 108.585938 99.659500 90.591805 81.328804 71.858963 62.273201 52.923420 45.127331 
5.107870 17.799990 34.505913 48.771088 61.102852 72.108070 82.202148 91.670593 100.724060 109.523254 118.203949 126.882423 135.660568 144.639374 153.957825 163.823669 174.577225 186.553955 201.053513 210.149261 324.148438 210.149246 201.053497 186.553970 174.577240 163.823700 153.957962 144.639801 135.661469 126.884094 118.208237 109.531357 100.739922 91.707146 82.283813 72.292503 61.517769 49.723621 36.802532 23.990862 
1.381232 7.302151 22.778025 38.401062 51.768784 63.443466 73.947472 83.640015 92.773514 101.533600 110.062103 118.479187 126.884079 135.378464 144.114014 153.368118 163.530365 174.980011 189.078842 196.936234 323.253418 196.936249 189.078857 174.980026 163.530365 153.368103 144.114014 135.378479 126.884094 118.479218 110.062576 101.534485 92.775154 83.643326 73.953354 63.459312 51.810905 38.518417 23.150276 8.802591 
0.310066 2.076412 10.446796 26.635328 41.310883 53.930664 65.055489 75.135239 84.480659 93.313492 101.798225 110.062576 118.208237 126.350006 134.693359 143.600540 153.545639 164.825867 178.983398 185.930527 322.566772 185.930527 178.983398 164.825867 153.545654 143.600525 134.693344 126.350006 118.208237 110.062576 101.798233 93.313507 84.480728 75.135452 65.055878 53.931747 41.314034 26.646303 10.496225 2.367061 
0.059939 0.456336 3.077269 13.325199 29.324928 43.285954 55.327705 66.004730 75.721725 84.757812 93.313507 101.534485 109.531357 117.453156 125.598404 134.454605 144.513275 155.961517 170.452927 176.750061 322.026978 176.750061 170.452927 155.961517 144.513275 134.454605 125.598404 117.453156 109.531357 101.534485 93.313507 84.757812 75.721725 66.004730 55.327705 43.285980 29.325130 13.326231 3.083686 0.510414 
0.010250 0.084202 0.660265 4.071191 15.532509 31.028915 44.423615 56.010529 66.317993 75.721725 84.480728 92.775154 100.739922 108.585938 116.768433 125.883865 136.385284 148.223373 163.282471 169.090286 321.595032 169.090286 163.282471 148.223373 136.385284 125.883881 116.768433 108.585938 100.739922 92.775154 84.480728 75.721725 66.317986 56.010517 44.423607 31.028912 15.532528 4.071299 0.661209 0.093436 
0.001579 0.013630 0.116182 0.854803 4.864406 16.891001 31.859003 44.794910 56.010529 66.004730 75.135452 83.643326 91.707138 99.659500 108.167068 117.886658 129.105255 141.513824 157.222458 162.673172 321.243469 162.673172 157.222458 141.513824 129.105286 117.886658 108.167068 99.659500 91.707146 83.643326 75.135452 66.004730 56.010517 44.794899 31.858994 16.890999 4.864407 0.854815 0.116322 0.015056 
0.000222 0.001984 0.017803 0.143684 0.995331 5.302617 17.346779 31.859001 44.423615 55.327713 65.055878 73.953354 82.283813 90.591797 99.797798 110.474319 122.643585 135.707184 152.131592 157.306427 320.955444 157.306427 152.131592 135.707184 122.643585 110.474319 99.797798 90.591805 82.283813 73.953354 65.055878 55.327705 44.423607 31.858994 17.346775 5.302617 0.995331 0.143686 0.017823 0.002185 
0.000029 0.000264 0.002449 0.020883 0.159649 1.046630 5.302617 16.890999 31.028917 43.285992 53.931755 63.459312 72.292503 81.328796 91.700500 103.682755 116.959503 130.730377 147.839539 152.815704 320.717743 152.815704 147.839539 130.730362 116.959503 103.682755 91.700500 81.328804 72.292503 63.459312 53.931747 43.285980 31.028912 16.890999 5.302617 1.046631 0.159649 0.020883 0.002451 0.000290 
0.000003 0.000032 0.000308 0.002721 0.022019 0.159649 0.995331 4.864407 15.532526 29.325138 41.314037 51.810898 61.517769 71.858963 83.966988 97.558594 112.040047 126.507111 144.282104 149.112762 320.523560 149.112747 144.282089 126.507103 112.040047 97.558594 83.966988 71.858963 61.517769 51.810905 41.314034 29.325130 15.532528 4.864407 0.995331 0.159649 0.022019 0.002721 0.000308 0.000035 
0.000000 0.000004 0.000036 0.000324 0.002721 0.020883 0.143686 0.854815 4.071299 13.326231 26.646307 38.518417 49.723625 62.273209 76.758339 92.189270 107.890045 123.030289 141.394379 146.131775 320.368774 146.131760 141.394363 123.030273 107.890030 92.189255 76.758339 62.273209 49.723625 38.518417 26.646303 13.326231 4.071299 0.854815 0.143686 0.020883 0.002721 0.000324 0.000036 0.000004 
0.000000 0.000000 0.000004 0.000036 0.000308 0.002451 0.017823 0.116321 0.661209 3.083686 10.496225 23.150276 36.802532 52.923420 70.401505 87.758423 104.611252 120.348572 139.229279 143.914764 320.254517 143.914764 139.229248 120.348557 104.611221 87.758408 70.401497 52.923424 36.802532 23.150276 10.496225 3.083686 0.661209 0.116322 0.017823 0.002451 0.000308 0.000036 0.000004 0.000000 
0.000000 0.000000 0.000000 0.000004 0.000035 0.000290 0.002185 0.015056 0.093436 0.510414 2.367061 8.802591 23.990862 45.127331 65.733498 84.755379 102.497971 118.683800 137.911026 142.578827 320.186981 142.578796 137.911011 118.683792 102.497963 84.755371 65.733490 45.127335 23.990862 8.802591 2.367061 0.510414 0.093436 0.015056 0.002185 0.000290 0.000035 0.000004 0.000000 0.000000 
