0.000000 0.000000 0.000000 0.000000 0.000000 0.000000 0.000000 0.000000 0.000000 0.000000 0.000000 0.000000 0.000000 0.000000 0.000000 0.000000 0.000000 0.000000 0.000000 0.000000 0.000000 0.000000 0.000000 0.000000 0.000000 0.000000 0.000000 0.000000 0.000000 0.000000 0.000000 0.000000 0.000000 0.000000 0.000000 0.000000 0.000000 0.000000 0.000000 0.000000 
0.000000 0.000000 0.000000 0.000000 0.000000 0.000000 0.000000 0.000000 0.000000 0.000000 0.000000 0.000000 0.000000 0.000000 0.000000 0.000000 0.000000 0.000000 0.000000 0.000000 0.000000 0.000000 0.000000 0.000000 0.000000 0.000000 0.000000 0.000000 0.000000 0.000000 0.000000 0.000000 0.000000 0.000000 0.000000 0.000000 0.000000 0.000000 0.000000 0.000000 
0.000000 0.000000 0.000000 0.000000 0.000000 0.000000 0.000000 0.000000 0.000000 0.000000 0.000000 0.000000 0.000000 0.000000 0.000000 0.000000 0.000000 0.000001 0.000003 0.000006 0.000008 0.000006 0.000003 0.000001 0.000000 0.000000 0.000000 0.000000 0.000000 0.000000 0.000000 0.000000 0.000000 0.000000 0.000000 0.000000 0.000000 0.000000 0.000000 0.000000 
0.000000 0.000000 0.000000 0.000000 0.000000 0.000000 0.000000 0.000000 0.000000 0.000000 0.000000 0.000000 0.000000 0.000000 0.000000 0.000001 0.000003 0.000013 0.000041 0.000092 0.000130 0.000092 0.000041 0.000013 0.000003 0.000001 0.000000 0.000000 0.000000 0.000000 0.000000 0.000000 0.000000 0.000000 0.000000 0.000000 0.000000 0.000000 0.000000 0.000000 
0.000000 0.000000 0.000000 0.000000 0.000000 0.000000 0.000000 0.000000 0.000000 0.000000 0.000000 0.000000 0.000000 0.000000 0.000002 0.000010 0.000049 0.000195 0.000600 0.001323 0.001848 0.001323 0.000600 0.000195 0.000049 0.000010 0.000002 0.000000 0.000000 0.000000 0.000000 0.000000 0.000000 0.000000 0.000000 0.000000 0.000000 0.000000 0.000000 0.000000 
0.000000 0.000000 0.000000 0.000000 0.000000 0.000000 0.000000 0.000000 0.000000 0.000000 0.000000 0.000000 0.000000 0.000004 0.000024 0.000140 0.000675 0.002628 0.007905 0.017103 0.023624 0.017103 0.007905 0.002628 0.000675 0.000140 0.000024 0.000004 0.000000 0.000000 0.000000 0.000000 0.000000 0.000000 0.000000 0.000000 0.000000 0.000000 0.000000 0.000000 
0.000000 0.000000 0.000000 0.000000 0.000000 0.000000 0.000000 0.000000 0.000000 0.000000 0.000000 0.000001 0.000006 0.000049 0.000319 0.001793 0.008386 0.031594 0.091621 0.191565 0.259813 0.191565 0.091621 0.031594 0.008386 0.001793 0.000319 0.000049 0.000006 0.000001 0.000000 0.000000 0.000000 0.000000 0.000000 0.000000 0.000000 0.000000 0.000000 0.000000 
0.000000 0.000000 0.000000 0.000000 0.000000 0.000000 0.000000 0.000000 0.000000 0.000000 0.000001 0.000010 0.000081 0.000593 0.003786 0.020496 0.091450 0.324263 0.873751 1.697458 2.213504 1.697458 0.873751 0.324263 0.091450 0.020496 0.003786 0.000593 0.000081 0.000010 0.000001 0.000000 0.000000 0.000000 0.000000 0.000000 0.000000 0.000000 0.000000 0.000000 
0.000000 0.000000 0.000000 0.000000 0.000000 0.000000 0.000000 0.000000 0.000000 0.000001 0.000012 0.000112 0.000912 0.006504 0.039727 0.201971 0.821192 2.536376 5.679465 9.169387 10.981556 9.169390 5.679465 2.536376 0.821192 0.201971 0.039727 0.006504 0.000912 0.000112 0.000012 0.000001 0.000000 0.000000 0.000000 0.000000 0.000000 0.000000 0.000000 0.000000 
0.000000 0.000000 0.000000 0.000000 0.000000 0.000000 0.000000 0.000000 0.000001 0.000013 0.000132 0.001176 0.009245 0.062618 0.353500 1.575652 5.099375 11.158238 17.219929 22.106304 22.451988 22.106310 17.219929 11.158238 5.099374 1.575652 0.353500 0.062618 0.009245 0.001176 0.000132 0.000013 0.000001 0.000000 0.000000 0.000000 0.000000 0.000000 0.000000 0.000000 
0.000000 0.000000 0.000000 0.000000 0.000000 0.000000 0.000000 0.000001 0.000012 0.000132 0.001279 0.010992 0.081688 0.504613 2.403594 7.745575 15.518450 22.144882 28.168972 32.314724 33.831615 32.314728 28.168972 22.144882 15.518450 7.745574 2.403593 0.504613 0.081688 0.010992 0.001279 0.000132 0.000012 0.000001 0.000000 0.000000 0.000000 0.000000 0.000000 0.000000 
0.000000 0.000000 0.000000 0.000000 0.000000 0.000000 0.000001 0.000010 0.000112 0.001176 0.010992 0.089149 0.599619 3.037692 9.709174 18.198580 25.309025 31.709757 37.248798 41.475723 44.313797 41.475723 37.248798 31.709757 25.309025 18.198580 9.709174 3.037692 0.599619 0.089149 0.010992 0.001176 0.000112 0.000010 0.000001 0.000000 0.000000 0.000000 0.000000 0.000000 
0.000000 0.000000 0.000000 0.000000 0.000000 0.000000 0.000006 0.000081 0.000912 0.009245 0.081688 0.599619 3.273061 10.707185 19.640415 27.230724 33.885956 39.870415 45.377132 49.574062 54.582417 49.574062 45.377132 39.870415 33.885956 27.230726 19.640415 10.707185 3.273061 0.599619 0.081688 0.009245 0.000912 0.000081 0.000006 0.000000 0.000000 0.000000 0.000000 0.000000 
0.000000 0.000000 0.000000 0.000000 0.000000 0.000004 0.000049 0.000593 0.006504 0.062618 0.504613 3.037692 10.707185 20.099829 28.120619 35.141468 41.390949 47.288036 52.602264 57.224693 64.368240 57.224693 52.602264 47.288036 41.390953 35.141472 28.120615 20.099827 10.707184 3.037692 0.504613 0.062618 0.006504 0.000593 0.000049 0.000004 0.000000 0.000000 0.000000 0.000000 
0.000000 0.000000 0.000000 0.000000 0.000002 0.000024 0.000319 0.003786 0.039727 0.353500 2.403594 9.709174 19.640413 28.120615 35.549187 42.141735 48.291271 54.018509 59.523575 64.183464 74.272751 64.183472 59.523575 54.018509 48.291275 42.141735 35.549187 28.120615 19.640415 9.709174 2.403593 0.353500 0.039727 0.003786 0.000319 0.000024 0.000002 0.000000 0.000000 0.000000 
0.000000 0.000000 0.000000 0.000001 0.000010 0.000140 0.001793 0.020496 0.201971 1.575652 7.745575 18.198582 27.230722 35.141468 42.141735 48.624500 54.634403 60.513302 65.979790 70.984573 83.992813 70.984573 65.979790 60.513302 54.634403 48.624500 42.141735 35.141472 27.230726 18.198580 7.745574 1.575652 0.201971 0.020496 0.001793 0.000140 0.000010 0.000001 0.000000 0.000000 
0.000000 0.000000 0.000000 0.000003 0.000049 0.000675 0.008386 0.091450 0.821192 5.099375 15.518450 25.309025 33.885952 41.390949 48.291271 54.634403 60.790836 66.630745 72.533546 77.368469 94.038010 77.368469 72.533546 66.630745 60.790836 54.634403 48.291275 41.390953 33.885956 25.309025 15.518450 5.099374 0.821192 0.091450 0.008386 0.000675 0.000049 0.000003 0.000000 0.000000 
0.000000 0.000000 0.000001 0.000013 0.000195 0.002628 0.031594 0.324263 2.536376 11.158238 22.144882 31.709753 39.870411 47.288033 54.018509 60.513302 66.630745 72.822159 78.866829 83.772438 104.253922 83.772430 78.866821 72.822144 66.630745 60.513302 54.018509 47.288036 39.870415 31.709757 22.144882 11.158238 2.536376 0.324263 0.031594 0.002628 0.000195 0.000013 0.000001 0.000000 
0.000000 0.000000 0.000003 0.000041 0.000600 0.007905 0.091621 0.873751 5.679465 17.219929 28.168970 37.248795 45.377129 52.602268 59.523575 65.979790 72.533546 78.866829 85.605232 90.650101 116.662239 90.650093 85.605225 78.866821 72.533546 65.979790 59.523571 52.602264 45.377132 37.248798 28.168970 17.219927 5.679465 0.873751 0.091621 0.007905 0.000600 0.000041 0.000003 0.000000 
0.000000 0.000000 0.000006 0.000092 0.001323 0.017103 0.191565 1.697458 9.169387 22.106304 32.314724 41.475723 49.574062 57.224693 64.183472 70.984573 77.368469 83.772438 90.650101 95.451706 121.568626 95.451698 90.650093 83.772430 77.368469 70.984573 64.183472 57.224693 49.574066 41.475731 32.314728 22.106308 9.169390 1.697458 0.191565 0.017103 0.001323 0.000092 0.000006 0.000000 
0.000000 0.000000 0.000008 0.000130 0.001848 0.023624 0.259813 2.213504 10.981557 22.451994 33.831623 44.313801 54.582420 64.368240 74.272751 83.992805 94.038002 104.253914 116.662231 121.568626 291.709839 121.568626 116.662224 104.253914 94.038002 83.992805 74.272751 64.368240 54.582420 44.313801 33.831623 22.451996 10.981559 2.213504 0.259813 0.023624 0.001848 0.000130 0.000008 0.000001 
0.000000 0.000000 0.000006 0.000092 0.001323 0.017103 0.191565 1.697458 9.169390 22.106308 32.314728 41.475723 49.574062 57.224693 64.183472 70.984573 77.368469 83.772430 90.650093 95.451698 121.568626 95.451698 90.650093 83.772430 77.368469 70.984573 64.183472 57.224693 49.574066 41.475731 32.314728 22.106308 9.169390 1.697458 0.191565 0.017103 0.001323 0.000092 0.000006 0.000000 
0.000000 0.000000 0.000003 0.000041 0.000600 0.007905 0.091621 0.873751 5.679465 17.219929 28.168970 37.248798 45.377132 52.602264 59.523575 65.979790 72.533546 78.866821 85.605225 90.650093 116.662224 90.650093 85.605225 78.866821 72.533546 65.979790 59.523575 52.602264 45.377132 37.248798 28.168970 17.219929 5.679465 0.873751 0.091621 0.007905 0.000600 0.000041 0.000003 0.000000 
0.000000 0.000000 0.000001 0.000013 0.000195 0.002628 0.031594 0.324263 2.536376 11.158238 22.144882 31.709757 39.870415 47.288036 54.018509 60.513302 66.630745 72.822144 78.866821 83.772430 104.253914 83.772430 78.866821 72.822144 66.630745 60.513302 54.018513 47.288036 39.870415 31.709757 22.144882 11.158238 2.536376 0.324263 0.031594 0.002628 0.000195 0.000013 0.000001 0.000000 
0.000000 0.000000 0.000000 0.000003 0.000049 0.000675 0.008386 0.091450 0.821192 5.099374 15.518450 25.309025 33.885956 41.390953 48.291275 54.634403 60.790836 66.630745 72.533546 77.368469 94.038002 77.368469 72.533546 66.630745 60.790836 54.634403 48.291279 41.390953 33.885956 25.309025 15.518450 5.099374 0.821192 0.091450 0.008386 0.000675 0.000049 0.000003 0.000000 0.000000 
0.000000 0.000000 0.000000 0.000001 0.000010 0.000140 0.001793 0.020496 0.201971 1.575652 7.745574 18.198580 27.230726 35.141472 42.141735 48.624500 54.634403 60.513302 65.979790 70.984573 83.992805 70.984573 65.979790 60.513302 54.634403 48.624504 42.141743 35.141472 27.230726 18.198580 7.745574 1.575652 0.201971 0.020496 0.001793 0.000140 0.000010 0.000001 0.000000 0.000000 
0.000000 0.000000 0.000000 0.000000 0.000002 0.000024 0.000319 0.003786 0.039727 0.353500 2.403593 9.709174 19.640415 28.120615 35.549187 42.141735 48.291275 54.018509 59.523575 64.183464 74.272751 64.183464 59.523575 54.018513 48.291279 42.141743 35.549191 28.120619 19.640415 9.709174 2.403593 0.353500 0.039727 0.003786 0.000319 0.000024 0.000002 0.000000 0.000000 0.000000 
0.000000 0.000000 0.000000 0.000000 0.000000 0.000004 0.000049 0.000593 0.006504 0.062618 0.504613 3.037691 10.707184 20.099827 28.120615 35.141472 41.390953 47.288036 52.602264 57.224693 64.368240 57.224693 52.602264 47.288036 41.390953 35.141472 28.120619 20.099829 10.707185 3.037692 0.504613 0.062618 0.006504 0.000593 0.000049 0.000004 0.000000 0.000000 0.000000 0.000000 
0.000000 0.000000 0.000000 0.000000 0.000000 0.000000 0.000006 0.000081 0.000912 0.009245 0.081688 0.599619 3.273060 10.707184 19.640415 27.230726 33.885956 39.870415 45.377132 49.574062 54.582417 49.574062 45.377132 39.870415 33.885956 27.230726 19.640415 10.707185 3.273061 0.599619 0.081688 0.009245 0.000912 0.000081 0.000006 0.000000 0.000000 0.000000 0.000000 0.000000 
0.000000 0.000000 0.000000 0.000000 0.000000 0.000000 0.000001 0.000010 0.000112 0.001176 0.010992 0.089149 0.599619 3.037691 9.709174 18.198580 25.309025 31.709757 37.248798 41.475727 44.313801 41.475723 37.248798 31.709757 25.309025 18.198580 9.709174 3.037692 0.599619 0.089149 0.010992 0.001176 0.000112 0.000010 0.000001 0.000000 0.000000 0.000000 0.000000 0.000000 
0.000000 0.000000 0.000000 0.000000 0.000000 0.000000 0.000000 0.000001 0.000012 0.000132 0.001279 0.010992 0.081688 0.504613 2.403593 7.745574 15.518450 22.144882 28.168972 32.314732 33.831623 32.314728 28.168970 22.144882 15.518450 7.745574 2.403593 0.504613 0.081688 0.010992 0.001279 0.000132 0.000012 0.000001 0.000000 0.000000 0.000000 0.000000 0.000000 0.000000 
0.000000 0.000000 0.000000 0.000000 0.000000 0.000000 0.000000 0.000000 0.000001 0.000013 0.000132 0.001176 0.009245 0.062618 0.353500 1.575652 5.099374 11.158238 17.219929 22.106310 22.451996 22.106308 17.219929 11.158238 5.099374 1.575652 0.353500 0.062618 0.009245 0.001176 0.000132 0.000013 0.000001 0.000000 0.000000 0.000000 0.000000 0.000000 0.000000 0.000000 
0.000000 0.000000 0.000000 0.000000 0.000000 0.000000 0.000000 0.000000 0.000000 0.000001 0.000012 0.000112 0.000912 0.006504 0.039727 0.201971 0.821192 2.536376 5.679465 9.169390 10.981559 9.169390 5.679465 2.536376 0.821192 0.201971 0.039727 0.006504 0.000912 0.000112 0.000012 0.000001 0.000000 0.000000 0.000000 0.000000 0.000000 0.000000 0.000000 0.000000 
0.000000 0.000000 0.000000 0.000000 0.000000 0.000000 0.000000 0.000000 0.000000 0.000000 0.000001 0.000010 0.000081 0.000593 0.003786 0.020496 0.091450 0.324263 0.873751 1.697458 2.213504 1.697458 0.873751 0.324263 0.091450 0.020496 0.003786 0.000593 0.000081 0.000010 0.000001 0.000000 0.000000 0.000000 0.000000 0.000000 0.000000 0.000000 0.000000 0.000000 
0.000000 0.000000 0.000000 0.000000 0.000000 0.000000 0.000000 0.000000 0.000000 0.000000 0.000000 0.000001 0.000006 0.000049 0.000319 0.001793 0.008386 0.031594 0.091621 0.191565 0.259813 0.191565 0.091621 0.031594 0.008386 0.001793 0.000319 0.000049 0.000006 0.000001 0.000000 0.000000 0.000000 0.000000 0.000000 0.000000 0.000000 0.000000 0.000000 0.000000 
0.000000 0.000000 0.000000 0.000000 0.000000 0.000000 0.000000 0.000000 0.000000 0.000000 0.000000 0.000000 0.000000 0.000004 0.000024 0.000140 0.000675 0.002628 0.007905 0.017103 0.023624 0.017103 0.007905 0.002628 0.000675 0.000140 0.000024 0.000004 0.000000 0.000000 0.000000 0.000000 0.000000 0.000000 0.000000 0.000000 0.000000 0.000000 0.000000 0.000000 
0.000000 0.000000 0.000000 0.000000 0.000000 0.000000 0.000000 0.000000 0.000000 0.000000 0.000000 0.000000 0.000000 0.000000 0.000002 0.000010 0.000049 0.000195 0.000600 0.001323 0.001848 0.001323 0.000600 0.000195 0.000049 0.000010 0.000002 0.000000 0.000000 0.000000 0.000000 0.000000 0.000000 0.000000 0.000000 0.000000 0.000000 0.000000 0.000000 0.000000 
0.000000 0.000000 0.000000 0.000000 0.000000 0.000000 0.000000 0.000000 0.000000 0.000000 0.000000 0.000000 0.000000 0.000000 0.000000 0.000001 0.000003 0.000013 0.000041 0.000092 0.000130 0.000092 0.000041 0.000013 0.000003 0.000001 0.000000 0.000000 0.000000 0.000000 0.000000 0.000000 0.000000 0.000000 0.000000 0.000000 0.000000 0.000000 0.000000 0.000000 
0.000000 0.000000 0.000000 0.000000 0.000000 0.000000 0.000000 0.000000 0.000000 0.000000 0.000000 0.000000 0.000000 0.000000 0.000000 0.000000 0.000000 0.000001 0.000003 0.000006 0.000008 0.000006 0.000003 0.000001 0.000000 0.000000 0.000000 0.000000 0.000000 0.000000 0.000000 0.000000 0.000000 0.000000 0.000000 0.000000 0.000000 0.000000 0.000000 0.000000 
0.000000 0.000000 0.000000 0.000000 0.000000 0.000000 0.000000 0.000000 0.000000 0.000000 0.000000 0.000000 0.000000 0.000000 0.000000 0.000000 0.000000 0.000000 0.000000 0.000000 0.000001 0.000000 0.000000 0.000000 0.000000 0.000000 0.000000 0.000000 0.000000 0.000000 0.000000 0.000000 0.000000 0.000000 0.000000 0.000000 0.000000 0.000000 0.000000 0.000000 
