0.000000 0.000000 0.000000 0.000000 0.000000 0.000000 0.000000 0.000000 0.000000 0.000001 0.000004 0.000028 0.000160 0.000815 0.003637 0.013957 0.045126 0.119955 0.254484 0.415125 0.496262 0.415125 0.254485 0.119955 0.045126 0.013957 0.003637 0.000815 0.000160 0.000028 0.000004 0.000001 0.000000 0.000000 0.000000 0.000000 0.000000 0.000000 0.000000 0.000000 
0.000000 0.000000 0.000000 0.000000 0.000000 0.000000 0.000000 0.000000 0.000001 0.000007 0.000049 0.000305 0.001711 0.008472 0.036382 0.132925 0.403905 0.995724 1.945485 2.956714 3.429919 2.956716 1.945485 0.995724 0.403905 0.132925 0.036382 0.008472 0.001711 0.000305 0.000049 0.000007 0.000001 0.000000 0.000000 0.000000 0.000000 0.000000 0.000000 0.000000 
0.000000 0.000000 0.000000 0.000000 0.000000 0.000000 0.000000 0.000001 0.000011 0.000080 0.000543 0.003325 0.018026 0.085077 0.341685 1.133552 2.998966 6.157005 9.864493 12.818919 14.033302 12.818920 9.864493 6.157005 2.998966 1.133552 0.341685 0.085077 0.018026 0.003325 0.000543 0.000080 0.000011 0.000001 0.000000 0.000000 0.000000 0.000000 0.000000 0.000000 
0.000000 0.000000 0.000000 0.000000 0.000000 0.000000 0.000002 0.000014 0.000115 0.000846 0.005591 0.032828 0.167630 0.721670 2.496053 6.505149 12.337297 17.980848 22.306696 25.308155 26.219547 25.308155 22.306696 17.980846 12.337297 6.505149 2.496053 0.721670 0.167630 0.032828 0.005591 0.000846 0.000115 0.000014 0.000002 0.000000 0.000000 0.000000 0.000000 0.000000 
0.000000 0.000000 0.000000 0.000000 0.000000 0.000002 0.000017 0.000147 0.001155 0.008198 0.051710 0.282409 1.277769 4.426835 10.639132 17.708323 23.688324 28.802868 33.045807 36.086540 37.183952 36.086544 33.045807 28.802868 23.688324 17.708323 10.639132 4.426835 1.277769 0.282409 0.051710 0.008198 0.001155 0.000147 0.000017 0.000002 0.000000 0.000000 0.000000 0.000000 
0.000000 0.000000 0.000000 0.000000 0.000002 0.000018 0.000166 0.001390 0.010546 0.071069 0.412175 1.935437 6.550151 14.216989 21.505070 27.891817 33.452072 38.268692 42.425381 45.657764 47.123070 45.657768 42.425381 38.268692 33.452072 27.891819 21.505070 14.216989 6.550151 1.935437 0.412175 0.071069 0.010546 0.001390 0.000166 0.000018 0.000002 0.000000 0.000000 0.000000 
0.000000 0.000000 0.000000 0.000002 0.000017 0.000166 0.001478 0.011948 0.085781 0.526812 2.557892 8.421198 16.809513 24.266775 30.906330 36.764828 42.036156 46.737415 50.945457 54.402130 56.500744 54.402126 50.945457 46.737415 42.036156 36.764828 30.906330 24.266775 16.809515 8.421198 2.557892 0.526812 0.085781 0.011948 0.001478 0.000166 0.000017 0.000002 0.000000 0.000000 
0.000000 0.000000 0.000001 0.000014 0.000147 0.001390 0.011948 0.091291 0.594332 3.000328 9.753828 18.516195 26.220551 33.019886 39.151165 44.713333 49.833054 54.549553 58.872688 62.671051 65.571930 62.671055 58.872688 54.549553 49.833050 44.713326 39.151161 33.019890 26.220551 18.516195 9.753828 3.000329 0.594332 0.091291 0.011948 0.001390 0.000147 0.000014 0.000001 0.000000 
0.000000 0.000001 0.000011 0.000115 0.001155 0.010546 0.085781 0.594332 3.159884 10.433900 19.489601 27.451902 34.455906 40.788227 46.619740 52.034031 57.127247 61.924091 66.460426 70.606926 74.638718 70.606926 66.460426 61.924088 57.127239 52.034027 46.619740 40.788235 34.455910 27.451902 19.489601 10.433900 3.159884 0.594332 0.085781 0.010546 0.001155 0.000115 0.000011 0.000001 
0.000001 0.000007 0.000080 0.000846 0.008198 0.071069 0.526812 3.000328 10.433900 19.807100 28.043564 35.289989 41.832691 47.885788 53.565369 58.950897 64.100319 69.066170 73.842445 78.412651 83.884155 78.412651 73.842445 69.066162 64.100311 58.950893 53.565369 47.885792 41.832687 35.289989 28.043562 19.807100 10.433900 3.000328 0.526812 0.071069 0.008198 0.000846 0.000080 0.000008 
0.000004 0.000049 0.000543 0.005591 0.051710 0.412175 2.557892 9.753828 19.489601 28.043562 35.562641 42.346558 48.619770 54.529308 60.175236 65.616898 70.919739 76.104439 81.222740 86.161850 93.589836 86.161850 81.222733 76.104439 70.919739 65.616898 60.175236 54.529305 48.619766 42.346558 35.562641 28.043562 19.489601 9.753828 2.557892 0.412175 0.051710 0.005591 0.000544 0.000053 
0.000028 0.000305 0.003325 0.032828 0.282409 1.935437 8.421198 18.516195 27.451902 35.289989 42.346558 48.861347 54.997921 60.877876 66.578796 72.169991 77.691460 83.202301 88.701973 94.056725 103.966560 94.056725 88.701965 83.202301 77.691460 72.169998 66.578796 60.877872 54.997917 48.861347 42.346558 35.289986 27.451900 18.516195 8.421198 1.935437 0.282409 0.032828 0.003327 0.000330 
0.000160 0.001711 0.018026 0.167630 1.277769 6.550151 16.809513 26.220549 34.455906 41.832687 48.619766 54.997917 61.107975 67.045326 72.893768 78.704498 84.551132 90.447731 96.497322 102.196213 115.387199 102.196213 96.497322 90.447723 84.551125 78.704491 72.893768 67.045319 61.107967 54.997913 48.619762 41.832687 34.455906 26.220551 16.809513 6.550151 1.277769 0.167631 0.018038 0.001858 
0.000815 0.008472 0.085077 0.721670 4.426835 14.216989 24.266775 33.019890 40.788231 47.885788 54.529305 60.877872 67.045326 73.130577 79.201515 85.338486 91.580322 98.019508 104.701439 110.847488 128.201767 110.847481 104.701439 98.019501 91.580322 85.338486 79.201515 73.130569 67.045319 60.877872 54.529305 47.885788 40.788231 33.019890 24.266775 14.216989 4.426836 0.721675 0.085138 0.009221 
0.003637 0.036382 0.341685 2.496053 10.639132 21.505070 30.906330 39.151165 46.619740 53.565369 60.175236 66.578796 72.893768 79.201515 85.598122 92.137062 98.929825 105.990166 113.594093 120.182312 143.004700 120.182304 113.594086 105.990158 98.929817 92.137062 85.598114 79.201515 72.893768 66.578796 60.175240 53.565372 46.619740 39.151165 30.906330 21.505072 10.639139 2.496080 0.341966 0.039716 
0.013957 0.132925 1.133552 6.505149 17.708323 27.891817 36.764828 44.713333 52.034031 58.950897 65.616898 72.169991 78.704498 85.338486 92.137062 99.230965 106.664795 114.594887 123.281036 130.557251 160.536301 130.557251 123.281013 114.594864 106.664772 99.230957 92.137062 85.338486 78.704491 72.169998 65.616905 58.950893 52.034031 44.713337 36.764839 27.891830 17.708395 6.505303 1.134733 0.145706 
0.045126 0.403905 2.998966 12.337297 23.688324 33.452072 42.036156 49.833054 57.127247 64.100319 70.919739 77.691460 84.551132 91.580322 98.929832 106.664795 114.984497 123.916122 134.163162 142.320663 181.823761 142.320663 134.163147 123.916100 114.984474 106.664772 98.929817 91.580322 84.551132 77.691467 70.919746 64.100327 57.127254 49.833080 42.036224 33.452244 23.688734 12.338471 3.003859 0.445455 
0.119955 0.995724 6.157005 17.980848 28.802868 38.268692 46.737415 54.549553 61.924091 69.066170 76.104439 83.202301 90.447731 98.019501 105.990166 114.594879 123.916122 134.202484 146.313705 155.710968 207.693588 155.710968 146.313705 134.202454 123.916100 114.594864 105.990158 98.019501 90.447731 83.202301 76.104492 69.066292 61.924263 54.549789 46.737984 38.270077 28.805620 17.987232 6.176904 1.109761 
0.254484 1.945485 9.864493 22.306696 33.045807 42.425381 50.945457 58.872688 66.460426 73.842445 81.222740 88.701973 96.497322 104.701439 113.594093 123.281036 134.163147 146.313690 161.173691 172.904236 240.429886 172.904236 161.173691 146.313705 134.163147 123.281036 113.594093 104.701462 96.497391 88.702080 81.223076 73.843048 66.461777 58.875172 50.949539 42.433018 33.059456 22.333475 9.930118 2.207597 
0.415125 2.956714 12.818919 25.308155 36.086540 45.657764 54.402130 62.671059 70.606934 78.412651 86.161850 94.056725 102.196213 110.847488 120.182312 130.557251 142.320663 155.710968 172.904236 186.505386 270.528259 186.505386 172.904266 155.710983 142.320679 130.557297 120.182442 110.847771 102.196907 94.058037 86.164001 78.416367 70.613823 62.681995 54.418934 45.684238 36.128860 25.381035 12.969064 3.430497 
0.496262 3.429919 14.033303 26.219547 37.183952 47.123070 56.500744 65.571938 74.638725 83.884155 93.589851 103.966599 115.387230 128.201797 143.004730 160.536301 181.823761 207.693588 240.429871 270.528259 315.742493 270.528290 240.430069 207.694214 181.824997 160.538574 143.008347 128.206863 115.394440 103.976288 93.602402 83.900131 74.659752 65.599701 56.537277 47.172714 37.254631 26.329281 14.238776 4.026183 
0.415125 2.956716 12.818920 25.308155 36.086544 45.657768 54.402126 62.671055 70.606926 78.412651 86.161842 94.056717 102.196198 110.847473 120.182304 130.557251 142.320663 155.710968 172.904236 186.505386 270.528290 186.505356 172.904236 155.710983 142.320679 130.557312 120.182442 110.847771 102.196907 94.058029 86.164001 78.416359 70.613815 62.681995 54.418934 45.684238 36.128864 25.381037 12.969064 3.430497 
0.254485 1.945485 9.864493 22.306696 33.045811 42.425385 50.945457 58.872692 66.460426 73.842445 81.222733 88.701965 96.497314 104.701424 113.594093 123.281036 134.163147 146.313690 161.173676 172.904251 240.430054 172.904236 161.173691 146.313690 134.163147 123.281036 113.594101 104.701462 96.497383 88.702072 81.223068 73.843040 66.461769 58.875172 50.949543 42.433022 33.059456 22.333477 9.930118 2.207597 
0.119955 0.995725 6.157005 17.980846 28.802868 38.268700 46.737419 54.549557 61.924095 69.066177 76.104454 83.202301 90.447723 98.019501 105.990166 114.594879 123.916115 134.202469 146.313690 155.710983 207.694199 155.710983 146.313690 134.202484 123.916122 114.594879 105.990166 98.019501 90.447723 83.202301 76.104492 69.066284 61.924263 54.549793 46.737988 38.270077 28.805620 17.987232 6.176904 1.109761 
0.045126 0.403905 2.998966 12.337297 23.688324 33.452072 42.036156 49.833054 57.127243 64.100319 70.919746 77.691467 84.551132 91.580322 98.929825 106.664780 114.984482 123.916115 134.163147 142.320679 181.824997 142.320679 134.163147 123.916122 114.984497 106.664795 98.929832 91.580322 84.551132 77.691467 70.919746 64.100319 57.127251 49.833080 42.036224 33.452244 23.688732 12.338471 3.003859 0.445455 
0.013957 0.132925 1.133552 6.505150 17.708323 27.891819 36.764828 44.713329 52.034027 58.950890 65.616898 72.169991 78.704491 85.338486 92.137062 99.230957 106.664780 114.594872 123.281036 130.557312 160.538559 130.557312 123.281036 114.594879 106.664795 99.230965 92.137062 85.338486 78.704498 72.169998 65.616905 58.950893 52.034031 44.713337 36.764839 27.891830 17.708393 6.505303 1.134733 0.145706 
0.003637 0.036382 0.341685 2.496053 10.639132 21.505070 30.906328 39.151161 46.619736 53.565372 60.175240 66.578796 72.893768 79.201515 85.598122 92.137062 98.929817 105.990166 113.594101 120.182442 143.008331 120.182442 113.594101 105.990166 98.929832 92.137062 85.598122 79.201515 72.893768 66.578796 60.175240 53.565372 46.619740 39.151165 30.906330 21.505072 10.639139 2.496080 0.341966 0.039716 
0.000815 0.008472 0.085077 0.721670 4.426835 14.216989 24.266775 33.019890 40.788231 47.885788 54.529305 60.877872 67.045326 73.130577 79.201515 85.338486 91.580322 98.019501 104.701462 110.847771 128.206848 110.847771 104.701462 98.019501 91.580322 85.338486 79.201515 73.130577 67.045326 60.877876 54.529308 47.885788 40.788231 33.019890 24.266775 14.216990 4.426836 0.721675 0.085138 0.009221 
0.000160 0.001711 0.018026 0.167630 1.277769 6.550151 16.809513 26.220549 34.455906 41.832687 48.619766 54.997917 61.107971 67.045326 72.893768 78.704498 84.551125 90.447723 96.497383 102.196907 115.394440 102.196907 96.497383 90.447723 84.551132 78.704498 72.893768 67.045326 61.107979 54.997921 48.619770 41.832687 34.455906 26.220549 16.809513 6.550153 1.277769 0.167631 0.018038 0.001858 
0.000028 0.000305 0.003325 0.032828 0.282409 1.935437 8.421198 18.516195 27.451900 35.289982 42.346554 48.861347 54.997917 60.877876 66.578796 72.169991 77.691460 83.202301 88.702072 94.058029 103.976288 94.058029 88.702072 83.202301 77.691467 72.169998 66.578796 60.877876 54.997921 48.861351 42.346561 35.289989 27.451902 18.516195 8.421198 1.935437 0.282409 0.032828 0.003327 0.000330 
0.000004 0.000049 0.000543 0.005591 0.051710 0.412175 2.557892 9.753828 19.489601 28.043558 35.562641 42.346558 48.619766 54.529308 60.175236 65.616898 70.919739 76.104485 81.223061 86.164001 93.602402 86.164001 81.223068 76.104492 70.919746 65.616905 60.175240 54.529308 48.619770 42.346561 35.562645 28.043562 19.489601 9.753828 2.557892 0.412175 0.051710 0.005591 0.000544 0.000053 
0.000001 0.000007 0.000080 0.000846 0.008198 0.071069 0.526812 3.000329 10.433900 19.807098 28.043560 35.289989 41.832687 47.885792 53.565369 58.950890 64.100319 69.066284 73.843040 78.416359 83.900131 78.416359 73.843040 69.066284 64.100319 58.950893 53.565372 47.885788 41.832687 35.289989 28.043562 19.807098 10.433900 3.000329 0.526812 0.071069 0.008198 0.000846 0.000080 0.000008 
0.000000 0.000001 0.000011 0.000115 0.001155 0.010546 0.085781 0.594332 3.159884 10.433900 19.489601 27.451902 34.455906 40.788231 46.619740 52.034031 57.127251 61.924255 66.461769 70.613815 74.659752 70.613815 66.461769 61.924263 57.127251 52.034031 46.619740 40.788231 34.455906 27.451902 19.489601 10.433900 3.159884 0.594332 0.085781 0.010546 0.001155 0.000115 0.000011 0.000001 
0.000000 0.000000 0.000001 0.000014 0.000147 0.001390 0.011948 0.091291 0.594332 3.000328 9.753828 18.516195 26.220549 33.019890 39.151165 44.713337 49.833080 54.549789 58.875172 62.681995 65.599701 62.681995 58.875172 54.549793 49.833080 44.713337 39.151165 33.019890 26.220549 18.516195 9.753828 3.000329 0.594332 0.091291 0.011948 0.001390 0.000147 0.000014 0.000001 0.000000 
0.000000 0.000000 0.000000 0.000002 0.000017 0.000166 0.001478 0.011948 0.085781 0.526812 2.557892 8.421198 16.809513 24.266775 30.906330 36.764839 42.036224 46.737984 50.949543 54.418934 56.537277 54.418934 50.949543 46.737988 42.036224 36.764839 30.906330 24.266775 16.809513 8.421198 2.557892 0.526812 0.085781 0.011948 0.001478 0.000166 0.000017 0.000002 0.000000 0.000000 
0.000000 0.000000 0.000000 0.000000 0.000002 0.000018 0.000166 0.001390 0.010546 0.071069 0.412175 1.935437 6.550151 14.216989 21.505072 27.891830 33.452244 38.270077 42.433022 45.684238 47.172714 45.684238 42.433022 38.270077 33.452244 27.891830 21.505072 14.216990 6.550153 1.935437 0.412175 0.071069 0.010546 0.001390 0.000166 0.000018 0.000002 0.000000 0.000000 0.000000 
0.000000 0.000000 0.000000 0.000000 0.000000 0.000002 0.000017 0.000147 0.001155 0.008198 0.051710 0.282409 1.277769 4.426836 10.639139 17.708393 23.688732 28.805620 33.059456 36.128860 37.254631 36.128864 33.059456 28.805620 23.688732 17.708393 10.639139 4.426836 1.277769 0.282409 0.051710 0.008198 0.001155 0.000147 0.000017 0.000002 0.000000 0.000000 0.000000 0.000000 
0.000000 0.000000 0.000000 0.000000 0.000000 0.000000 0.000002 0.000014 0.000115 0.000846 0.005591 0.032828 0.167631 0.721675 2.496080 6.505303 12.338471 17.987232 22.333475 25.381035 26.329281 25.381037 22.333477 17.987232 12.338471 6.505303 2.496080 0.721675 0.167631 0.032828 0.005591 0.000846 0.000115 0.000014 0.000002 0.000000 0.000000 0.000000 0.000000 0.000000 
0.000000 0.000000 0.000000 0.000000 0.000000 0.000000 0.000000 0.000001 0.000011 0.000080 0.000544 0.003327 0.018038 0.085138 0.341966 1.134733 3.003859 6.176904 9.930118 12.969064 14.238776 12.969064 9.930118 6.176904 3.003859 1.134733 0.341966 0.085138 0.018038 0.003327 0.000544 0.000080 0.000011 0.000001 0.000000 0.000000 0.000000 0.000000 0.000000 0.000000 
0.000000 0.000000 0.000000 0.000000 0.000000 0.000000 0.000000 0.000000 0.000001 0.000008 0.000053 0.000330 0.001858 0.009221 0.039716 0.145706 0.445455 1.109761 2.207597 3.430497 4.026183 3.430497 2.207597 1.109761 0.445455 0.145706 0.039716 0.009221 0.001858 0.000330 0.000053 0.000008 0.000001 0.000000 0.000000 0.000000 0.000000 0.000000 0.000000 0.000000 
