0.000000 0.000000 0.000000 0.000000 0.000000 0.000000 0.000000 0.000000 0.000000 0.000000 0.000000 0.000000 0.000000 0.000001 0.000005 0.000023 0.000089 0.000280 0.000696 0.001284 0.001624 0.001284 0.000696 0.000280 0.000089 0.000023 0.000005 0.000001 0.000000 0.000000 0.000000 0.000000 0.000000 0.000000 0.000000 0.000000 0.000000 0.000000 0.000000 0.000000 
0.000000 0.000000 0.000000 0.000000 0.000000 0.000000 0.000000 0.000000 0.000000 0.000000 0.000000 0.000000 0.000002 0.000012 0.000065 0.000290 0.001094 0.003379 0.008223 0.014943 0.018770 0.014943 0.008223 0.003379 0.001094 0.000290 0.000065 0.000012 0.000002 0.000000 0.000000 0.000000 0.000000 0.000000 0.000000 0.000000 0.000000 0.000000 0.000000 0.000000 
0.000000 0.000000 0.000000 0.000000 0.000000 0.000000 0.000000 0.000000 0.000000 0.000000 0.000001 0.000004 0.000028 0.000160 0.000817 0.003570 0.013102 0.039261 0.092662 0.164110 0.203768 0.164110 0.092662 0.039261 0.013102 0.003570 0.000817 0.000160 0.000028 0.000004 0.000001 0.000000 0.000000 0.000000 0.000000 0.000000 0.000000 0.000000 0.000000 0.000000 
0.000000 0.000000 0.000000 0.000000 0.000000 0.000000 0.000000 0.000000 0.000000 0.000001 0.000007 0.000052 0.000334 0.001898 0.009383 0.039525 0.138509 0.392472 0.870795 1.459943 1.768173 1.459943 0.870795 0.392472 0.138509 0.039525 0.009383 0.001898 0.000334 0.000052 0.000007 0.000001 0.000000 0.000000 0.000000 0.000000 0.000000 0.000000 0.000000 0.000000 
0.000000 0.000000 0.000000 0.000000 0.000000 0.000000 0.000000 0.000000 0.000001 0.000011 0.000084 0.000591 0.003703 0.020322 0.095670 0.376459 1.198572 2.981068 5.663895 8.273143 9.447039 8.273143 5.663895 2.981068 1.198572 0.376459 0.095670 0.020322 0.003703 0.000591 0.000084 0.000011 0.000001 0.000000 0.000000 0.000000 0.000000 0.000000 0.000000 0.000000 
0.000000 0.000000 0.000000 0.000000 0.000000 0.000000 0.000000 0.000002 0.000014 0.000118 0.000900 0.006148 0.036922 0.190377 0.814261 2.744250 6.855622 12.449939 17.525911 21.121517 22.077471 21.121517 17.525913 12.449939 6.855621 2.744250 0.814261 0.190377 0.036922 0.006148 0.000900 0.000118 0.000014 0.000002 0.000000 0.000000 0.000000 0.000000 0.000000 0.000000 
0.000000 0.000000 0.000000 0.000000 0.000000 0.000000 0.000002 0.000016 0.000144 0.001186 0.008768 0.057062 0.317723 1.441542 4.896632 11.328158 18.246809 23.905960 28.681814 32.071712 33.629318 32.071712 28.681818 23.905960 18.246809 11.328158 4.896632 1.441542 0.317723 0.057062 0.008768 0.001186 0.000144 0.000016 0.000002 0.000000 0.000000 0.000000 0.000000 0.000000 
0.000000 0.000000 0.000000 0.000000 0.000000 0.000002 0.000016 0.000154 0.001361 0.010820 0.075815 0.452091 2.145223 7.144370 14.973400 22.154451 28.392752 33.776787 38.329994 41.807484 43.989697 41.807484 38.329994 33.776783 28.392748 22.154451 14.973401 7.144370 2.145223 0.452091 0.075815 0.010820 0.001361 0.000154 0.000016 0.000002 0.000000 0.000000 0.000000 0.000000 
0.000000 0.000000 0.000000 0.000000 0.000001 0.000014 0.000144 0.001361 0.011600 0.087227 0.555538 2.750395 8.976027 17.453524 24.897770 31.458078 37.233021 42.389568 46.961311 50.614025 53.711327 50.614025 46.961315 42.389568 37.233017 31.458078 24.897770 17.453524 8.976027 2.750395 0.555538 0.087227 0.011600 0.001361 0.000144 0.000014 0.000001 0.000000 0.000000 0.000000 
0.000000 0.000000 0.000000 0.000001 0.000011 0.000118 0.001186 0.010820 0.087227 0.594461 3.097644 10.124689 18.970985 26.723911 33.511524 39.617897 45.125729 50.210026 54.828598 58.872005 62.981140 58.872005 54.828598 50.210026 45.125732 39.617901 33.511524 26.723913 18.970984 10.124689 3.097644 0.594462 0.087227 0.010820 0.001186 0.000118 0.000011 0.000001 0.000000 0.000000 
0.000000 0.000000 0.000001 0.000007 0.000084 0.000900 0.008768 0.075815 0.555538 3.097644 10.511260 19.696398 27.753445 34.808090 41.163692 46.991470 52.401993 57.472546 62.264111 66.639153 72.140831 66.639153 62.264111 57.472546 52.402000 46.991474 41.163692 34.808090 27.753445 19.696396 10.511261 3.097644 0.555538 0.075815 0.008768 0.000900 0.000084 0.000007 0.000001 0.000000 
0.000000 0.000000 0.000004 0.000052 0.000591 0.006148 0.057062 0.452091 2.750395 10.124689 19.696396 28.084990 35.433952 42.051266 48.142117 53.854702 59.246113 64.430054 69.380371 74.163048 81.296669 74.163055 69.380371 64.430054 59.246117 53.854706 48.142124 42.051277 35.433960 28.084990 19.696396 10.124690 2.750395 0.452091 0.057062 0.006148 0.000591 0.000052 0.000004 0.000000 
0.000000 0.000002 0.000028 0.000334 0.003703 0.036922 0.317723 2.145223 8.976027 18.970985 27.753448 35.433956 42.341648 48.698296 54.677208 60.363178 65.855400 71.180801 76.434654 81.457146 90.761879 81.457146 76.434662 71.180801 65.855400 60.363190 54.677219 48.698307 42.341656 35.433960 27.753447 18.970984 8.976027 2.145223 0.317723 0.036922 0.003703 0.000334 0.000028 0.000002 
0.000001 0.000012 0.000160 0.001898 0.020322 0.190377 1.441542 7.144370 17.453524 26.723915 34.808094 42.051277 48.698299 54.944599 60.899387 66.675919 72.310524 77.916748 83.461746 88.787666 100.641174 88.787674 83.461746 77.916748 72.310524 66.675919 60.899395 54.944607 48.698307 42.051277 34.808094 26.723913 17.453524 7.144370 1.441542 0.190377 0.020322 0.001898 0.000160 0.000013 
0.000005 0.000065 0.000817 0.009383 0.095670 0.814261 4.896632 14.973400 24.897770 33.511524 41.163696 48.142124 54.677216 60.899391 66.943970 72.863930 78.772980 84.666153 90.733612 96.184967 111.336006 96.184975 90.733604 84.666153 78.772972 72.863937 66.943977 60.899395 54.677219 48.142124 41.163696 33.511524 24.897770 14.973401 4.896632 0.814261 0.095670 0.009383 0.000817 0.000070 
0.000023 0.000290 0.003570 0.039525 0.376459 2.744250 11.328158 22.154451 31.458078 39.617897 46.991474 53.854706 60.363190 66.675919 72.863937 79.054901 85.262726 91.642212 98.220268 103.964287 123.087570 103.964287 98.220268 91.642212 85.262726 79.054909 72.863937 66.675919 60.363190 53.854706 46.991474 39.617901 31.458080 22.154455 11.328158 2.744250 0.376459 0.039526 0.003571 0.000312 
0.000089 0.001094 0.013102 0.138509 1.198572 6.855622 18.246809 28.392752 37.233021 45.125729 52.401993 59.246113 65.855400 72.310524 78.772980 85.262726 91.957222 98.805443 106.261414 112.205528 136.500229 112.205528 106.261414 98.805443 91.957230 85.262726 78.772972 72.310524 65.855400 59.246117 52.401997 45.125732 37.233021 28.392750 18.246809 6.855621 1.198572 0.138510 0.013108 0.001177 
0.000280 0.003379 0.039261 0.392472 2.981068 12.449939 23.905960 33.776787 42.389568 50.210026 57.472546 64.430054 71.180801 77.916756 84.666153 91.642212 98.805443 106.396507 114.749260 121.081306 151.847794 121.081299 114.749268 106.396507 98.805443 91.642212 84.666153 77.916748 71.180801 64.430054 57.472549 50.210030 42.389572 33.776783 23.905958 12.449939 2.981068 0.392473 0.039280 0.003639 
0.000696 0.008223 0.092662 0.870795 5.663895 17.525911 28.681814 38.329994 46.961311 54.828598 62.264111 69.380371 76.434654 83.461746 90.733612 98.220276 106.261421 114.749260 124.599380 131.743103 173.197937 131.743073 124.599380 114.749268 106.261414 98.220276 90.733612 83.461746 76.434654 69.380379 62.264114 54.828598 46.961315 38.329994 28.681818 17.525913 5.663895 0.870798 0.092708 0.008868 
0.001284 0.014943 0.164110 1.459943 8.273143 21.121517 32.071712 41.807484 50.614025 58.872009 66.639153 74.163055 81.457153 88.787674 96.184975 103.964287 112.205528 121.081306 131.743103 139.243668 190.677490 139.243652 131.743073 121.081306 112.205528 103.964287 96.184967 88.787666 81.457153 74.163055 66.639153 58.872005 50.614025 41.807484 32.071712 21.121517 8.273144 1.459949 0.164197 0.016134 
0.001624 0.018770 0.203768 1.768173 9.447039 22.077467 33.629314 43.989693 53.711327 62.981140 72.140839 81.296677 90.761887 100.641174 111.336014 123.087585 136.500244 151.847794 173.197906 190.677429 303.494080 190.677460 173.197906 151.847794 136.500229 123.087570 111.336006 100.641174 90.761879 81.296669 72.140831 62.981133 53.711327 43.989697 33.629318 22.077471 9.447041 1.768181 0.203879 0.020276 
0.001284 0.014943 0.164110 1.459943 8.273143 21.121517 32.071712 41.807484 50.614021 58.872005 66.639153 74.163055 81.457146 88.787674 96.184975 103.964294 112.205536 121.081306 131.743103 139.243668 190.677460 139.243668 131.743103 121.081306 112.205536 103.964287 96.184975 88.787674 81.457153 74.163055 66.639153 58.872005 50.614025 41.807484 32.071716 21.121517 8.273144 1.459949 0.164197 0.016134 
0.000696 0.008223 0.092662 0.870795 5.663895 17.525913 28.681818 38.329994 46.961311 54.828598 62.264111 69.380371 76.434662 83.461754 90.733612 98.220276 106.261421 114.749268 124.599396 131.743103 173.197906 131.743103 124.599388 114.749268 106.261421 98.220276 90.733612 83.461746 76.434654 69.380371 62.264111 54.828598 46.961315 38.329994 28.681818 17.525913 5.663895 0.870798 0.092708 0.008868 
0.000280 0.003379 0.039261 0.392472 2.981068 12.449939 23.905960 33.776787 42.389568 50.210026 57.472546 64.430054 71.180809 77.916756 84.666153 91.642212 98.805450 106.396515 114.749268 121.081306 151.847794 121.081306 114.749268 106.396507 98.805443 91.642212 84.666153 77.916748 71.180801 64.430054 57.472546 50.210026 42.389568 33.776783 23.905960 12.449939 2.981068 0.392473 0.039280 0.003639 
0.000089 0.001094 0.013102 0.138509 1.198572 6.855622 18.246809 28.392754 37.233021 45.125732 52.401993 59.246117 65.855408 72.310539 78.772980 85.262733 91.957237 98.805450 106.261421 112.205536 136.500229 112.205528 106.261414 98.805443 91.957230 85.262726 78.772972 72.310524 65.855400 59.246117 52.401997 45.125732 37.233021 28.392752 18.246809 6.855621 1.198572 0.138510 0.013108 0.001177 
0.000023 0.000290 0.003570 0.039525 0.376459 2.744250 11.328158 22.154455 31.458080 39.617901 46.991474 53.854706 60.363190 66.675926 72.863945 79.054916 85.262733 91.642212 98.220276 103.964294 123.087570 103.964287 98.220276 91.642212 85.262726 79.054901 72.863930 66.675919 60.363186 53.854706 46.991474 39.617901 31.458080 22.154455 11.328158 2.744250 0.376459 0.039526 0.003571 0.000312 
0.000005 0.000065 0.000817 0.009383 0.095670 0.814261 4.896632 14.973401 24.897774 33.511528 41.163696 48.142124 54.677219 60.899395 66.943977 72.863945 78.772980 84.666153 90.733612 96.184967 111.336006 96.184975 90.733612 84.666153 78.772972 72.863930 66.943970 60.899391 54.677212 48.142120 41.163692 33.511524 24.897770 14.973401 4.896632 0.814261 0.095670 0.009383 0.000817 0.000070 
0.000001 0.000012 0.000160 0.001898 0.020322 0.190377 1.441542 7.144370 17.453524 26.723915 34.808090 42.051277 48.698307 54.944607 60.899395 66.675919 72.310524 77.916756 83.461746 88.787666 100.641167 88.787674 83.461746 77.916748 72.310524 66.675919 60.899391 54.944599 48.698299 42.051273 34.808090 26.723913 17.453524 7.144370 1.441542 0.190377 0.020322 0.001898 0.000160 0.000013 
0.000000 0.000002 0.000028 0.000334 0.003703 0.036922 0.317723 2.145223 8.976027 18.970987 27.753445 35.433960 42.341656 48.698303 54.677212 60.363186 65.855408 71.180809 76.434654 81.457146 90.761887 81.457153 76.434654 71.180801 65.855400 60.363186 54.677212 48.698299 42.341652 35.433956 27.753445 18.970985 8.976027 2.145223 0.317723 0.036922 0.003703 0.000334 0.000028 0.000002 
0.000000 0.000000 0.000004 0.000052 0.000591 0.006148 0.057062 0.452091 2.750395 10.124690 19.696396 28.084990 35.433956 42.051270 48.142117 53.854706 59.246117 64.430054 69.380371 74.163048 81.296677 74.163055 69.380371 64.430054 59.246117 53.854706 48.142120 42.051273 35.433956 28.084986 19.696396 10.124690 2.750395 0.452091 0.057062 0.006148 0.000591 0.000052 0.000004 0.000000 
0.000000 0.000000 0.000001 0.000007 0.000084 0.000900 0.008768 0.075815 0.555538 3.097644 10.511260 19.696396 27.753443 34.808090 41.163692 46.991474 52.401993 57.472546 62.264111 66.639153 72.140831 66.639153 62.264111 57.472546 52.401997 46.991474 41.163692 34.808090 27.753445 19.696396 10.511260 3.097644 0.555538 0.075815 0.008768 0.000900 0.000084 0.000007 0.000001 0.000000 
0.000000 0.000000 0.000000 0.000001 0.000011 0.000118 0.001186 0.010820 0.087227 0.594461 3.097643 10.124686 18.970984 26.723911 33.511524 39.617901 45.125732 50.210026 54.828594 58.872005 62.981133 58.872005 54.828598 50.210026 45.125732 39.617901 33.511524 26.723913 18.970985 10.124690 3.097644 0.594462 0.087227 0.010820 0.001186 0.000118 0.000011 0.000001 0.000000 0.000000 
0.000000 0.000000 0.000000 0.000000 0.000001 0.000014 0.000144 0.001361 0.011600 0.087227 0.555538 2.750394 8.976027 17.453524 24.897770 31.458080 37.233021 42.389568 46.961311 50.614025 53.711327 50.614025 46.961315 42.389568 37.233021 31.458080 24.897770 17.453524 8.976027 2.750395 0.555538 0.087227 0.011600 0.001361 0.000144 0.000014 0.000001 0.000000 0.000000 0.000000 
0.000000 0.000000 0.000000 0.000000 0.000000 0.000002 0.000016 0.000154 0.001361 0.010820 0.075815 0.452091 2.145223 7.144370 14.973401 22.154451 28.392750 33.776783 38.329994 41.807484 43.989697 41.807484 38.329994 33.776783 28.392752 22.154455 14.973401 7.144370 2.145223 0.452091 0.075815 0.010820 0.001361 0.000154 0.000016 0.000002 0.000000 0.000000 0.000000 0.000000 
0.000000 0.000000 0.000000 0.000000 0.000000 0.000000 0.000002 0.000016 0.000144 0.001186 0.008768 0.057062 0.317723 1.441542 4.896632 11.328158 18.246809 23.905960 28.681818 32.071712 33.629318 32.071716 28.681818 23.905960 18.246809 11.328158 4.896632 1.441542 0.317723 0.057062 0.008768 0.001186 0.000144 0.000016 0.000002 0.000000 0.000000 0.000000 0.000000 0.000000 
0.000000 0.000000 0.000000 0.000000 0.000000 0.000000 0.000000 0.000002 0.000014 0.000118 0.000900 0.006148 0.036922 0.190377 0.814261 2.744250 6.855621 12.449939 17.525913 21.121517 22.077471 21.121517 17.525913 12.449939 6.855621 2.744250 0.814261 0.190377 0.036922 0.006148 0.000900 0.000118 0.000014 0.000002 0.000000 0.000000 0.000000 0.000000 0.000000 0.000000 
0.000000 0.000000 0.000000 0.000000 0.000000 0.000000 0.000000 0.000000 0.000001 0.000011 0.000084 0.000591 0.003703 0.020322 0.095670 0.376459 1.198572 2.981068 5.663895 8.273144 9.447041 8.273144 5.663895 2.981068 1.198572 0.376459 0.095670 0.020322 0.003703 0.000591 0.000084 0.000011 0.000001 0.000000 0.000000 0.000000 0.000000 0.000000 0.000000 0.000000 
0.000000 0.000000 0.000000 0.000000 0.000000 0.000000 0.000000 0.000000 0.000000 0.000001 0.000007 0.000052 0.000334 0.001898 0.009383 0.039526 0.138510 0.392473 0.870798 1.459949 1.768181 1.459949 0.870798 0.392473 0.138510 0.039526 0.009383 0.001898 0.000334 0.000052 0.000007 0.000001 0.000000 0.000000 0.000000 0.000000 0.000000 0.000000 0.000000 0.000000 
0.000000 0.000000 0.000000 0.000000 0.000000 0.000000 0.000000 0.000000 0.000000 0.000000 0.000001 0.000004 0.000028 0.000160 0.000817 0.003571 0.013108 0.039280 0.092708 0.164197 0.203879 0.164197 0.092708 0.039280 0.013108 0.003571 0.000817 0.000160 0.000028 0.000004 0.000001 0.000000 0.000000 0.000000 0.000000 0.000000 0.000000 0.000000 0.000000 0.000000 
0.000000 0.000000 0.000000 0.000000 0.000000 0.000000 0.000000 0.000000 0.000000 0.000000 0.000000 0.000000 0.000002 0.000013 0.000070 0.000312 0.001177 0.003639 0.008868 0.016134 0.020276 0.016134 0.008868 0.003639 0.001177 0.000312 0.000070 0.000013 0.000002 0.000000 0.000000 0.000000 0.000000 0.000000 0.000000 0.000000 0.000000 0.000000 0.000000 0.000000 
