0.000000 0.000000 0.000000 0.000000 0.000000 0.000000 0.000000 0.000001 0.000009 0.000061 0.000387 0.002221 0.011353 0.050937 0.197047 0.644007 1.744146 3.866984 6.983979 10.189422 11.692401 10.189422 6.983980 3.866984 1.744146 0.644007 0.197047 0.050937 0.011353 0.002221 0.000387 0.000061 0.000009 0.000001 0.000000 0.000000 0.000000 0.000000 0.000000 0.000000 
0.000000 0.000000 0.000000 0.000000 0.000000 0.000000 0.000001 0.000012 0.000089 0.000610 0.003779 0.020877 0.101207 0.420507 1.448636 3.961263 8.293906 13.466800 18.137327 21.653692 23.046200 21.653700 18.137325 13.466800 8.293906 3.961263 1.448636 0.420507 0.101207 0.020877 0.003779 0.000610 0.000089 0.000012 0.000001 0.000000 0.000000 0.000000 0.000000 0.000000 
0.000000 0.000000 0.000000 0.000000 0.000000 0.000002 0.000016 0.000126 0.000922 0.006122 0.036320 0.188491 0.827959 2.913131 7.597407 14.111670 20.136616 25.073219 29.253347 32.457008 34.005585 32.457012 29.253347 25.073221 20.136616 14.111669 7.597407 2.913132 0.827959 0.188491 0.036320 0.006122 0.000922 0.000126 0.000016 0.000002 0.000000 0.000000 0.000000 0.000000 
0.000000 0.000000 0.000000 0.000000 0.000002 0.000019 0.000158 0.001234 0.008745 0.055355 0.304811 1.393420 4.847844 11.505102 18.773842 24.991138 30.484962 35.171604 39.126331 42.248165 44.010075 42.248169 39.126335 35.171608 30.484966 24.991137 18.773842 11.505102 4.847844 1.393420 0.304811 0.055355 0.008745 0.001234 0.000158 0.000019 0.000002 0.000000 0.000000 0.000000 
0.000000 0.000000 0.000000 0.000002 0.000020 0.000177 0.001468 0.011062 0.074394 0.432335 2.037591 6.883019 14.759505 22.146416 28.694704 34.425568 39.542931 44.090176 48.052498 51.270756 53.406029 51.270760 48.052498 44.090183 39.542934 34.425568 28.694704 22.146416 14.759505 6.883019 2.037591 0.432335 0.074394 0.011062 0.001468 0.000177 0.000020 0.000002 0.000000 0.000000 
0.000000 0.000000 0.000002 0.000019 0.000177 0.001555 0.012430 0.088634 0.542735 2.632987 8.637191 17.114834 24.656889 31.378218 37.367561 42.782520 47.717686 52.240547 56.310867 59.805099 62.434723 59.805107 56.310867 52.240555 47.717690 42.782520 37.367561 31.378218 24.656887 17.114834 8.637191 2.632987 0.542735 0.088634 0.012430 0.001555 0.000177 0.000019 0.000002 0.000000 
0.000000 0.000001 0.000016 0.000158 0.001468 0.012430 0.093928 0.607023 3.050634 9.876481 18.680405 26.443333 33.302593 39.509609 45.174423 50.420555 55.312000 59.892265 64.159134 67.998940 71.360107 67.998955 64.159142 59.892277 55.312000 50.420551 45.174419 39.509605 33.302593 26.443331 18.680405 9.876481 3.050634 0.607023 0.093928 0.012430 0.001468 0.000158 0.000016 0.000002 
0.000001 0.000012 0.000126 0.001234 0.011062 0.088634 0.607023 3.200385 10.507806 19.579695 27.575279 34.622288 41.004242 46.899265 52.398296 57.595425 62.535751 67.263451 71.765678 76.036118 80.362915 76.036125 71.765686 67.263451 62.535759 57.595425 52.398296 46.899265 41.004242 34.622288 27.575279 19.579695 10.507806 3.200385 0.607023 0.088634 0.011062 0.001234 0.000126 0.000013 
0.000009 0.000089 0.000922 0.008745 0.074394 0.542735 3.050634 10.507806 19.873838 28.121670 35.391453 41.967064 48.059067 53.792164 59.245018 64.486115 69.563400 74.500977 79.321526 84.015060 89.684174 84.015068 79.321533 74.500977 69.563400 64.486122 59.245022 53.792168 48.059067 41.967068 35.391457 28.121672 19.873838 10.507806 3.050634 0.542735 0.074394 0.008745 0.000923 0.000097 
0.000061 0.000610 0.006122 0.055355 0.432335 2.632987 9.876481 19.579695 28.121674 35.643387 42.441143 48.736221 54.677162 60.365204 65.863884 71.239616 76.526085 81.763916 86.954903 92.114326 99.534286 92.114326 86.954903 81.763916 76.526085 71.239616 65.863892 60.365211 54.677162 48.736221 42.441143 35.643387 28.121672 19.579695 9.876481 2.632987 0.432335 0.055355 0.006127 0.000666 
0.000387 0.003779 0.036320 0.304811 2.037591 8.637191 18.680403 27.575275 35.391457 42.441147 48.959408 55.110252 61.012253 66.747124 72.381531 77.968636 83.558868 89.172226 94.860382 100.451744 110.233978 100.451744 94.860382 89.172234 83.558876 77.968636 72.381531 66.747124 61.012249 55.110249 48.959404 42.441143 35.391457 27.575279 18.680405 8.637191 2.037592 0.304814 0.036351 0.004132 
0.002221 0.020877 0.188491 1.393420 6.883019 17.114834 26.443331 34.622284 41.967064 48.736225 55.110252 61.224892 67.177963 73.049301 78.899910 84.793442 90.770813 96.888443 103.173973 109.264977 122.136993 109.264977 103.173973 96.888451 90.770813 84.793442 78.899910 73.049294 67.177956 61.224876 55.110249 48.736221 41.967068 34.622288 26.443333 17.114834 6.883021 1.393440 0.188672 0.022901 
0.011353 0.101207 0.827959 4.847844 14.759505 24.656889 33.302593 41.004246 48.059071 54.677166 61.012253 67.177963 73.268829 79.356506 85.518463 91.809013 98.303596 105.037247 112.143982 118.750969 135.800201 118.750969 112.143990 105.037254 98.303596 91.809013 85.518463 79.356491 73.268822 67.177956 61.012249 54.677162 48.059067 41.004242 33.302593 24.656891 14.759521 4.847985 0.828952 0.111534 
0.050937 0.420507 2.913131 11.505102 22.146416 31.378218 39.509609 46.899269 53.792164 60.365211 66.747124 73.049301 79.356506 85.757782 92.322533 99.139885 106.272163 113.828102 121.945229 129.255997 151.957245 129.255981 121.945229 113.828102 106.272163 99.139885 92.322533 85.757782 79.356491 73.049301 66.747124 60.365211 53.792171 46.899281 39.509647 31.378325 22.146719 11.506237 2.918853 0.467132 
0.197047 1.448636 7.597407 18.773842 28.694704 37.367561 45.174423 52.398296 59.245018 65.863884 72.381531 78.899910 85.518463 92.322533 99.417099 106.884491 114.863762 123.413101 132.946823 141.132614 171.660873 141.132599 132.946823 123.413101 114.863762 106.884491 99.417099 92.322533 85.518463 78.899910 72.381531 65.863922 59.245140 52.398552 45.175034 37.369087 28.698500 18.784340 7.634396 1.639939 
0.644007 3.961263 14.111670 24.991138 34.425568 42.782520 50.420555 57.595425 64.486115 71.239616 77.968636 84.793442 91.809013 99.139885 106.884491 115.205132 124.215904 134.112869 145.420364 154.904297 196.282272 154.904297 145.420349 134.112869 124.215904 115.205132 106.884491 99.139885 91.809021 84.793465 77.968674 71.239700 64.488075 57.599213 50.428802 42.799736 34.462906 25.076540 14.331890 4.722373 
1.744146 8.293906 20.136616 30.484962 39.542931 47.717686 55.312000 62.535751 69.563400 76.526085 83.558868 90.770813 98.303596 106.272163 114.863762 124.215904 134.607025 146.165405 159.914719 171.280640 226.441925 171.280640 159.914703 146.165405 134.607056 124.215996 114.863983 106.272720 98.304733 90.773041 83.563110 76.535637 69.583900 62.574936 55.386501 47.858345 39.810604 31.007235 21.229519 11.034385 
3.866984 13.466800 25.073219 35.171604 44.090176 52.240547 59.892265 67.263451 74.500977 81.763916 89.172226 96.888443 105.037247 113.828094 123.413094 134.112869 146.165405 159.900696 176.711014 190.647766 259.809753 190.647827 176.711060 159.900864 146.165863 134.113983 123.415573 113.833076 105.048111 96.910385 89.214622 81.844582 74.648109 67.527695 60.354912 53.031712 45.430153 37.447559 29.045647 20.997915 
6.983979 18.137327 29.253347 39.126331 48.052498 56.310867 64.159134 71.765678 79.321526 86.954895 94.860374 103.173965 112.143982 121.945229 132.946823 145.420349 159.914703 176.710999 197.597366 215.688522 289.911011 215.688721 197.597885 176.712646 159.918686 145.429733 132.966690 121.985405 112.222328 103.320969 95.126190 87.418442 80.101562 73.032700 66.153404 59.362190 52.625710 45.898830 39.339832 33.744465 
10.189421 21.653692 32.457005 42.248165 51.270756 59.805103 67.998955 76.036118 84.015060 92.114311 100.451736 109.264969 118.750961 129.255981 141.132599 154.904297 171.280640 190.647766 215.688522 237.271851 308.277557 237.272568 215.690903 190.655258 171.297943 154.943298 141.216675 129.432556 119.106682 109.935760 101.634529 94.069115 87.053902 80.520309 74.324051 68.429787 62.735352 57.301476 52.246712 48.351265 
11.692401 23.046200 34.005585 44.010075 53.406029 62.434723 71.360107 80.362907 89.684166 99.534271 110.233963 122.136978 135.800217 151.957245 171.660889 196.282318 226.441940 259.809753 289.911011 308.277557 322.611084 308.281372 289.951263 260.035706 227.138016 197.791946 174.242554 155.776367 140.976288 128.769913 118.417007 109.375191 101.312897 93.952332 87.137451 80.724045 74.670334 68.975433 63.868553 60.043144 
10.189422 21.653700 32.457016 42.248173 51.270760 59.805107 67.998955 76.036125 84.015068 92.114326 100.451752 109.264984 118.750977 129.255997 141.132614 154.904312 171.280655 190.647827 215.688721 237.272583 308.281372 237.273270 215.691101 190.655289 171.297928 154.943298 141.216675 129.432556 119.106674 109.935753 101.634521 94.069107 87.053894 80.520309 74.324043 68.429779 62.735348 57.301476 52.246712 48.351265 
6.983981 18.137327 29.253351 39.126339 48.052498 56.310867 64.159134 71.765686 79.321533 86.954903 94.860382 103.173981 112.143990 121.945229 132.946838 145.420364 159.914719 176.711060 197.597916 215.690903 289.951294 215.691116 197.598419 176.712677 159.918686 145.429733 132.966675 121.985405 112.222328 103.320969 95.126190 87.418434 80.101547 73.032700 66.153404 59.362190 52.625710 45.898830 39.339832 33.744465 
3.866984 13.466802 25.073225 35.171608 44.090179 52.240551 59.892269 67.263451 74.500977 81.763916 89.172234 96.888458 105.037247 113.828102 123.413101 134.112869 146.165405 159.900848 176.712616 190.655228 260.035706 190.655289 176.712677 159.901062 146.165909 134.113998 123.415573 113.833076 105.048111 96.910385 89.214630 81.844582 74.648109 67.527695 60.354912 53.031712 45.430157 37.447559 29.045647 20.997915 
1.744146 8.293906 20.136616 30.484966 39.542934 47.717690 55.312000 62.535759 69.563400 76.526085 83.558868 90.770813 98.303596 106.272163 114.863754 124.215897 134.607056 146.165878 159.918655 171.297913 227.138016 171.297928 159.918686 146.165909 134.607101 124.216003 114.863983 106.272720 98.304733 90.773041 83.563110 76.535637 69.583900 62.574936 55.386505 47.858345 39.810604 31.007235 21.229519 11.034385 
0.644007 3.961263 14.111669 24.991137 34.425568 42.782520 50.420551 57.595421 64.486122 71.239616 77.968636 84.793442 91.809013 99.139885 106.884491 115.205139 124.215996 134.113983 145.429733 154.943298 197.791946 154.943298 145.429733 134.113998 124.216003 115.205139 106.884491 99.139885 91.809029 84.793465 77.968674 71.239700 64.488075 57.599213 50.428806 42.799736 34.462906 25.076542 14.331890 4.722373 
0.197047 1.448636 7.597407 18.773842 28.694704 37.367561 45.174419 52.398300 59.245022 65.863892 72.381531 78.899918 85.518463 92.322540 99.417099 106.884491 114.863983 123.415573 132.966690 141.216675 174.242554 141.216675 132.966675 123.415573 114.863983 106.884491 99.417099 92.322533 85.518463 78.899910 72.381531 65.863922 59.245140 52.398560 45.175037 37.369087 28.698498 18.784338 7.634396 1.639939 
0.050937 0.420507 2.913133 11.505102 22.146416 31.378218 39.509605 46.899265 53.792168 60.365211 66.747124 73.049309 79.356514 85.757790 92.322540 99.139893 106.272720 113.833076 121.985413 129.432571 155.776367 129.432556 121.985405 113.833076 106.272720 99.139885 92.322533 85.757782 79.356491 73.049301 66.747124 60.365211 53.792171 46.899281 39.509647 31.378325 22.146717 11.506237 2.918853 0.467132 
0.011353 0.101207 0.827959 4.847844 14.759505 24.656889 33.302593 41.004242 48.059071 54.677170 61.012260 67.177971 73.268837 79.356514 85.518463 91.809029 98.304733 105.048111 112.222336 119.106674 140.976288 119.106674 112.222328 105.048111 98.304733 91.809029 85.518463 79.356491 73.268822 67.177963 61.012253 54.677162 48.059067 41.004242 33.302593 24.656891 14.759521 4.847985 0.828952 0.111534 
0.002221 0.020877 0.188491 1.393420 6.883019 17.114834 26.443331 34.622284 41.967068 48.736225 55.110260 61.224895 67.177971 73.049309 78.899918 84.793465 90.773041 96.910378 103.320969 109.935753 128.769913 109.935753 103.320969 96.910385 90.773041 84.793465 78.899910 73.049301 67.177963 61.224884 55.110252 48.736221 41.967064 34.622284 26.443333 17.114834 6.883022 1.393440 0.188672 0.022901 
0.000387 0.003779 0.036320 0.304811 2.037591 8.637191 18.680405 27.575275 35.391457 42.441147 48.959412 55.110260 61.012260 66.747131 72.381531 77.968674 83.563110 89.214622 95.126190 101.634529 118.417000 101.634521 95.126190 89.214630 83.563110 77.968674 72.381531 66.747124 61.012253 55.110252 48.959408 42.441147 35.391457 27.575275 18.680405 8.637191 2.037593 0.304814 0.036351 0.004132 
0.000061 0.000610 0.006122 0.055355 0.432335 2.632987 9.876481 19.579695 28.121674 35.643387 42.441147 48.736225 54.677170 60.365215 65.863922 71.239700 76.535637 81.844582 87.418442 94.069115 109.375191 94.069107 87.418434 81.844582 76.535637 71.239700 65.863922 60.365211 54.677162 48.736221 42.441147 35.643387 28.121674 19.579695 9.876481 2.632987 0.432336 0.055355 0.006127 0.000666 
0.000009 0.000089 0.000922 0.008745 0.074394 0.542735 3.050634 10.507806 19.873838 28.121674 35.391457 41.967064 48.059067 53.792171 59.245140 64.488075 69.583900 74.648109 80.101562 87.053902 101.312897 87.053894 80.101547 74.648109 69.583900 64.488075 59.245140 53.792175 48.059067 41.967064 35.391457 28.121674 19.873838 10.507806 3.050634 0.542735 0.074394 0.008745 0.000923 0.000097 
0.000001 0.000012 0.000126 0.001234 0.011062 0.088634 0.607023 3.200385 10.507806 19.579695 27.575275 34.622284 41.004242 46.899281 52.398552 57.599213 62.574936 67.527695 73.032707 80.520317 93.952324 80.520309 73.032700 67.527695 62.574936 57.599213 52.398556 46.899284 41.004242 34.622284 27.575275 19.579695 10.507806 3.200385 0.607023 0.088634 0.011062 0.001234 0.000126 0.000013 
0.000000 0.000001 0.000016 0.000158 0.001468 0.012430 0.093928 0.607023 3.050634 9.876481 18.680403 26.443331 33.302593 39.509647 45.175034 50.428802 55.386501 60.354916 66.153404 74.324051 87.137451 74.324043 66.153404 60.354912 55.386501 50.428802 45.175037 39.509651 33.302593 26.443333 18.680405 9.876481 3.050634 0.607023 0.093928 0.012430 0.001468 0.000158 0.000016 0.000002 
0.000000 0.000000 0.000002 0.000019 0.000177 0.001555 0.012430 0.088634 0.542735 2.632987 8.637191 17.114834 24.656891 31.378325 37.369087 42.799736 47.858345 53.031715 59.362194 68.429787 80.724045 68.429779 59.362190 53.031712 47.858345 42.799736 37.369087 31.378323 24.656891 17.114834 8.637191 2.632987 0.542735 0.088634 0.012430 0.001555 0.000177 0.000019 0.000002 0.000000 
0.000000 0.000000 0.000000 0.000002 0.000020 0.000177 0.001468 0.011062 0.074394 0.432335 2.037592 6.883021 14.759521 22.146717 28.698498 34.462906 39.810604 45.430153 52.625710 62.735352 74.670334 62.735348 52.625710 45.430157 39.810604 34.462906 28.698496 22.146715 14.759521 6.883022 2.037593 0.432336 0.074394 0.011062 0.001468 0.000177 0.000020 0.000002 0.000000 0.000000 
0.000000 0.000000 0.000000 0.000000 0.000002 0.000019 0.000158 0.001234 0.008745 0.055355 0.304814 1.393440 4.847985 11.506237 18.784338 25.076542 31.007235 37.447556 45.898830 57.301476 68.975433 57.301476 45.898830 37.447559 31.007235 25.076542 18.784338 11.506236 4.847985 1.393440 0.304814 0.055355 0.008745 0.001234 0.000158 0.000019 0.000002 0.000000 0.000000 0.000000 
0.000000 0.000000 0.000000 0.000000 0.000000 0.000002 0.000016 0.000126 0.000923 0.006127 0.036351 0.188672 0.828952 2.918853 7.634396 14.331890 21.229519 29.045647 39.339832 52.246712 63.868553 52.246712 39.339832 29.045647 21.229519 14.331890 7.634396 2.918853 0.828952 0.188672 0.036351 0.006127 0.000923 0.000126 0.000016 0.000002 0.000000 0.000000 0.000000 0.000000 
0.000000 0.000000 0.000000 0.000000 0.000000 0.000000 0.000002 0.000013 0.000097 0.000666 0.004132 0.022901 0.111534 0.467132 1.639939 4.722373 11.034385 20.997915 33.744465 48.351265 60.043144 48.351265 33.744465 20.997915 11.034385 4.722373 1.639939 0.467132 0.111534 0.022901 0.004132 0.000666 0.000097 0.000013 0.000002 0.000000 0.000000 0.000000 0.000000 0.000000 
