0.000000 0.000000 0.000000 0.000000 0.000000 0.000000 0.000000 0.000000 0.000000 0.000000 0.000000 0.000000 0.000000 0.000000 0.000000 0.000000 0.000001 0.000003 0.000009 0.000019 0.000025 0.000019 0.000009 0.000003 0.000001 0.000000 0.000000 0.000000 0.000000 0.000000 0.000000 0.000000 0.000000 0.000000 0.000000 0.000000 0.000000 0.000000 0.000000 0.000000 
0.000000 0.000000 0.000000 0.000000 0.000000 0.000000 0.000000 0.000000 0.000000 0.000000 0.000000 0.000000 0.000000 0.000000 0.000001 0.000003 0.000014 0.000048 0.000131 0.000259 0.000339 0.000259 0.000131 0.000048 0.000014 0.000003 0.000001 0.000000 0.000000 0.000000 0.000000 0.000000 0.000000 0.000000 0.000000 0.000000 0.000000 0.000000 0.000000 0.000000 
0.000000 0.000000 0.000000 0.000000 0.000000 0.000000 0.000000 0.000000 0.000000 0.000000 0.000000 0.000000 0.000000 0.000002 0.000010 0.000047 0.000197 0.000669 0.001779 0.003473 0.004524 0.003473 0.001779 0.000669 0.000197 0.000047 0.000010 0.000002 0.000000 0.000000 0.000000 0.000000 0.000000 0.000000 0.000000 0.000000 0.000000 0.000000 0.000000 0.000000 
0.000000 0.000000 0.000000 0.000000 0.000000 0.000000 0.000000 0.000000 0.000000 0.000000 0.000000 0.000000 0.000003 0.000023 0.000128 0.000622 0.002536 0.008426 0.021875 0.041849 0.053994 0.041849 0.021875 0.008426 0.002536 0.000622 0.000128 0.000023 0.000003 0.000000 0.000000 0.000000 0.000000 0.000000 0.000000 0.000000 0.000000 0.000000 0.000000 0.000000 
0.000000 0.000000 0.000000 0.000000 0.000000 0.000000 0.000000 0.000000 0.000000 0.000000 0.000001 0.000006 0.000045 0.000285 0.001576 0.007452 0.029411 0.093956 0.233798 0.430749 0.545872 0.430749 0.233798 0.093956 0.029411 0.007452 0.001576 0.000285 0.000045 0.000006 0.000001 0.000000 0.000000 0.000000 0.000000 0.000000 0.000000 0.000000 0.000000 0.000000 
0.000000 0.000000 0.000000 0.000000 0.000000 0.000000 0.000000 0.000000 0.000000 0.000001 0.000010 0.000076 0.000531 0.003279 0.017529 0.079214 0.294280 0.869064 1.969112 3.319066 4.033208 3.319067 1.969112 0.869064 0.294280 0.079214 0.017529 0.003279 0.000531 0.000076 0.000010 0.000001 0.000000 0.000000 0.000000 0.000000 0.000000 0.000000 0.000000 0.000000 
0.000000 0.000000 0.000000 0.000000 0.000000 0.000000 0.000000 0.000000 0.000001 0.000013 0.000109 0.000837 0.005703 0.033808 0.170266 0.704283 2.285517 5.543462 9.915194 13.650071 15.433580 13.650071 9.915194 5.543463 2.285517 0.704283 0.170266 0.033808 0.005703 0.000837 0.000109 0.000013 0.000001 0.000000 0.000000 0.000000 0.000000 0.000000 0.000000 0.000000 
0.000000 0.000000 0.000000 0.000000 0.000000 0.000000 0.000000 0.000001 0.000015 0.000135 0.001130 0.008391 0.054451 0.299828 1.336630 4.469926 10.344643 16.873417 21.995745 25.996965 26.797750 25.996969 21.995743 16.873417 10.344643 4.469926 1.336630 0.299828 0.054451 0.008391 0.001130 0.000135 0.000015 0.000001 0.000000 0.000000 0.000000 0.000000 0.000000 0.000000 
0.000000 0.000000 0.000000 0.000000 0.000000 0.000000 0.000001 0.000015 0.000146 0.001310 0.010542 0.074239 0.441760 2.079963 6.883561 14.475828 21.493542 27.367136 32.462639 36.350292 37.309711 36.350300 32.462639 27.367136 21.493542 14.475827 6.883561 2.079963 0.441760 0.074239 0.010542 0.001310 0.000146 0.000015 0.000001 0.000000 0.000000 0.000000 0.000000 0.000000 
0.000000 0.000000 0.000000 0.000000 0.000000 0.000001 0.000013 0.000135 0.001310 0.011368 0.086481 0.553500 2.736129 8.892720 17.265055 24.595150 30.990452 36.525070 41.439465 45.523766 46.994839 45.523769 41.439465 36.525070 30.990452 24.595148 17.265053 8.892720 2.736129 0.553500 0.086481 0.011368 0.001310 0.000135 0.000013 0.000001 0.000000 0.000000 0.000000 0.000000 
0.000000 0.000000 0.000000 0.000000 0.000001 0.000010 0.000109 0.001130 0.010542 0.086481 0.595978 3.117223 10.156769 18.942316 26.629440 33.317596 39.295616 44.610859 49.549789 53.742275 56.382111 53.742279 49.549789 44.610859 39.295620 33.317596 26.629438 18.942312 10.156767 3.117223 0.595978 0.086481 0.010542 0.001130 0.000109 0.000010 0.000001 0.000000 0.000000 0.000000 
0.000000 0.000000 0.000000 0.000000 0.000006 0.000076 0.000837 0.008391 0.074239 0.553500 3.117223 10.581544 19.737041 27.762125 34.757607 41.043140 46.751205 52.039951 56.967739 61.471367 65.551888 61.471378 56.967739 52.039951 46.751205 41.043140 34.757607 27.762121 19.737040 10.581544 3.117223 0.553500 0.074239 0.008391 0.000837 0.000076 0.000006 0.000000 0.000000 0.000000 
0.000000 0.000000 0.000000 0.000003 0.000045 0.000531 0.005703 0.054451 0.441760 2.736129 10.156767 19.737040 28.124290 35.446091 42.028069 48.052475 53.683769 58.960083 64.063599 68.715836 74.899323 68.715836 64.063599 58.960079 53.683769 48.052479 42.028069 35.446091 28.124289 19.737040 10.156765 2.736128 0.441760 0.054451 0.005703 0.000531 0.000045 0.000003 0.000000 0.000000 
0.000000 0.000000 0.000002 0.000023 0.000285 0.003279 0.033808 0.299828 2.079963 8.892720 18.942312 27.762121 35.446091 42.348484 48.671394 54.610531 60.216305 65.645630 70.864105 75.802063 84.440552 75.802063 70.864105 65.645630 60.216305 54.610538 48.671394 42.348484 35.446091 27.762121 18.942312 8.892720 2.079963 0.299828 0.033808 0.003279 0.000285 0.000023 0.000002 0.000000 
0.000000 0.000001 0.000010 0.000128 0.001576 0.017529 0.170266 1.336630 6.883561 17.265055 26.629440 34.757607 42.028069 48.671394 54.909016 60.823158 66.560181 72.114891 77.691071 82.672401 94.601151 82.672409 77.691071 72.114891 66.560181 60.823166 54.909016 48.671394 42.028069 34.757607 26.629438 17.265053 6.883560 1.336630 0.170266 0.017529 0.001576 0.000128 0.000010 0.000001 
0.000000 0.000003 0.000047 0.000622 0.007452 0.079214 0.704283 4.469926 14.475828 24.595150 33.317596 41.043140 48.052479 54.610531 60.823158 66.862236 72.729080 78.617981 84.463646 89.677895 105.408607 89.677902 84.463654 78.617981 72.729080 66.862236 60.823158 54.610531 48.052475 41.043140 33.317596 24.595148 14.475827 4.469926 0.704283 0.079214 0.007452 0.000622 0.000047 0.000004 
0.000001 0.000014 0.000197 0.002536 0.029411 0.294280 2.285517 10.344643 21.493542 30.990452 39.295616 46.751205 53.683769 60.216301 66.560173 72.729080 78.926369 85.068687 91.552551 96.774452 117.325981 96.774452 91.552551 85.068687 78.926376 72.729080 66.560181 60.216305 53.683769 46.751205 39.295620 30.990452 21.493542 10.344643 2.285517 0.294280 0.029411 0.002536 0.000197 0.000015 
0.000003 0.000048 0.000669 0.008426 0.093956 0.869064 5.543462 16.873417 27.367136 36.525070 44.610859 52.039951 58.960075 65.645630 72.114891 78.617981 85.068687 91.750877 98.772667 104.184036 130.271347 104.184044 98.772675 91.750877 85.068695 78.617981 72.114891 65.645630 58.960079 52.039951 44.610859 36.525070 27.367136 16.873417 5.543463 0.869064 0.093956 0.008426 0.000669 0.000052 
0.000009 0.000131 0.001779 0.021875 0.233798 1.969112 9.915194 21.995745 32.462639 41.439465 49.549789 56.967739 64.063591 70.864105 77.691071 84.463654 91.552544 98.772667 106.851723 112.691368 147.457352 112.691376 106.851738 98.772675 91.552551 84.463654 77.691063 70.864105 64.063599 56.967739 49.549793 41.439465 32.462639 21.995741 9.915194 1.969112 0.233798 0.021875 0.001779 0.000140 
0.000019 0.000259 0.003473 0.041849 0.430749 3.319066 13.650071 25.996965 36.350296 45.523769 53.742275 61.471375 68.715836 75.802063 82.672401 89.677895 96.774445 104.184036 112.691360 118.604057 157.677628 118.604065 112.691376 104.184044 96.774452 89.677902 82.672409 75.802063 68.715836 61.471378 53.742275 45.523769 36.350300 25.996967 13.650071 3.319067 0.430749 0.041850 0.003474 0.000276 
0.000025 0.000339 0.004524 0.053994 0.545872 4.033208 15.433584 26.797749 37.309708 46.994831 56.382107 65.551872 74.899315 84.440544 94.601135 105.408592 117.325974 130.271347 147.457336 157.677612 297.910278 157.677658 147.457367 130.271362 117.325981 105.408592 94.601135 84.440544 74.899300 65.551865 56.382103 46.994835 37.309711 26.797750 15.433580 4.033208 0.545872 0.053994 0.004526 0.000362 
0.000019 0.000259 0.003473 0.041849 0.430749 3.319067 13.650071 25.996967 36.350300 45.523769 53.742275 61.471375 68.715836 75.802063 82.672401 89.677895 96.774452 104.184036 112.691368 118.604057 157.677658 118.604065 112.691376 104.184036 96.774452 89.677895 82.672401 75.802063 68.715836 61.471371 53.742275 45.523769 36.350300 25.996965 13.650072 3.319067 0.430749 0.041850 0.003474 0.000276 
0.000009 0.000131 0.001779 0.021875 0.233798 1.969112 9.915194 21.995745 32.462639 41.439465 49.549789 56.967739 64.063591 70.864105 77.691071 84.463654 91.552551 98.772667 106.851730 112.691368 147.457367 112.691376 106.851738 98.772675 91.552551 84.463654 77.691071 70.864105 64.063599 56.967739 49.549789 41.439465 32.462639 21.995743 9.915194 1.969112 0.233798 0.021875 0.001779 0.000140 
0.000003 0.000048 0.000669 0.008426 0.093956 0.869064 5.543462 16.873417 27.367136 36.525070 44.610859 52.039951 58.960072 65.645630 72.114891 78.617981 85.068695 91.750877 98.772667 104.184036 130.271378 104.184044 98.772675 91.750885 85.068695 78.617989 72.114899 65.645630 58.960079 52.039951 44.610859 36.525070 27.367136 16.873417 5.543463 0.869064 0.093956 0.008426 0.000669 0.000052 
0.000001 0.000014 0.000197 0.002536 0.029411 0.294280 2.285517 10.344643 21.493542 30.990452 39.295616 46.751205 53.683769 60.216301 66.560173 72.729080 78.926369 85.068687 91.552551 96.774452 117.325989 96.774452 91.552551 85.068695 78.926376 72.729088 66.560181 60.216305 53.683769 46.751205 39.295620 30.990452 21.493542 10.344643 2.285517 0.294280 0.029411 0.002536 0.000197 0.000015 
0.000000 0.000003 0.000047 0.000622 0.007452 0.079214 0.704283 4.469926 14.475828 24.595152 33.317600 41.043140 48.052475 54.610531 60.823154 66.862236 72.729080 78.617981 84.463654 89.677895 105.408607 89.677902 84.463654 78.617989 72.729088 66.862244 60.823166 54.610538 48.052479 41.043140 33.317596 24.595148 14.475827 4.469926 0.704283 0.079214 0.007452 0.000622 0.000047 0.000004 
0.000000 0.000001 0.000010 0.000128 0.001576 0.017529 0.170266 1.336630 6.883560 17.265055 26.629440 34.757607 42.028069 48.671391 54.909004 60.823154 66.560173 72.114883 77.691063 82.672401 94.601151 82.672409 77.691071 72.114899 66.560181 60.823166 54.909019 48.671398 42.028069 34.757607 26.629438 17.265053 6.883560 1.336630 0.170266 0.017529 0.001576 0.000128 0.000010 0.000001 
0.000000 0.000000 0.000002 0.000023 0.000285 0.003279 0.033808 0.299828 2.079963 8.892720 18.942314 27.762121 35.446091 42.348480 48.671387 54.610531 60.216301 65.645622 70.864105 75.802063 84.440552 75.802063 70.864105 65.645630 60.216305 54.610538 48.671398 42.348492 35.446091 27.762119 18.942312 8.892720 2.079963 0.299828 0.033808 0.003279 0.000285 0.000023 0.000002 0.000000 
0.000000 0.000000 0.000000 0.000003 0.000045 0.000531 0.005703 0.054451 0.441760 2.736129 10.156767 19.737038 28.124287 35.446087 42.028065 48.052475 53.683769 58.960072 64.063591 68.715836 74.899300 68.715836 64.063599 58.960079 53.683769 48.052479 42.028069 35.446091 28.124290 19.737041 10.156769 2.736129 0.441760 0.054451 0.005703 0.000531 0.000045 0.000003 0.000000 0.000000 
0.000000 0.000000 0.000000 0.000000 0.000006 0.000076 0.000837 0.008391 0.074239 0.553500 3.117223 10.581543 19.737038 27.762123 34.757610 41.043140 46.751205 52.039951 56.967739 61.471378 65.551865 61.471375 56.967739 52.039951 46.751205 41.043140 34.757607 27.762119 19.737041 10.581544 3.117223 0.553500 0.074239 0.008391 0.000837 0.000076 0.000006 0.000000 0.000000 0.000000 
0.000000 0.000000 0.000000 0.000000 0.000001 0.000010 0.000109 0.001130 0.010542 0.086481 0.595978 3.117223 10.156765 18.942314 26.629440 33.317596 39.295616 44.610859 49.549793 53.742279 56.382103 53.742275 49.549789 44.610859 39.295620 33.317596 26.629438 18.942312 10.156769 3.117223 0.595978 0.086481 0.010542 0.001130 0.000109 0.000010 0.000001 0.000000 0.000000 0.000000 
0.000000 0.000000 0.000000 0.000000 0.000000 0.000001 0.000013 0.000135 0.001310 0.011368 0.086481 0.553499 2.736127 8.892718 17.265055 24.595150 30.990452 36.525070 41.439468 45.523777 46.994835 45.523769 41.439465 36.525070 30.990452 24.595148 17.265053 8.892720 2.736129 0.553500 0.086481 0.011368 0.001310 0.000135 0.000013 0.000001 0.000000 0.000000 0.000000 0.000000 
0.000000 0.000000 0.000000 0.000000 0.000000 0.000000 0.000001 0.000015 0.000146 0.001310 0.010542 0.074239 0.441760 2.079963 6.883560 14.475828 21.493542 27.367136 32.462639 36.350300 37.309711 36.350300 32.462639 27.367136 21.493542 14.475827 6.883560 2.079963 0.441760 0.074239 0.010542 0.001310 0.000146 0.000015 0.000001 0.000000 0.000000 0.000000 0.000000 0.000000 
0.000000 0.000000 0.000000 0.000000 0.000000 0.000000 0.000000 0.000001 0.000015 0.000135 0.001130 0.008391 0.054451 0.299828 1.336630 4.469926 10.344643 16.873417 21.995745 25.996967 26.797750 25.996965 21.995743 16.873417 10.344643 4.469926 1.336630 0.299828 0.054451 0.008391 0.001130 0.000135 0.000015 0.000001 0.000000 0.000000 0.000000 0.000000 0.000000 0.000000 
0.000000 0.000000 0.000000 0.000000 0.000000 0.000000 0.000000 0.000000 0.000001 0.000013 0.000109 0.000837 0.005703 0.033808 0.170266 0.704283 2.285517 5.543463 9.915194 13.650071 15.433580 13.650072 9.915194 5.543463 2.285517 0.704283 0.170266 0.033808 0.005703 0.000837 0.000109 0.000013 0.000001 0.000000 0.000000 0.000000 0.000000 0.000000 0.000000 0.000000 
0.000000 0.000000 0.000000 0.000000 0.000000 0.000000 0.000000 0.000000 0.000000 0.000001 0.000010 0.000076 0.000531 0.003279 0.017529 0.079214 0.294280 0.869064 1.969112 3.319067 4.033208 3.319067 1.969112 0.869064 0.294280 0.079214 0.017529 0.003279 0.000531 0.000076 0.000010 0.000001 0.000000 0.000000 0.000000 0.000000 0.000000 0.000000 0.000000 0.000000 
0.000000 0.000000 0.000000 0.000000 0.000000 0.000000 0.000000 0.000000 0.000000 0.000000 0.000001 0.000006 0.000045 0.000285 0.001576 0.007452 0.029411 0.093956 0.233798 0.430749 0.545872 0.430749 0.233798 0.093956 0.029411 0.007452 0.001576 0.000285 0.000045 0.000006 0.000001 0.000000 0.000000 0.000000 0.000000 0.000000 0.000000 0.000000 0.000000 0.000000 
0.000000 0.000000 0.000000 0.000000 0.000000 0.000000 0.000000 0.000000 0.000000 0.000000 0.000000 0.000000 0.000003 0.000023 0.000128 0.000622 0.002536 0.008426 0.021875 0.041850 0.053994 0.041850 0.021875 0.008426 0.002536 0.000622 0.000128 0.000023 0.000003 0.000000 0.000000 0.000000 0.000000 0.000000 0.000000 0.000000 0.000000 0.000000 0.000000 0.000000 
0.000000 0.000000 0.000000 0.000000 0.000000 0.000000 0.000000 0.000000 0.000000 0.000000 0.000000 0.000000 0.000000 0.000002 0.000010 0.000047 0.000197 0.000669 0.001779 0.003474 0.004526 0.003474 0.001779 0.000669 0.000197 0.000047 0.000010 0.000002 0.000000 0.000000 0.000000 0.000000 0.000000 0.000000 0.000000 0.000000 0.000000 0.000000 0.000000 0.000000 
0.000000 0.000000 0.000000 0.000000 0.000000 0.000000 0.000000 0.000000 0.000000 0.000000 0.000000 0.000000 0.000000 0.000000 0.000001 0.000004 0.000015 0.000052 0.000140 0.000276 0.000362 0.000276 0.000140 0.000052 0.000015 0.000004 0.000001 0.000000 0.000000 0.000000 0.000000 0.000000 0.000000 0.000000 0.000000 0.000000 0.000000 0.000000 0.000000 0.000000 
