0.000000 0.000000 0.000000 0.000001 0.000012 0.000102 0.000785 0.005583 0.036238 0.211911 1.096021 4.878398 17.988565 52.307617 113.074539 183.542053 249.671234 309.340912 365.575867 386.193848 608.701050 386.193939 365.575897 309.341003 249.671265 183.542084 113.074570 52.307636 17.988567 4.878398 1.096021 0.211911 0.036238 0.005583 0.000785 0.000102 0.000012 0.000001 0.000000 0.000000 
0.000000 0.000000 0.000001 0.000013 0.000114 0.000932 0.007013 0.048190 0.297689 1.612883 7.329832 25.672382 62.055439 104.540962 150.103882 204.820862 262.035919 317.111511 370.736023 391.062408 608.599976 391.062439 370.736053 317.111511 262.035950 204.820923 150.103928 104.541008 62.055439 25.672382 7.329832 1.612883 0.297689 0.048190 0.007013 0.000932 0.000114 0.000013 0.000001 0.000000 
0.000000 0.000001 0.000014 0.000126 0.001088 0.008658 0.062945 0.410741 2.333290 10.854527 36.636929 79.084831 118.611786 153.451492 188.563156 230.841705 278.884521 328.378143 378.612518 398.596436 608.425659 398.596466 378.612549 328.378143 278.884521 230.841766 188.563202 153.451508 118.611771 79.084831 36.636929 10.854527 2.333290 0.410741 0.062945 0.008658 0.001088 0.000126 0.000014 0.000002 
0.000001 0.000013 0.000126 0.001146 0.009620 0.073832 0.507959 3.020315 14.349365 46.624073 92.178413 131.549759 165.514435 195.204956 224.135864 257.844299 297.938904 341.830414 388.298981 407.991974 608.182617 407.991974 388.298981 341.830414 297.938904 257.844360 224.135864 195.204956 165.514435 131.549759 92.178413 46.624073 14.349365 3.020315 0.507959 0.073832 0.009620 0.001146 0.000126 0.000014 
0.000012 0.000114 0.001088 0.009620 0.077847 0.564391 3.516472 17.134571 54.250591 101.254662 141.151398 175.199188 204.957397 231.419510 256.694153 284.728455 318.393951 356.968109 399.562744 418.971497 607.863342 418.971527 399.562775 356.968170 318.393982 284.728485 256.694214 231.419510 204.957397 175.199188 141.151398 101.254669 54.250591 17.134571 3.516472 0.564391 0.077847 0.009620 0.001089 0.000125 
0.000102 0.000932 0.008658 0.073832 0.564391 3.697567 18.671770 58.930325 106.981796 147.637268 182.145477 212.322937 239.240677 263.621765 286.704376 311.121918 339.854187 373.660461 412.305237 431.473724 607.451660 431.473724 412.305237 373.660461 339.854187 311.121918 286.704437 263.621796 239.240677 212.322937 182.145477 147.637268 106.981796 58.930325 18.671770 3.697567 0.564391 0.073833 0.008667 0.001024 
0.000785 0.007013 0.062945 0.507959 3.516472 18.671770 60.498001 109.765213 151.361588 186.617218 217.372726 244.882889 269.882294 292.898132 314.683319 336.900543 362.093170 391.814484 426.675598 445.554901 606.917969 445.554901 426.675598 391.814484 362.093201 336.900574 314.683350 292.898132 269.882294 244.882889 217.372726 186.617218 151.361588 109.765213 60.498001 18.671770 3.516472 0.507965 0.063013 0.007723 
0.005583 0.048190 0.410741 3.020315 17.134571 58.930325 109.765213 152.575256 188.797852 220.337463 248.512573 274.182129 297.888611 320.028839 341.086975 362.082764 384.914612 411.403961 442.717194 461.323425 606.216675 461.323456 442.717224 411.404022 384.914642 362.082794 341.087036 320.028839 297.888611 274.182129 248.512543 220.337433 188.797821 152.575256 109.765213 58.930325 17.134577 3.020359 0.411233 0.053233 
0.036238 0.297689 2.333290 14.349365 54.250591 106.981796 151.361588 188.797821 221.314377 250.300812 276.688385 301.102905 323.966400 345.594086 366.318237 386.746857 408.200073 432.300201 460.591644 478.861694 605.270386 478.861725 460.591675 432.300262 408.200073 386.746857 366.318268 345.594086 323.966400 301.102844 276.688354 250.300812 221.314377 188.797852 151.361603 106.981827 54.250652 14.349743 2.336623 0.330330 
0.211911 1.612883 10.854527 46.624073 101.254662 147.637268 186.617233 220.337433 250.300812 277.513367 302.672791 326.263672 348.621277 370.025085 390.698334 411.028015 431.832214 454.415222 480.238953 498.213806 603.951660 498.213867 480.238983 454.415253 431.832245 411.028015 390.698364 370.025085 348.621216 326.263672 302.672791 277.513367 250.300812 220.337433 186.617233 147.637390 101.255371 46.627651 10.877106 1.803938 
1.096021 7.329832 36.636929 92.178413 141.151398 182.145477 217.372726 248.512543 276.688385 302.672821 327.013367 350.108276 372.242706 393.651917 414.511078 435.050079 455.778625 477.522949 501.617249 519.248962 602.029785 519.249023 501.617279 477.522949 455.778625 435.050079 414.511108 393.651917 372.242676 350.108215 327.013367 302.672821 276.688538 248.513245 217.373962 182.149002 141.161789 92.215530 36.808804 8.353920 
4.878398 25.672382 79.084831 131.549759 175.199188 212.322937 244.882889 274.182129 301.102905 326.263672 350.108276 372.979828 395.125153 416.739563 437.963348 458.953735 479.947205 501.444427 524.353027 541.608887 599.070435 541.608887 524.353027 501.444458 479.947205 458.953735 437.963318 416.739563 395.125183 372.979889 350.109497 326.266174 301.107605 274.192017 244.900909 212.372681 175.334747 131.937973 80.352043 30.910448 
17.988565 62.055439 118.611786 165.514435 204.957397 239.240677 269.882294 297.888611 323.966400 348.621277 372.242706 395.125153 417.482056 439.471985 461.223633 482.794220 504.291992 525.793152 547.917969 564.429321 594.194946 564.429321 547.917969 525.793213 504.292023 482.794342 461.223969 439.472900 417.484192 395.129456 372.254211 348.643616 324.011475 297.995270 270.126892 239.807404 206.265625 168.597748 126.250397 83.208504 
52.307617 104.540962 153.451492 195.204956 231.419510 263.621765 292.898132 320.028839 345.594086 370.025085 393.651917 416.739563 439.471985 461.996704 484.370178 506.608612 528.573914 550.065918 571.111450 586.024414 585.507568 586.024414 571.111450 550.066040 528.574280 506.609497 484.372681 462.002960 439.489441 416.778351 393.743195 370.228088 346.028320 320.936462 294.734497 267.261932 238.473450 208.643295 178.910034 153.656479 
113.074554 150.103882 188.563156 224.135864 256.694153 286.704376 314.683319 341.086975 366.318237 390.698334 414.511078 437.963318 461.223633 484.370209 507.425140 530.199341 552.389893 573.177612 591.960938 603.253906 569.190674 603.253967 591.961121 573.178650 552.392944 530.208008 507.447540 484.424255 461.345764 438.226868 415.060547 391.787140 368.385742 344.866516 321.330017 297.974670 275.155701 253.452469 233.979584 219.486679 
183.542053 204.820877 230.841736 257.844299 284.728455 311.121918 336.900543 362.082764 386.746857 411.027985 435.050079 458.953735 482.794220 506.608612 530.199341 553.214600 574.776794 593.337036 606.761597 610.460449 539.860901 610.460449 606.762329 593.341553 574.792542 553.258789 530.311096 506.861328 483.324219 459.993286 436.989594 414.460541 392.530273 371.391113 351.242615 332.332458 314.926392 299.398773 286.402527 277.502472 
249.671234 262.035919 278.884521 297.938904 318.393951 339.854187 362.093170 384.914612 408.200073 431.832214 455.778625 479.947205 504.291992 528.573914 552.389893 574.776794 594.079346 607.213745 609.641663 599.337036 499.940796 599.334961 609.639954 607.222961 594.127075 574.925110 552.755371 529.358398 505.818390 482.688660 460.400604 439.186066 419.292603 400.862396 384.041260 368.898804 355.540985 344.095703 334.941315 328.989624 
309.340912 317.111511 328.378143 341.830414 356.968109 373.660461 391.814484 411.403961 432.300201 454.415222 477.522949 501.444427 525.793152 550.065918 573.177612 593.337036 607.213745 609.623047 593.624939 564.586060 465.787476 564.573486 593.600586 609.607300 607.282715 593.648926 573.995361 551.777832 528.922974 506.629578 485.486328 465.908051 448.016449 431.930664 417.599487 405.024780 394.149536 385.059265 377.964935 373.525116 
365.575867 370.736023 378.612518 388.298981 399.562744 412.305237 426.675598 442.717163 460.591644 480.238953 501.617249 524.352966 547.917969 571.111389 591.960938 606.761597 609.641663 593.624878 555.119507 512.828674 446.438721 512.793884 555.006958 593.421753 609.532837 607.177185 593.512329 574.498352 553.858704 533.513672 514.566223 497.378296 482.150085 468.753632 457.142883 447.109833 438.629761 431.639160 426.336243 423.081940 
386.193848 391.062408 398.596436 407.991974 418.971497 431.473694 445.554871 461.323425 478.861694 498.213806 519.248962 541.608887 564.429321 586.024414 603.253906 610.460449 599.337036 564.586060 512.828674 473.493408 437.765106 473.443817 512.611450 564.095703 598.871460 610.439087 603.869751 587.606323 567.623535 547.137451 527.773682 510.167145 494.537903 480.824646 468.942505 458.721680 450.109009 443.057312 437.745789 434.517944 
608.701050 608.599976 608.425659 608.182556 607.863342 607.451660 606.917969 606.216675 605.270386 603.951660 602.029785 599.070374 594.194885 585.507507 569.190674 539.860901 499.940796 465.787476 446.438721 437.765106 431.938354 437.718506 445.798950 460.556244 478.486908 493.815735 504.435669 511.498566 516.376526 519.892944 522.522644 524.549500 526.145874 527.428711 528.469360 529.320618 530.011292 530.558655 530.960938 531.197998 
386.193970 391.062500 398.596497 407.992004 418.971527 431.473724 445.554901 461.323456 478.861694 498.213867 519.249023 541.608887 564.429321 586.024414 603.254028 610.460449 599.334961 564.573486 512.793823 473.443817 437.718506 473.394379 512.578064 564.083923 598.869263 610.439087 603.869812 587.606323 567.623535 547.137451 527.773682 510.167145 494.537903 480.824646 468.942505 458.721680 450.109009 443.057312 437.745789 434.517944 
365.575928 370.736115 378.612549 388.299011 399.562775 412.305237 426.675598 442.717224 460.591675 480.238983 501.617249 524.353027 547.917969 571.111450 591.961121 606.762329 609.639954 593.600586 555.006958 512.611450 445.798950 512.578064 554.895874 593.396973 609.531128 607.177856 593.512512 574.498352 553.858643 533.513672 514.566162 497.378265 482.150085 468.753632 457.142883 447.109833 438.629761 431.639160 426.336243 423.081940 
309.341034 317.111572 328.378174 341.830444 356.968140 373.660461 391.814484 411.403992 432.300232 454.415222 477.522919 501.444427 525.793152 550.066040 573.178589 593.341553 607.222961 609.607300 593.421753 564.095703 460.556244 564.083923 593.396973 609.591492 607.291870 593.653320 573.996216 551.777954 528.922974 506.629578 485.486298 465.908020 448.016449 431.930664 417.599396 405.024719 394.149506 385.059265 377.964966 373.525116 
249.671310 262.036011 278.884521 297.938904 318.394043 339.854187 362.093201 384.914612 408.200012 431.832184 455.778564 479.947144 504.291962 528.574219 552.392944 574.792542 594.127075 607.282715 609.532837 598.871460 478.486908 598.869263 609.531128 607.291870 594.174805 574.940613 552.758484 529.358765 505.818420 482.688660 460.400604 439.186066 419.292603 400.862366 384.041260 368.898773 355.540985 344.095703 334.941315 328.989624 
183.542114 204.820938 230.841766 257.844360 284.728485 311.121918 336.900574 362.082794 386.746826 411.027985 435.050049 458.953735 482.794342 506.609497 530.208008 553.258789 574.925110 593.648926 607.177185 610.439087 493.815735 610.439087 607.177856 593.653320 574.940613 553.304016 530.320007 506.862213 483.324310 459.993286 436.989594 414.460541 392.530273 371.391113 351.242615 332.332458 314.926392 299.398773 286.402527 277.502472 
113.074570 150.103928 188.563202 224.135864 256.694153 286.704376 314.683319 341.086975 366.318237 390.698334 414.511078 437.963318 461.223938 484.372681 507.447540 530.311096 552.755371 573.995361 593.512329 603.869751 504.435669 603.869812 593.512512 573.996216 552.758484 530.320007 507.469788 484.426697 461.346069 438.226898 415.060547 391.787140 368.385742 344.866516 321.329987 297.974640 275.155701 253.452469 233.979584 219.486694 
52.307648 104.541023 153.451523 195.204956 231.419510 263.621796 292.898132 320.028839 345.594086 370.025085 393.651917 416.739563 439.472900 462.002960 484.424286 506.861328 529.358337 551.777832 574.498352 587.606323 511.498474 587.606323 574.498352 551.777954 529.358765 506.862213 484.426697 462.009094 439.490479 416.778381 393.743195 370.228088 346.028320 320.936462 294.734497 267.261932 238.473434 208.643280 178.910019 153.656479 
17.988567 62.055443 118.611771 165.514435 204.957397 239.240677 269.882294 297.888611 323.966400 348.621277 372.242706 395.125183 417.484192 439.489502 461.345764 483.324219 505.818390 528.922974 553.858704 567.623535 516.376221 567.623535 553.858643 528.922974 505.818420 483.324280 461.346069 439.490479 417.486450 395.129517 372.254211 348.643616 324.011475 297.995270 270.126892 239.807404 206.265625 168.597748 126.250397 83.208504 
4.878398 25.672382 79.084831 131.549759 175.199188 212.322937 244.882889 274.182129 301.102844 326.263672 350.108215 372.979919 395.129456 416.778351 438.226898 459.993317 482.688660 506.629578 533.513672 547.137451 519.892883 547.137451 533.513672 506.629578 482.688660 459.993286 438.226898 416.778381 395.129517 372.979980 350.109528 326.266174 301.107605 274.191986 244.900848 212.372681 175.334763 131.937973 80.352043 30.910448 
1.096021 7.329832 36.636929 92.178413 141.151398 182.145508 217.372726 248.512573 276.688354 302.672791 327.013367 350.109528 372.254211 393.743195 415.060577 436.989624 460.400604 485.486328 514.566223 527.773682 522.522644 527.773682 514.566223 485.486328 460.400635 436.989594 415.060547 393.743195 372.254211 350.109528 327.013367 302.672821 276.688538 248.513229 217.373932 182.148987 141.161774 92.215530 36.808804 8.353920 
0.211911 1.612883 10.854528 46.624073 101.254662 147.637283 186.617218 220.337463 250.300812 277.513367 302.672821 326.266174 348.643616 370.228088 391.787140 414.460541 439.186096 465.908051 497.378296 510.167175 524.549438 510.167175 497.378296 465.908081 439.186096 414.460541 391.787140 370.228088 348.643616 326.266174 302.672821 277.513367 250.300812 220.337433 186.617218 147.637375 101.255348 46.627651 10.877106 1.803938 
0.036238 0.297689 2.333290 14.349365 54.250591 106.981827 151.361603 188.797852 221.314377 250.300812 276.688538 301.107605 324.011475 346.028320 368.385742 392.530273 419.292633 448.016449 482.150085 494.537903 526.145935 494.537903 482.150085 448.016449 419.292633 392.530304 368.385742 346.028320 324.011475 301.107605 276.688538 250.300812 221.314362 188.797821 151.361588 106.981812 54.250660 14.349743 2.336623 0.330330 
0.005583 0.048190 0.410741 3.020315 17.134573 58.930340 109.765213 152.575256 188.797852 220.337433 248.513229 274.191986 297.995270 320.936462 344.866516 371.391113 400.862335 431.930664 468.753632 480.824646 527.428894 480.824646 468.753632 431.930664 400.862396 371.391174 344.866516 320.936462 297.995270 274.191986 248.513229 220.337433 188.797821 152.575226 109.765198 58.930325 17.134577 3.020359 0.411233 0.053233 
0.000785 0.007013 0.062945 0.507959 3.516472 18.671770 60.498001 109.765213 151.361603 186.617233 217.373947 244.900848 270.126892 294.734436 321.329987 351.242615 384.041260 417.599426 457.142883 468.942505 528.469360 468.942505 457.142883 417.599396 384.041260 351.242615 321.329987 294.734497 270.126892 244.900848 217.373932 186.617218 151.361588 109.765198 60.497993 18.671770 3.516472 0.507965 0.063013 0.007723 
0.000102 0.000932 0.008658 0.073832 0.564391 3.697567 18.671770 58.930325 106.981827 147.637390 182.149002 212.372681 239.807404 267.261902 297.974579 332.332458 368.898773 405.024750 447.109833 458.721680 529.320618 458.721680 447.109833 405.024719 368.898773 332.332458 297.974640 267.261932 239.807404 212.372681 182.148987 147.637375 106.981812 58.930325 18.671770 3.697567 0.564391 0.073833 0.008667 0.001024 
0.000012 0.000114 0.001088 0.009620 0.077847 0.564391 3.516472 17.134577 54.250652 101.255371 141.161789 175.334747 206.265625 238.473434 275.155701 314.926392 355.541016 394.149536 438.629791 450.109039 530.011292 450.108978 438.629761 394.149506 355.541016 314.926392 275.155701 238.473434 206.265625 175.334763 141.161774 101.255348 54.250660 17.134577 3.516472 0.564391 0.077847 0.009620 0.001089 0.000125 
0.000001 0.000013 0.000126 0.001146 0.009620 0.073833 0.507965 3.020359 14.349743 46.627651 92.215530 131.937973 168.597748 208.643295 253.452469 299.398773 344.095703 385.059326 431.639191 443.057312 530.558655 443.057281 431.639160 385.059235 344.095612 299.398712 253.452469 208.643295 168.597748 131.937973 92.215530 46.627651 14.349743 3.020359 0.507965 0.073833 0.009620 0.001146 0.000126 0.000014 
0.000000 0.000001 0.000014 0.000126 0.001089 0.008667 0.063013 0.411233 2.336623 10.877106 36.808804 80.352043 126.250397 178.910019 233.979584 286.402527 334.941315 377.964935 426.336243 437.745789 530.960938 437.745789 426.336212 377.964905 334.941223 286.402466 233.979553 178.910034 126.250397 80.352043 36.808804 10.877106 2.336623 0.411233 0.063013 0.008667 0.001089 0.000126 0.000014 0.000002 
0.000000 0.000000 0.000002 0.000014 0.000125 0.001024 0.007723 0.053233 0.330330 1.803938 8.353920 30.910448 83.208504 153.656479 219.486694 277.502472 328.989624 373.525116 423.081940 434.517944 531.197998 434.517883 423.081909 373.525085 328.989624 277.502472 219.486664 153.656479 83.208504 30.910448 8.353920 1.803938 0.330330 0.053233 0.007723 0.001024 0.000125 0.000014 0.000002 0.000000 
