0.000000 0.000000 0.000000 0.000000 0.000002 0.000018 0.000136 0.000968 0.006286 0.036758 0.190181 0.847797 3.143132 9.274560 20.612034 34.665035 48.952553 63.018185 77.618454 83.386436 223.138474 83.386452 77.618462 63.018204 48.952564 34.665043 20.612040 9.274563 3.143132 0.847797 0.190181 0.036758 0.006286 0.000968 0.000136 0.000018 0.000002 0.000000 0.000000 0.000000 
0.000000 0.000000 0.000000 0.000002 0.000020 0.000162 0.001216 0.008359 0.051639 0.279924 1.275089 4.500074 11.049549 18.978439 27.861706 39.132790 51.765327 64.948982 79.038559 84.786758 223.458694 84.786766 79.038567 64.948990 51.765335 39.132801 27.861715 18.978447 11.049549 4.500074 1.275089 0.279924 0.051639 0.008359 0.001216 0.000162 0.000020 0.000002 0.000000 0.000000 
0.000000 0.000000 0.000002 0.000022 0.000189 0.001502 0.010918 0.071252 0.405072 1.890976 6.451923 14.189351 21.676954 28.530470 35.707623 44.758839 55.679825 67.794518 81.236046 86.984779 223.991348 86.984787 81.236053 67.794525 55.679832 44.758854 35.707630 28.530474 21.676952 14.189351 6.451923 1.890976 0.405072 0.071252 0.010918 0.001502 0.000189 0.000022 0.000002 0.000000 
0.000000 0.000002 0.000022 0.000199 0.001669 0.012806 0.088120 0.524490 2.503425 8.246004 16.637810 24.192762 30.963812 37.097881 43.290012 50.805222 60.228756 71.267609 83.990356 89.781425 224.697617 89.781425 83.990364 71.267616 60.228764 50.805229 43.290016 37.097881 30.963812 24.192762 16.637810 8.246004 2.503425 0.524490 0.088120 0.012806 0.001669 0.000199 0.000022 0.000002 
0.000002 0.000020 0.000189 0.001669 0.013503 0.097912 0.610772 2.992794 9.626703 18.353231 26.081856 32.941513 39.160217 44.884823 50.542427 57.059925 65.269371 75.281593 87.269867 93.133156 225.570709 93.133171 87.269875 75.281601 65.269379 57.059933 50.542435 44.884823 39.160217 32.941513 26.081856 18.353233 9.626703 2.992794 0.610772 0.097912 0.013503 0.001669 0.000189 0.000022 
0.000018 0.000162 0.001502 0.012806 0.097912 0.642274 3.263373 10.478590 19.443548 27.368874 34.373600 40.734352 46.614746 52.127972 57.529240 63.457104 70.751419 79.849472 91.087402 97.069023 226.621216 97.069031 91.087402 79.849472 70.751419 63.457108 57.529251 52.127975 46.614746 40.734352 34.373600 27.368874 19.443548 10.478590 3.263373 0.642274 0.097912 0.012806 0.001503 0.000178 
0.000136 0.001216 0.010918 0.088120 0.610772 3.263373 10.764771 19.975691 28.111980 35.301662 41.822002 47.874092 53.574635 59.010960 64.341309 69.983849 76.667107 85.004211 95.543098 101.670464 227.881729 101.670464 95.543098 85.004211 76.667114 69.983864 64.341316 59.010960 53.574635 47.874092 41.822002 35.301662 28.111980 19.975691 10.764771 3.263373 0.610772 0.088121 0.010930 0.001340 
0.000968 0.008359 0.071252 0.524490 2.992794 10.478590 19.975691 28.354795 35.756004 42.463821 48.689381 54.575958 60.215427 65.678925 71.072235 76.663948 83.020271 90.812912 100.728157 107.063263 229.402206 107.063271 100.728165 90.812927 83.020279 76.663956 71.072243 65.678917 60.215427 54.575951 48.689377 42.463818 35.756001 28.354795 19.975691 10.478590 2.992795 0.524497 0.071338 0.009233 
0.006286 0.051639 0.405072 2.503425 9.626703 19.443548 28.111980 35.756001 42.675846 49.092560 55.162548 60.996311 66.672127 72.253632 77.820152 83.543777 89.843605 97.333900 106.807167 113.408264 231.267349 113.408279 106.807175 97.333923 89.843613 83.543777 77.820160 72.253632 66.672119 60.996307 55.162544 49.092560 42.675846 35.756004 28.111984 19.443554 9.626714 2.503491 0.405652 0.057302 
0.036758 0.279924 1.890976 8.246004 18.353231 27.368874 35.301666 42.463818 49.092560 55.356129 61.379181 67.254738 73.052795 78.840378 84.680573 90.698334 97.183556 104.667191 113.924248 120.922768 233.603027 120.922783 113.924263 104.667198 97.183563 90.698334 84.680580 78.840378 73.052788 67.254738 61.379181 55.356129 49.092560 42.463818 35.301666 27.368900 18.353365 8.246649 1.894928 0.313108 
0.190181 1.275089 6.451923 16.637810 26.081856 34.373600 41.822002 48.689377 55.162548 61.379185 67.445366 73.447029 79.454514 85.537025 91.759613 98.219627 105.135628 112.909561 122.309868 129.869843 236.617859 129.869858 122.309883 112.909569 105.135628 98.219627 91.759621 85.537025 79.454506 73.447021 67.445366 61.379189 55.162590 48.689533 41.822273 34.374329 26.083908 16.644800 6.482676 1.453864 
0.847797 4.500074 14.189351 24.192762 32.941513 40.734352 47.874092 54.575951 60.996311 67.254738 73.447029 79.659264 85.966393 92.443588 99.165916 106.234985 113.814392 122.238716 132.192581 140.604370 240.652344 140.604370 132.192596 122.238731 113.814384 106.234978 99.165909 92.443588 85.966408 79.659279 73.447365 67.255371 60.997463 54.578259 47.878124 40.745033 32.969368 24.268806 14.425089 5.430402 
3.143132 11.049549 21.676954 30.963812 39.160217 46.614746 53.574635 60.215427 66.672127 73.052795 79.454514 85.966393 92.672340 99.659126 107.028023 114.887924 123.414803 132.860153 143.940231 153.569061 246.287247 153.569077 143.940247 132.860168 123.414818 114.887955 107.028130 99.659416 92.673004 85.967651 79.457703 73.058716 66.683525 60.241287 53.631447 46.740864 39.438869 31.591335 23.158733 14.958185 
9.274560 18.978439 28.530470 37.097881 44.884823 52.127972 59.010960 65.678925 72.253632 78.840378 85.537025 92.443588 99.659126 107.299492 115.487328 124.383354 134.165680 145.113937 157.953934 169.346375 254.527603 169.346375 157.953949 145.113998 134.165833 124.383728 115.488289 107.301682 99.664848 92.455536 85.563591 78.896507 72.368019 65.907341 59.453201 52.967766 46.444675 39.946861 33.706242 28.573000 
20.612036 27.861706 35.707623 43.290012 50.542427 57.529240 64.341309 71.072235 77.820152 84.680573 91.759613 99.165909 107.028023 115.487335 124.727287 134.939072 146.407669 159.384140 174.848587 188.698639 266.766449 188.698715 174.848801 159.384827 146.409393 134.943222 124.736740 115.507965 107.070854 99.251938 91.927940 84.995689 78.388359 72.062462 66.006714 60.236794 54.804298 49.806564 45.450359 42.280975 
34.665035 39.132793 44.758846 50.805222 57.059925 63.457104 69.983849 76.663948 83.543777 90.698326 98.219627 106.234978 114.887924 124.383354 134.939072 146.872955 160.518417 176.245682 195.219025 212.292053 283.712860 212.292679 195.220657 176.250366 160.529739 146.898010 134.992554 124.489677 115.089127 106.597488 98.848854 91.744308 85.211357 79.218727 73.749077 68.806007 64.402702 60.582878 57.458534 55.354984 
48.952553 51.765327 55.679825 60.228756 65.269371 70.751419 76.667107 83.020271 89.843605 97.183556 105.135628 113.814392 123.414803 134.165680 146.407669 160.518417 177.022644 196.258591 219.484833 240.295151 301.793884 240.297836 219.492569 196.280518 177.073273 160.624969 146.613480 134.538010 124.051842 114.848030 106.739967 99.565781 93.232430 87.653206 82.771690 78.530327 74.897995 71.860771 69.478203 67.950401 
63.018185 64.948982 67.794518 71.267609 75.281593 79.849472 85.004211 90.812912 97.333900 104.667191 112.909561 122.238716 132.860153 145.113937 159.384140 176.245682 196.258621 219.572327 246.874084 269.751038 314.775208 269.759003 246.899521 219.645432 196.423325 176.570068 159.961044 146.064529 134.331207 124.392342 115.914391 108.684273 102.494881 97.215515 92.709175 88.891296 85.682671 83.062088 81.053444 79.811951 
77.618454 79.038559 81.236046 83.990356 87.269867 91.087402 95.543091 100.728149 106.807167 113.924248 122.309868 132.192566 143.940216 157.953918 174.848587 195.219040 219.484833 246.874054 275.458008 296.379578 321.450226 296.394653 275.522766 247.085602 219.983032 196.171707 176.427612 160.319229 147.238892 136.540985 127.795769 120.585846 114.644455 109.703499 105.607132 102.190765 99.384209 97.122314 95.435829 94.412895 
83.386436 84.786758 86.984779 89.781425 93.133156 97.069016 101.670448 107.063263 113.408264 120.922768 129.869843 140.604355 153.569061 169.346359 188.698624 212.292068 240.295151 269.751038 296.379578 311.993927 324.314148 312.012085 296.473724 270.060394 240.887070 213.093231 189.703094 170.740265 155.622437 143.518799 133.787979 125.892761 119.448616 114.144409 109.771469 106.154778 103.200729 100.840668 99.095688 98.048325 
223.138519 223.458755 223.991364 224.697647 225.570694 226.621231 227.881775 229.402252 231.267410 233.603088 236.617859 240.652420 246.287323 254.527634 266.766449 283.712860 301.793884 314.775208 321.450226 324.314148 326.197784 324.329346 321.664032 316.621826 310.148499 304.256165 299.943390 296.954285 294.827148 293.259277 292.066803 291.135468 290.394196 289.793365 289.302612 288.898804 288.569641 288.307739 288.114746 288.000732 
83.386459 84.786781 86.984795 89.781433 93.133171 97.069023 101.670464 107.063271 113.408272 120.922783 129.869858 140.604370 153.569077 169.346375 188.698730 212.292709 240.297852 269.759003 296.394684 312.012085 324.329346 312.030182 296.488159 270.067841 240.889832 213.093842 189.703186 170.740280 155.622437 143.518799 133.787979 125.892754 119.448616 114.144409 109.771469 106.154778 103.200729 100.840668 99.095688 98.048325 
77.618469 79.038582 81.236061 83.990372 87.269875 91.087402 95.543098 100.728165 106.807175 113.924263 122.309868 132.192581 143.940231 157.953949 174.848801 195.220657 219.492569 246.899521 275.522766 296.473724 321.664032 296.488159 275.586700 247.111374 219.990799 196.173340 176.427811 160.319229 147.238861 136.540985 127.795753 120.585831 114.644455 109.703499 105.607132 102.190765 99.384209 97.122314 95.435829 94.412895 
63.018211 64.949005 67.794533 71.267624 75.281609 79.849472 85.004211 90.812920 97.333908 104.667183 112.909554 122.238716 132.860153 145.113968 159.384811 176.250381 196.280518 219.645432 247.085602 270.060425 316.621826 270.067841 247.111374 219.718445 196.445297 176.574646 159.961685 146.064590 134.331207 124.392342 115.914383 108.684265 102.494881 97.215515 92.709160 88.891281 85.682663 83.062088 81.053452 79.811951 
48.952572 51.765343 55.679836 60.228767 65.269386 70.751419 76.667114 83.020271 89.843597 97.183540 105.135605 113.814369 123.414810 134.165817 146.409393 160.529755 177.073273 196.423325 219.983032 240.887070 310.148499 240.889832 219.990799 196.445297 177.123886 160.636078 146.615204 134.538162 124.051857 114.848030 106.739967 99.565781 93.232430 87.653198 82.771683 78.530319 74.897995 71.860771 69.478203 67.950401 
34.665047 39.132805 44.758854 50.805229 57.059933 63.457108 69.983856 76.663956 83.543770 90.698326 98.219620 106.234970 114.887955 124.383720 134.943222 146.898010 160.624969 176.570068 196.171707 213.093231 304.256165 213.093842 196.173325 176.574661 160.636078 146.923645 134.996796 124.490044 115.089157 106.597488 98.848854 91.744308 85.211357 79.218727 73.749077 68.806007 64.402702 60.582878 57.458538 55.354992 
20.612040 27.861715 35.707630 43.290016 50.542431 57.529243 64.341309 71.072235 77.820152 84.680573 91.759613 99.165909 107.028122 115.488289 124.736740 134.992554 146.613464 159.961044 176.427612 189.703125 299.943390 189.703186 176.427811 159.961685 146.615204 134.996796 124.746140 115.508904 107.070969 99.251945 91.927940 84.995689 78.388359 72.062462 66.006706 60.236790 54.804298 49.806564 45.450359 42.280979 
9.274565 18.978449 28.530476 37.097881 44.884823 52.127975 59.010960 65.678917 72.253632 78.840378 85.537025 92.443596 99.659416 107.301682 115.507973 124.489677 134.537994 146.064529 160.319229 170.740280 296.954315 170.740265 160.319214 146.064590 134.538162 124.490044 115.508904 107.303848 99.665184 92.455544 85.563591 78.896507 72.368019 65.907341 59.453201 52.967766 46.444672 39.946857 33.706238 28.573000 
3.143132 11.049550 21.676952 30.963812 39.160217 46.614746 53.574635 60.215427 66.672119 73.052795 79.454514 85.966408 92.673012 99.664856 107.070854 115.089127 124.051842 134.331207 147.238892 155.622452 294.827271 155.622437 147.238876 134.331223 124.051857 115.089149 107.070969 99.665184 92.673706 85.967674 79.457703 73.058716 66.683525 60.241291 53.631443 46.740864 39.438869 31.591331 23.158733 14.958185 
0.847797 4.500074 14.189351 24.192762 32.941513 40.734352 47.874092 54.575958 60.996307 67.254738 73.447021 79.659286 85.967659 92.455536 99.251945 106.597496 114.848030 124.392342 136.540985 143.518799 293.259308 143.518814 136.541000 124.392349 114.848030 106.597488 99.251945 92.455544 85.967674 79.659317 73.447372 67.255371 60.997463 54.578255 47.878120 40.745033 32.969372 24.268806 14.425089 5.430402 
0.190181 1.275089 6.451923 16.637810 26.081856 34.373604 41.822002 48.689381 55.162544 61.379181 67.445366 73.447372 79.457703 85.563591 91.927948 98.848862 106.739967 115.914391 127.795769 133.787979 292.066803 133.787979 127.795769 115.914398 106.739975 98.848854 91.927940 85.563591 79.457703 73.447372 67.445374 61.379189 55.162590 48.689529 41.822266 34.374325 26.083906 16.644798 6.482676 1.453864 
0.036758 0.279924 1.890976 8.246004 18.353231 27.368876 35.301662 42.463821 49.092560 55.356129 61.379189 67.255371 73.058716 78.896507 84.995689 91.744308 99.565788 108.684273 120.585846 125.892769 291.135498 125.892769 120.585846 108.684280 99.565788 91.744308 84.995689 78.896507 73.058716 67.255371 61.379189 55.356129 49.092560 42.463818 35.301662 27.368895 18.353361 8.246649 1.894928 0.313108 
0.006286 0.051639 0.405072 2.503425 9.626703 19.443552 28.111984 35.756004 42.675846 49.092560 55.162590 60.997463 66.683525 72.368019 78.388359 85.211357 93.232437 102.494881 114.644455 119.448616 290.394165 119.448616 114.644455 102.494881 93.232437 85.211365 78.388359 72.368019 66.683525 60.997463 55.162590 49.092560 42.675842 35.756001 28.111980 19.443550 9.626715 2.503491 0.405652 0.057302 
0.000968 0.008359 0.071252 0.524490 2.992794 10.478592 19.975693 28.354795 35.756004 42.463818 48.689529 54.578255 60.241287 65.907341 72.062462 79.218727 87.653191 97.215515 109.703499 114.144409 289.793274 114.144409 109.703499 97.215515 87.653206 79.218735 72.062462 65.907341 60.241291 54.578255 48.689529 42.463818 35.756001 28.354790 19.975687 10.478590 2.992795 0.524497 0.071338 0.009233 
0.000136 0.001216 0.010918 0.088120 0.610772 3.263373 10.764771 19.975691 28.111984 35.301666 41.822269 47.878120 53.631443 59.453197 66.006706 73.749077 82.771683 92.709167 105.607132 109.771469 289.302612 109.771469 105.607132 92.709160 82.771683 73.749077 66.006706 59.453201 53.631443 47.878120 41.822266 35.301662 28.111980 19.975687 10.764770 3.263373 0.610772 0.088121 0.010930 0.001340 
0.000018 0.000162 0.001502 0.012806 0.097912 0.642274 3.263373 10.478590 19.443554 27.368900 34.374329 40.745033 46.740864 52.967762 60.236786 68.806007 78.530319 88.891289 102.190765 106.154778 288.898804 106.154778 102.190765 88.891281 78.530319 68.806007 60.236790 52.967766 46.740864 40.745033 34.374325 27.368895 19.443550 10.478590 3.263373 0.642274 0.097912 0.012806 0.001503 0.000178 
0.000002 0.000020 0.000189 0.001669 0.013503 0.097912 0.610772 2.992795 9.626714 18.353365 26.083908 32.969368 39.438869 46.444672 54.804298 64.402702 74.897987 85.682671 99.384216 103.200737 288.569641 103.200722 99.384201 85.682663 74.897987 64.402702 54.804298 46.444672 39.438869 32.969372 26.083906 18.353361 9.626715 2.992795 0.610772 0.097912 0.013503 0.001669 0.000189 0.000022 
0.000000 0.000002 0.000022 0.000199 0.001669 0.012806 0.088121 0.524497 2.503491 8.246649 16.644800 24.268806 31.591335 39.946861 49.806564 60.582878 71.860771 83.062096 97.122322 100.840675 288.307739 100.840660 97.122307 83.062080 71.860756 60.582867 49.806564 39.946861 31.591335 24.268806 16.644798 8.246649 2.503491 0.524497 0.088121 0.012806 0.001669 0.000199 0.000022 0.000002 
0.000000 0.000000 0.000002 0.000022 0.000189 0.001503 0.010930 0.071338 0.405652 1.894928 6.482676 14.425089 23.158733 33.706238 45.450359 57.458538 69.478203 81.053444 95.435829 99.095688 288.114746 99.095680 95.435814 81.053429 69.478188 57.458530 45.450356 33.706242 23.158733 14.425089 6.482676 1.894928 0.405652 0.071338 0.010930 0.001503 0.000189 0.000022 0.000002 0.000000 
0.000000 0.000000 0.000000 0.000002 0.000022 0.000178 0.001340 0.009233 0.057302 0.313108 1.453864 5.430402 14.958185 28.573000 42.280979 55.354992 67.950401 79.811951 94.412895 98.048325 288.000732 98.048309 94.412888 79.811943 67.950394 55.354984 42.280972 28.573002 14.958185 5.430402 1.453864 0.313108 0.057302 0.009233 0.001340 0.000178 0.000022 0.000002 0.000000 0.000000 
