0.000000 0.000000 0.000000 0.000000 0.000000 0.000000 0.000000 0.000000 0.000000 0.000000 0.000000 0.000000 0.000002 0.000010 0.000049 0.000210 0.000764 0.002285 0.005403 0.009600 0.011924 0.009600 0.005403 0.002285 0.000764 0.000210 0.000049 0.000010 0.000002 0.000000 0.000000 0.000000 0.000000 0.000000 0.000000 0.000000 0.000000 0.000000 0.000000 0.000000 
0.000000 0.000000 0.000000 0.000000 0.000000 0.000000 0.000000 0.000000 0.000000 0.000000 0.000000 0.000003 0.000021 0.000118 0.000578 0.002435 0.008641 0.025122 0.057798 0.100405 0.123482 0.100405 0.057798 0.025122 0.008641 0.002435 0.000578 0.000118 0.000021 0.000003 0.000000 0.000000 0.000000 0.000000 0.000000 0.000000 0.000000 0.000000 0.000000 0.000000 
0.000000 0.000000 0.000000 0.000000 0.000000 0.000000 0.000000 0.000000 0.000000 0.000001 0.000006 0.000042 0.000258 0.001412 0.006734 0.027444 0.093486 0.259120 0.566522 0.941912 1.136279 0.941912 0.566522 0.259120 0.093486 0.027444 0.006734 0.001412 0.000258 0.000042 0.000006 0.000001 0.000000 0.000000 0.000000 0.000000 0.000000 0.000000 0.000000 0.000000 
0.000000 0.000000 0.000000 0.000000 0.000000 0.000000 0.000000 0.000000 0.000001 0.000009 0.000071 0.000482 0.002906 0.015385 0.070165 0.269303 0.845647 2.107211 4.070835 6.063430 6.976435 6.063430 4.070835 2.107211 0.845647 0.269303 0.070165 0.015385 0.002906 0.000482 0.000071 0.000009 0.000001 0.000000 0.000000 0.000000 0.000000 0.000000 0.000000 0.000000 
0.000000 0.000000 0.000000 0.000000 0.000000 0.000000 0.000000 0.000001 0.000013 0.000106 0.000776 0.005099 0.029548 0.147761 0.618960 2.081882 5.342027 10.185375 15.015131 18.401560 19.995359 18.401558 15.015131 10.185375 5.342027 2.081882 0.618960 0.147761 0.029548 0.005099 0.000776 0.000106 0.000013 0.000001 0.000000 0.000000 0.000000 0.000000 0.000000 0.000000 
0.000000 0.000000 0.000000 0.000000 0.000000 0.000000 0.000002 0.000016 0.000137 0.001084 0.007706 0.048371 0.261303 1.164947 3.994298 9.665846 16.400951 22.084560 26.534760 29.968712 31.237911 29.968714 26.534761 22.084560 16.400951 9.665846 3.994298 1.164947 0.261303 0.048371 0.007706 0.001084 0.000137 0.000016 0.000002 0.000000 0.000000 0.000000 0.000000 0.000000 
0.000000 0.000000 0.000000 0.000000 0.000000 0.000002 0.000017 0.000156 0.001323 0.010106 0.068231 0.394358 1.839914 6.215505 13.623721 20.776691 26.935377 32.241367 36.617279 40.059624 41.312386 40.059624 36.617283 32.241367 26.935377 20.776691 13.623721 6.215505 1.839914 0.394358 0.068231 0.010106 0.001323 0.000156 0.000017 0.000002 0.000000 0.000000 0.000000 0.000000 
0.000000 0.000000 0.000000 0.000000 0.000001 0.000016 0.000156 0.001413 0.011559 0.083598 0.514671 2.496575 8.225388 16.505417 23.851908 30.381624 36.067028 41.123116 45.503666 49.186726 50.617485 49.186726 45.503670 41.123112 36.067028 30.381622 23.851906 16.505417 8.225387 2.496575 0.514671 0.083598 0.011559 0.001413 0.000156 0.000016 0.000001 0.000000 0.000000 0.000000 
0.000000 0.000000 0.000000 0.000001 0.000013 0.000137 0.001323 0.011559 0.089404 0.586460 2.970357 9.669566 18.380318 26.007370 32.730564 38.762917 44.197636 49.129665 53.629890 57.561295 59.603333 57.561295 53.629902 49.129662 44.197632 38.762917 32.730564 26.007368 18.380320 9.669565 2.970357 0.586460 0.089404 0.011559 0.001323 0.000137 0.000013 0.000001 0.000000 0.000000 
0.000000 0.000000 0.000001 0.000009 0.000106 0.001084 0.010106 0.083598 0.586460 3.142313 10.407486 19.440195 27.356497 34.305256 40.574867 46.328636 51.637276 56.588406 61.208847 65.499275 68.456970 65.499268 61.208847 56.588398 51.637272 46.328636 40.574863 34.305252 27.356495 19.440197 10.407486 3.142313 0.586460 0.083598 0.010106 0.001084 0.000106 0.000009 0.000001 0.000000 
0.000000 0.000000 0.000006 0.000071 0.000776 0.007706 0.068231 0.514671 2.970357 10.407486 19.784637 28.000898 35.215614 41.716423 47.723049 53.336388 58.643261 63.670990 68.511955 73.084541 77.484512 73.084541 68.511948 63.670986 58.643261 53.336384 47.723042 41.716415 35.215611 28.000900 19.784637 10.407486 2.970357 0.514671 0.068231 0.007706 0.000776 0.000071 0.000006 0.000001 
0.000000 0.000003 0.000042 0.000482 0.005099 0.048371 0.394358 2.496575 9.669566 19.440197 28.000900 35.512470 42.275726 48.521740 54.393147 59.992298 65.362572 70.580444 75.645050 80.557228 86.833488 80.557228 75.645042 70.580437 65.362564 59.992298 54.393139 48.521732 42.275726 35.512474 28.000902 19.440199 9.669566 2.496575 0.394358 0.048371 0.005099 0.000482 0.000042 0.000004 
0.000002 0.000021 0.000258 0.002906 0.029548 0.261303 1.839914 8.225388 18.380320 27.356495 35.215607 42.275723 48.783871 54.901825 60.758652 66.417892 71.961159 77.400085 82.834427 87.967278 96.841370 87.967270 82.834427 77.400078 71.961159 66.417892 60.758648 54.901821 48.783867 42.275726 35.215611 27.356497 18.380323 8.225388 1.839914 0.261303 0.029548 0.002906 0.000258 0.000023 
0.000010 0.000118 0.001412 0.015385 0.147761 1.164947 6.215505 16.505417 26.007370 34.305252 41.716412 48.521732 54.901821 61.007542 66.926819 72.752686 78.516144 84.311142 90.130974 95.571953 107.708679 95.571945 90.130974 84.311142 78.516136 72.752678 66.926811 61.007542 54.901821 48.521736 41.716419 34.305256 26.007372 16.505417 6.215505 1.164947 0.147761 0.015385 0.001413 0.000127 
0.000049 0.000578 0.006734 0.070165 0.618960 3.994298 13.623721 23.851908 32.730564 40.574863 47.723042 54.393139 60.758644 66.926819 73.010445 79.058510 85.174843 91.351540 97.796249 103.438354 119.917297 103.438354 97.796257 91.351555 85.174843 79.058517 73.010437 66.926811 60.758648 54.393139 47.723042 40.574863 32.730564 23.851908 13.623721 3.994298 0.618960 0.070165 0.006737 0.000623 
0.000210 0.002435 0.027444 0.269303 2.081882 9.665846 20.776691 30.381624 38.762917 46.328636 53.336384 59.992298 66.417892 72.752686 79.058510 85.457329 91.965569 98.730392 105.835632 111.871582 133.868729 111.871582 105.835632 98.730408 91.965569 85.457336 79.058517 72.752678 66.417892 59.992298 53.336384 46.328636 38.762917 30.381624 20.776691 9.665846 2.081882 0.269304 0.027459 0.002630 
0.000764 0.008641 0.093486 0.845647 5.342027 16.400951 26.935377 36.067028 44.197636 51.637276 58.643265 65.362572 71.961159 78.516144 85.174843 91.965569 99.065247 106.438232 114.592560 121.014313 150.279785 121.014320 114.592567 106.438255 99.065262 91.965569 85.174843 78.516136 71.961159 65.362564 58.643261 51.637272 44.197632 36.067028 26.935377 16.400951 5.342028 0.845650 0.093539 0.009348 
0.002285 0.025122 0.259120 2.107211 10.185375 22.084560 32.241367 41.123116 49.129665 56.588406 63.670994 70.580444 77.400085 84.311142 91.351547 98.730392 106.438240 114.704506 124.000885 131.028458 169.428223 131.028458 124.000885 114.704506 106.438255 98.730408 91.351547 84.311142 77.400078 70.580437 63.670986 56.588402 49.129662 41.123112 32.241364 22.084564 10.185378 2.107224 0.259282 0.027232 
0.005403 0.057798 0.566522 4.070835 15.015131 26.534760 36.617279 45.503666 53.629894 61.208851 68.511955 75.645050 82.834427 90.130974 97.796257 105.835640 114.592567 124.000885 135.113541 143.325424 195.050781 143.325424 135.113541 124.000885 114.592567 105.835640 97.796257 90.130974 82.834427 75.645050 68.511948 61.208847 53.629898 45.503666 36.617283 26.534763 15.015142 4.070883 0.566919 0.062783 
0.009600 0.100405 0.941912 6.063430 18.401560 29.968712 40.059624 49.186726 57.561291 65.499268 73.084526 80.557220 87.967262 95.571945 103.438354 111.871590 121.014320 131.028458 143.325424 152.211166 217.566360 152.211166 143.325424 131.028458 121.014320 111.871590 103.438354 95.571953 87.967278 80.557228 73.084541 65.499275 57.561298 49.186729 40.059639 29.968733 18.401600 6.063538 0.942655 0.109257 
0.011924 0.123482 1.136279 6.976435 19.995361 31.237909 41.312386 50.617477 59.603329 68.456970 77.484505 86.833481 96.841347 107.708649 119.917259 133.868729 150.279785 169.428223 195.050781 217.566345 307.256744 217.566360 195.050781 169.428207 150.279770 133.868729 119.917297 107.708687 96.841370 86.833496 77.484512 68.456985 59.603340 50.617489 41.312401 31.237926 19.995390 6.976606 1.137221 0.134476 
0.009600 0.100405 0.941912 6.063430 18.401558 29.968716 40.059628 49.186726 57.561295 65.499275 73.084541 80.557228 87.967278 95.571945 103.438354 111.871590 121.014320 131.028458 143.325424 152.211166 217.566360 152.211136 143.325409 131.028458 121.014320 111.871590 103.438354 95.571953 87.967278 80.557228 73.084541 65.499275 57.561298 49.186726 40.059643 29.968731 18.401600 6.063538 0.942655 0.109257 
0.005403 0.057798 0.566522 4.070835 15.015131 26.534761 36.617283 45.503670 53.629902 61.208851 68.511955 75.645050 82.834427 90.130974 97.796249 105.835640 114.592567 124.000885 135.113541 143.325424 195.050781 143.325409 135.113525 124.000885 114.592560 105.835632 97.796249 90.130974 82.834427 75.645050 68.511955 61.208851 53.629902 45.503670 36.617283 26.534763 15.015141 4.070883 0.566919 0.062783 
0.002285 0.025122 0.259120 2.107211 10.185375 22.084560 32.241364 41.123116 49.129669 56.588409 63.670998 70.580452 77.400085 84.311142 91.351555 98.730400 106.438248 114.704506 124.000885 131.028458 169.428223 131.028458 124.000885 114.704506 106.438240 98.730392 91.351547 84.311142 77.400085 70.580444 63.670994 56.588409 49.129669 41.123116 32.241364 22.084560 10.185378 2.107224 0.259282 0.027232 
0.000764 0.008641 0.093486 0.845647 5.342027 16.400951 26.935377 36.067032 44.197636 51.637276 58.643272 65.362579 71.961159 78.516136 85.174843 91.965569 99.065254 106.438255 114.592567 121.014320 150.279785 121.014320 114.592560 106.438240 99.065247 91.965569 85.174843 78.516136 71.961159 65.362572 58.643265 51.637276 44.197636 36.067032 26.935377 16.400951 5.342028 0.845650 0.093539 0.009348 
0.000210 0.002435 0.027444 0.269303 2.081882 9.665846 20.776690 30.381624 38.762917 46.328640 53.336391 59.992302 66.417892 72.752678 79.058510 85.457336 91.965569 98.730400 105.835640 111.871590 133.868729 111.871590 105.835632 98.730392 91.965569 85.457329 79.058510 72.752678 66.417892 59.992302 53.336388 46.328636 38.762917 30.381624 20.776690 9.665846 2.081882 0.269304 0.027459 0.002630 
0.000049 0.000578 0.006734 0.070165 0.618960 3.994298 13.623721 23.851906 32.730564 40.574867 47.723045 54.393147 60.758648 66.926811 73.010437 79.058517 85.174843 91.351547 97.796249 103.438354 119.917290 103.438354 97.796249 91.351547 85.174843 79.058510 73.010437 66.926811 60.758652 54.393143 47.723042 40.574863 32.730564 23.851908 13.623721 3.994298 0.618960 0.070165 0.006737 0.000623 
0.000010 0.000118 0.001412 0.015385 0.147761 1.164947 6.215505 16.505417 26.007368 34.305252 41.716415 48.521736 54.901825 61.007542 66.926811 72.752678 78.516136 84.311142 90.130974 95.571945 107.708679 95.571953 90.130974 84.311142 78.516136 72.752678 66.926811 61.007542 54.901825 48.521736 41.716419 34.305256 26.007370 16.505417 6.215505 1.164947 0.147761 0.015385 0.001413 0.000127 
0.000002 0.000021 0.000258 0.002906 0.029548 0.261303 1.839914 8.225388 18.380320 27.356497 35.215611 42.275726 48.783871 54.901825 60.758652 66.417892 71.961159 77.400093 82.834427 87.967278 96.841370 87.967278 82.834427 77.400085 71.961159 66.417892 60.758652 54.901825 48.783871 42.275726 35.215611 27.356495 18.380320 8.225388 1.839914 0.261303 0.029548 0.002906 0.000258 0.000023 
0.000000 0.000003 0.000042 0.000482 0.005099 0.048371 0.394358 2.496575 9.669566 19.440199 28.000902 35.512470 42.275726 48.521736 54.393147 59.992302 65.362579 70.580460 75.645050 80.557228 86.833496 80.557228 75.645050 70.580444 65.362572 59.992302 54.393143 48.521736 42.275726 35.512470 28.000898 19.440197 9.669566 2.496575 0.394358 0.048371 0.005099 0.000482 0.000042 0.000004 
0.000000 0.000000 0.000006 0.000071 0.000776 0.007706 0.068231 0.514671 2.970357 10.407486 19.784637 28.000896 35.215611 41.716419 47.723049 53.336391 58.643272 63.670998 68.511955 73.084541 77.484512 73.084541 68.511955 63.670994 58.643265 53.336388 47.723042 41.716419 35.215611 28.000898 19.784636 10.407486 2.970357 0.514671 0.068231 0.007706 0.000776 0.000071 0.000006 0.000001 
0.000000 0.000000 0.000001 0.000009 0.000106 0.001084 0.010106 0.083598 0.586460 3.142313 10.407485 19.440195 27.356497 34.305256 40.574867 46.328640 51.637276 56.588409 61.208851 65.499275 68.456985 65.499275 61.208851 56.588409 51.637276 46.328636 40.574863 34.305256 27.356495 19.440197 10.407486 3.142313 0.586461 0.083598 0.010106 0.001084 0.000106 0.000009 0.000001 0.000000 
0.000000 0.000000 0.000000 0.000001 0.000013 0.000137 0.001323 0.011559 0.089404 0.586460 2.970356 9.669563 18.380322 26.007370 32.730564 38.762917 44.197636 49.129665 53.629902 57.561298 59.603340 57.561298 53.629902 49.129669 44.197636 38.762917 32.730564 26.007370 18.380320 9.669566 2.970357 0.586461 0.089404 0.011559 0.001323 0.000137 0.000013 0.000001 0.000000 0.000000 
0.000000 0.000000 0.000000 0.000000 0.000001 0.000016 0.000156 0.001413 0.011559 0.083598 0.514671 2.496575 8.225388 16.505417 23.851906 30.381622 36.067028 41.123116 45.503670 49.186733 50.617489 49.186726 45.503670 41.123116 36.067032 30.381624 23.851908 16.505417 8.225388 2.496575 0.514671 0.083598 0.011559 0.001413 0.000156 0.000016 0.000001 0.000000 0.000000 0.000000 
0.000000 0.000000 0.000000 0.000000 0.000000 0.000002 0.000017 0.000156 0.001323 0.010106 0.068231 0.394358 1.839914 6.215505 13.623721 20.776691 26.935377 32.241367 36.617283 40.059639 41.312401 40.059643 36.617283 32.241364 26.935377 20.776690 13.623721 6.215505 1.839914 0.394358 0.068231 0.010106 0.001323 0.000156 0.000017 0.000002 0.000000 0.000000 0.000000 0.000000 
0.000000 0.000000 0.000000 0.000000 0.000000 0.000000 0.000002 0.000016 0.000137 0.001084 0.007706 0.048371 0.261303 1.164947 3.994298 9.665846 16.400951 22.084560 26.534763 29.968733 31.237926 29.968731 26.534763 22.084560 16.400951 9.665846 3.994298 1.164947 0.261303 0.048371 0.007706 0.001084 0.000137 0.000016 0.000002 0.000000 0.000000 0.000000 0.000000 0.000000 
0.000000 0.000000 0.000000 0.000000 0.000000 0.000000 0.000000 0.000001 0.000013 0.000106 0.000776 0.005099 0.029548 0.147761 0.618960 2.081882 5.342028 10.185378 15.015142 18.401600 19.995390 18.401600 15.015141 10.185378 5.342028 2.081882 0.618960 0.147761 0.029548 0.005099 0.000776 0.000106 0.000013 0.000001 0.000000 0.000000 0.000000 0.000000 0.000000 0.000000 
0.000000 0.000000 0.000000 0.000000 0.000000 0.000000 0.000000 0.000000 0.000001 0.000009 0.000071 0.000482 0.002906 0.015385 0.070165 0.269304 0.845650 2.107224 4.070883 6.063538 6.976606 6.063538 4.070883 2.107224 0.845650 0.269304 0.070165 0.015385 0.002906 0.000482 0.000071 0.000009 0.000001 0.000000 0.000000 0.000000 0.000000 0.000000 0.000000 0.000000 
0.000000 0.000000 0.000000 0.000000 0.000000 0.000000 0.000000 0.000000 0.000000 0.000001 0.000006 0.000042 0.000258 0.001413 0.006737 0.027459 0.093539 0.259282 0.566919 0.942655 1.137221 0.942655 0.566919 0.259282 0.093539 0.027459 0.006737 0.001413 0.000258 0.000042 0.000006 0.000001 0.000000 0.000000 0.000000 0.000000 0.000000 0.000000 0.000000 0.000000 
0.000000 0.000000 0.000000 0.000000 0.000000 0.000000 0.000000 0.000000 0.000000 0.000000 0.000001 0.000004 0.000023 0.000127 0.000623 0.002630 0.009348 0.027232 0.062783 0.109257 0.134476 0.109257 0.062783 0.027232 0.009348 0.002630 0.000623 0.000127 0.000023 0.000004 0.000001 0.000000 0.000000 0.000000 0.000000 0.000000 0.000000 0.000000 0.000000 0.000000 
