0.000000 0.000000 0.000000 0.000000 0.000000 0.000000 0.000000 0.000000 0.000000 0.000000 0.000000 0.000000 0.000000 0.000000 0.000000 0.000000 0.000000 0.000000 0.000001 0.000002 0.000003 0.000002 0.000001 0.000000 0.000000 0.000000 0.000000 0.000000 0.000000 0.000000 0.000000 0.000000 0.000000 0.000000 0.000000 0.000000 0.000000 0.000000 0.000000 0.000000 
0.000000 0.000000 0.000000 0.000000 0.000000 0.000000 0.000000 0.000000 0.000000 0.000000 0.000000 0.000000 0.000000 0.000000 0.000000 0.000000 0.000001 0.000005 0.000015 0.000031 0.000041 0.000031 0.000015 0.000005 0.000001 0.000000 0.000000 0.000000 0.000000 0.000000 0.000000 0.000000 0.000000 0.000000 0.000000 0.000000 0.000000 0.000000 0.000000 0.000000 
0.000000 0.000000 0.000000 0.000000 0.000000 0.000000 0.000000 0.000000 0.000000 0.000000 0.000000 0.000000 0.000000 0.000000 0.000001 0.000005 0.000021 0.000077 0.000218 0.000445 0.000595 0.000445 0.000218 0.000077 0.000021 0.000005 0.000001 0.000000 0.000000 0.000000 0.000000 0.000000 0.000000 0.000000 0.000000 0.000000 0.000000 0.000000 0.000000 0.000000 
0.000000 0.000000 0.000000 0.000000 0.000000 0.000000 0.000000 0.000000 0.000000 0.000000 0.000000 0.000000 0.000000 0.000002 0.000013 0.000069 0.000299 0.001062 0.002934 0.005913 0.007839 0.005913 0.002934 0.001062 0.000299 0.000069 0.000013 0.000002 0.000000 0.000000 0.000000 0.000000 0.000000 0.000000 0.000000 0.000000 0.000000 0.000000 0.000000 0.000000 
0.000000 0.000000 0.000000 0.000000 0.000000 0.000000 0.000000 0.000000 0.000000 0.000000 0.000000 0.000001 0.000004 0.000030 0.000176 0.000896 0.003816 0.013189 0.035458 0.069767 0.091402 0.069767 0.035458 0.013189 0.003816 0.000896 0.000176 0.000030 0.000004 0.000001 0.000000 0.000000 0.000000 0.000000 0.000000 0.000000 0.000000 0.000000 0.000000 0.000000 
0.000000 0.000000 0.000000 0.000000 0.000000 0.000000 0.000000 0.000000 0.000000 0.000000 0.000001 0.000007 0.000056 0.000371 0.002145 0.010585 0.043434 0.143510 0.366861 0.689078 0.882207 0.689079 0.366861 0.143510 0.043434 0.010585 0.002145 0.000371 0.000056 0.000007 0.000001 0.000000 0.000000 0.000000 0.000000 0.000000 0.000000 0.000000 0.000000 0.000000 
0.000000 0.000000 0.000000 0.000000 0.000000 0.000000 0.000000 0.000000 0.000000 0.000001 0.000011 0.000088 0.000650 0.004204 0.023435 0.109947 0.420825 1.265458 2.877532 4.821964 5.834629 4.821965 2.877532 1.265458 0.420825 0.109947 0.023435 0.004204 0.000650 0.000088 0.000011 0.000001 0.000000 0.000000 0.000000 0.000000 0.000000 0.000000 0.000000 0.000000 
0.000000 0.000000 0.000000 0.000000 0.000000 0.000000 0.000000 0.000000 0.000001 0.000013 0.000120 0.000964 0.006865 0.042434 0.221554 0.939518 3.060586 7.235737 12.388035 16.596460 17.888344 16.596466 12.388037 7.235737 3.060586 0.939518 0.221554 0.042434 0.006865 0.000964 0.000120 0.000013 0.000001 0.000000 0.000000 0.000000 0.000000 0.000000 0.000000 0.000000 
0.000000 0.000000 0.000000 0.000000 0.000000 0.000000 0.000000 0.000001 0.000014 0.000139 0.001216 0.009454 0.063996 0.365189 1.662574 5.506110 12.158808 18.799423 24.239748 27.764345 30.429865 27.764349 24.239752 18.799423 12.158808 5.506110 1.662574 0.365189 0.063996 0.009454 0.001216 0.000139 0.000014 0.000001 0.000000 0.000000 0.000000 0.000000 0.000000 0.000000 
0.000000 0.000000 0.000000 0.000000 0.000000 0.000000 0.000001 0.000013 0.000139 0.001313 0.011073 0.081452 0.503003 2.418337 7.890872 15.874258 22.851303 29.050920 34.131870 37.917374 41.455029 37.917370 34.131874 29.050920 22.851303 15.874260 7.890872 2.418337 0.503003 0.081452 0.011073 0.001313 0.000139 0.000013 0.000001 0.000000 0.000000 0.000000 0.000000 0.000000 
0.000000 0.000000 0.000000 0.000000 0.000000 0.000001 0.000011 0.000120 0.001216 0.011073 0.088190 0.587920 2.984025 9.639429 18.212557 25.578526 32.091393 37.826946 42.844704 46.882080 51.550270 46.882080 42.844704 37.826950 32.091393 25.578526 18.212557 9.639428 2.984025 0.587920 0.088190 0.011073 0.001216 0.000120 0.000011 0.000001 0.000000 0.000000 0.000000 0.000000 
0.000000 0.000000 0.000000 0.000000 0.000001 0.000007 0.000088 0.000964 0.009454 0.081452 0.587920 3.192326 10.532003 19.498896 27.252575 34.034714 40.126942 45.698147 50.619431 55.156853 60.787582 55.156845 50.619431 45.698151 40.126945 34.034714 27.252573 19.498896 10.532003 3.192326 0.587920 0.081452 0.009454 0.000964 0.000088 0.000007 0.000001 0.000000 0.000000 0.000000 
0.000000 0.000000 0.000000 0.000000 0.000004 0.000056 0.000650 0.006865 0.063996 0.503003 2.984025 10.532003 19.912359 28.037773 35.149754 41.516289 47.420200 52.861073 57.926510 62.686703 69.686279 62.686695 57.926506 52.861073 47.420200 41.516289 35.149754 28.037773 19.912359 10.532003 2.984024 0.503003 0.063996 0.006865 0.000650 0.000056 0.000004 0.000000 0.000000 0.000000 
0.000000 0.000000 0.000000 0.000002 0.000030 0.000371 0.004204 0.042434 0.365189 2.418337 9.639428 19.498896 28.037773 35.510277 42.192318 48.371632 54.144569 59.662636 64.786438 69.879761 78.268913 69.879753 64.786430 59.662628 54.144569 48.371632 42.192318 35.510277 28.037773 19.498896 9.639428 2.418337 0.365189 0.042434 0.004204 0.000371 0.000030 0.000002 0.000000 0.000000 
0.000000 0.000000 0.000001 0.000013 0.000176 0.002145 0.023435 0.221554 1.662574 7.890872 18.212557 27.252575 35.149754 42.192318 48.682693 54.742847 60.571804 66.127632 71.572601 76.646988 87.015129 76.646980 71.572594 66.127625 60.571804 54.742847 48.682693 42.192318 35.149754 27.252575 18.212557 7.890872 1.662574 0.221554 0.023435 0.002145 0.000176 0.000013 0.000001 0.000000 
0.000000 0.000000 0.000005 0.000069 0.000896 0.010585 0.109947 0.939518 5.506110 15.874258 25.578526 34.034714 41.516289 48.371632 54.742847 60.858658 66.727547 72.549759 78.177353 83.424278 95.936638 83.424271 78.177345 72.549759 66.727547 60.858658 54.742847 48.371632 41.516289 34.034714 25.578526 15.874260 5.506110 0.939518 0.109947 0.010585 0.000896 0.000069 0.000005 0.000000 
0.000000 0.000001 0.000021 0.000299 0.003816 0.043434 0.420825 3.060586 12.158808 22.851303 32.091393 40.126942 47.420200 54.144569 60.571804 66.727547 72.848396 78.823326 85.013672 90.121422 105.524727 90.121414 85.013664 78.823326 72.848396 66.727547 60.571804 54.144569 47.420200 40.126945 32.091393 22.851303 12.158808 3.060586 0.420825 0.043434 0.003816 0.000299 0.000021 0.000002 
0.000000 0.000005 0.000077 0.001062 0.013189 0.143510 1.265458 7.235737 18.799423 29.050920 37.826946 45.698147 52.861073 59.662636 66.127632 72.549759 78.823326 85.260391 91.850906 97.024086 115.819740 97.024071 91.850891 85.260384 78.823326 72.549759 66.127625 59.662628 52.861073 45.698151 37.826950 29.050920 18.799423 7.235737 1.265458 0.143510 0.013189 0.001062 0.000077 0.000006 
0.000001 0.000015 0.000218 0.002934 0.035458 0.366861 2.877532 12.388035 24.239748 34.131870 42.844704 50.619431 57.926510 64.786430 71.572594 78.177353 85.013664 91.850899 99.350960 104.775703 129.725769 104.775696 99.350952 91.850891 85.013664 78.177345 71.572594 64.786430 57.926506 50.619431 42.844704 34.131874 24.239754 12.388036 2.877532 0.366861 0.035458 0.002934 0.000218 0.000016 
0.000002 0.000031 0.000445 0.005913 0.069767 0.689078 4.821964 16.596460 27.764347 37.917374 46.882080 55.156853 62.686699 69.879753 76.646980 83.424271 90.121407 97.024078 104.775703 110.120407 137.186096 110.120399 104.775696 97.024071 90.121399 83.424271 76.646973 69.879745 62.686691 55.156841 46.882080 37.917370 27.764349 16.596466 4.821965 0.689079 0.069767 0.005913 0.000445 0.000033 
0.000003 0.000041 0.000595 0.007839 0.091402 0.882207 5.834629 17.888342 30.429863 41.455025 51.550259 60.787563 69.686264 78.268898 87.015121 95.936630 105.524734 115.819763 129.725815 137.186142 295.224365 137.186142 129.725815 115.819771 105.524734 95.936630 87.015129 78.268906 69.686272 60.787571 51.550270 41.455025 30.429863 17.888344 5.834629 0.882207 0.091402 0.007839 0.000595 0.000044 
0.000002 0.000031 0.000445 0.005913 0.069767 0.689079 4.821965 16.596466 27.764349 37.917370 46.882080 55.156845 62.686695 69.879753 76.646980 83.424271 90.121399 97.024071 104.775696 110.120399 137.186142 110.120399 104.775696 97.024071 90.121399 83.424271 76.646980 69.879753 62.686695 55.156845 46.882080 37.917370 27.764349 16.596464 4.821965 0.689079 0.069767 0.005913 0.000445 0.000033 
0.000001 0.000015 0.000218 0.002934 0.035458 0.366861 2.877532 12.388037 24.239750 34.131870 42.844704 50.619431 57.926506 64.786430 71.572594 78.177345 85.013664 91.850891 99.350952 104.775696 129.725815 104.775696 99.350952 91.850891 85.013664 78.177345 71.572594 64.786430 57.926506 50.619431 42.844704 34.131870 24.239748 12.388035 2.877532 0.366861 0.035458 0.002934 0.000218 0.000016 
0.000000 0.000005 0.000077 0.001062 0.013189 0.143510 1.265458 7.235737 18.799423 29.050920 37.826950 45.698151 52.861073 59.662628 66.127625 72.549759 78.823326 85.260384 91.850891 97.024078 115.819778 97.024071 91.850891 85.260384 78.823326 72.549759 66.127625 59.662628 52.861073 45.698151 37.826950 29.050920 18.799423 7.235737 1.265458 0.143510 0.013189 0.001062 0.000077 0.000006 
0.000000 0.000001 0.000021 0.000299 0.003816 0.043434 0.420825 3.060586 12.158808 22.851303 32.091393 40.126945 47.420200 54.144569 60.571800 66.727539 72.848396 78.823326 85.013664 90.121414 105.524742 90.121399 85.013664 78.823326 72.848396 66.727539 60.571804 54.144569 47.420200 40.126945 32.091393 22.851303 12.158808 3.060586 0.420825 0.043434 0.003816 0.000299 0.000021 0.000002 
0.000000 0.000000 0.000005 0.000069 0.000896 0.010585 0.109947 0.939518 5.506110 15.874259 25.578526 34.034714 41.516285 48.371628 54.742840 60.858650 66.727539 72.549759 78.177345 83.424271 95.936638 83.424271 78.177345 72.549759 66.727539 60.858654 54.742847 48.371632 41.516289 34.034714 25.578526 15.874260 5.506110 0.939518 0.109947 0.010585 0.000896 0.000069 0.000005 0.000000 
0.000000 0.000000 0.000001 0.000013 0.000176 0.002145 0.023435 0.221554 1.662574 7.890872 18.212557 27.252573 35.149754 42.192314 48.682686 54.742840 60.571800 66.127632 71.572594 76.646980 87.015129 76.646980 71.572594 66.127625 60.571804 54.742847 48.682693 42.192322 35.149754 27.252575 18.212557 7.890872 1.662574 0.221554 0.023435 0.002145 0.000176 0.000013 0.000001 0.000000 
0.000000 0.000000 0.000000 0.000002 0.000030 0.000371 0.004204 0.042434 0.365189 2.418337 9.639428 19.498896 28.037771 35.510277 42.192314 48.371628 54.144566 59.662632 64.786430 69.879753 78.268913 69.879753 64.786430 59.662628 54.144569 48.371632 42.192322 35.510284 28.037779 19.498898 9.639428 2.418337 0.365189 0.042434 0.004204 0.000371 0.000030 0.000002 0.000000 0.000000 
0.000000 0.000000 0.000000 0.000000 0.000004 0.000056 0.000650 0.006865 0.063996 0.503003 2.984024 10.532000 19.912355 28.037769 35.149754 41.516285 47.420197 52.861073 57.926510 62.686695 69.686279 62.686695 57.926506 52.861073 47.420200 41.516289 35.149757 28.037779 19.912367 10.532006 2.984025 0.503003 0.063996 0.006865 0.000650 0.000056 0.000004 0.000000 0.000000 0.000000 
0.000000 0.000000 0.000000 0.000000 0.000001 0.000007 0.000088 0.000964 0.009454 0.081452 0.587920 3.192326 10.532000 19.498892 27.252573 34.034714 40.126945 45.698151 50.619431 55.156845 60.787575 55.156845 50.619431 45.698151 40.126945 34.034714 27.252575 19.498898 10.532006 3.192327 0.587920 0.081452 0.009454 0.000964 0.000088 0.000007 0.000001 0.000000 0.000000 0.000000 
0.000000 0.000000 0.000000 0.000000 0.000000 0.000001 0.000011 0.000120 0.001216 0.011073 0.088190 0.587920 2.984024 9.639428 18.212557 25.578526 32.091393 37.826950 42.844704 46.882080 51.550266 46.882080 42.844704 37.826950 32.091393 25.578526 18.212557 9.639428 2.984025 0.587920 0.088190 0.011073 0.001216 0.000120 0.000011 0.000001 0.000000 0.000000 0.000000 0.000000 
0.000000 0.000000 0.000000 0.000000 0.000000 0.000000 0.000001 0.000013 0.000139 0.001313 0.011073 0.081452 0.503003 2.418336 7.890872 15.874259 22.851303 29.050920 34.131870 37.917370 41.455025 37.917370 34.131870 29.050920 22.851303 15.874260 7.890872 2.418337 0.503003 0.081452 0.011073 0.001313 0.000139 0.000013 0.000001 0.000000 0.000000 0.000000 0.000000 0.000000 
0.000000 0.000000 0.000000 0.000000 0.000000 0.000000 0.000000 0.000001 0.000014 0.000139 0.001216 0.009454 0.063996 0.365189 1.662574 5.506110 12.158808 18.799423 24.239750 27.764349 30.429863 27.764349 24.239748 18.799423 12.158808 5.506110 1.662574 0.365189 0.063996 0.009454 0.001216 0.000139 0.000014 0.000001 0.000000 0.000000 0.000000 0.000000 0.000000 0.000000 
0.000000 0.000000 0.000000 0.000000 0.000000 0.000000 0.000000 0.000000 0.000001 0.000013 0.000120 0.000964 0.006865 0.042434 0.221554 0.939518 3.060586 7.235737 12.388037 16.596466 17.888344 16.596464 12.388035 7.235737 3.060586 0.939518 0.221554 0.042434 0.006865 0.000964 0.000120 0.000013 0.000001 0.000000 0.000000 0.000000 0.000000 0.000000 0.000000 0.000000 
0.000000 0.000000 0.000000 0.000000 0.000000 0.000000 0.000000 0.000000 0.000000 0.000001 0.000011 0.000088 0.000650 0.004204 0.023435 0.109947 0.420825 1.265458 2.877532 4.821965 5.834629 4.821965 2.877532 1.265458 0.420825 0.109947 0.023435 0.004204 0.000650 0.000088 0.000011 0.000001 0.000000 0.000000 0.000000 0.000000 0.000000 0.000000 0.000000 0.000000 
0.000000 0.000000 0.000000 0.000000 0.000000 0.000000 0.000000 0.000000 0.000000 0.000000 0.000001 0.000007 0.000056 0.000371 0.002145 0.010585 0.043434 0.143510 0.366861 0.689079 0.882207 0.689079 0.366861 0.143510 0.043434 0.010585 0.002145 0.000371 0.000056 0.000007 0.000001 0.000000 0.000000 0.000000 0.000000 0.000000 0.000000 0.000000 0.000000 0.000000 
0.000000 0.000000 0.000000 0.000000 0.000000 0.000000 0.000000 0.000000 0.000000 0.000000 0.000000 0.000001 0.000004 0.000030 0.000176 0.000896 0.003816 0.013189 0.035458 0.069767 0.091402 0.069767 0.035458 0.013189 0.003816 0.000896 0.000176 0.000030 0.000004 0.000001 0.000000 0.000000 0.000000 0.000000 0.000000 0.000000 0.000000 0.000000 0.000000 0.000000 
0.000000 0.000000 0.000000 0.000000 0.000000 0.000000 0.000000 0.000000 0.000000 0.000000 0.000000 0.000000 0.000000 0.000002 0.000013 0.000069 0.000299 0.001062 0.002934 0.005913 0.007839 0.005913 0.002934 0.001062 0.000299 0.000069 0.000013 0.000002 0.000000 0.000000 0.000000 0.000000 0.000000 0.000000 0.000000 0.000000 0.000000 0.000000 0.000000 0.000000 
0.000000 0.000000 0.000000 0.000000 0.000000 0.000000 0.000000 0.000000 0.000000 0.000000 0.000000 0.000000 0.000000 0.000000 0.000001 0.000005 0.000021 0.000077 0.000218 0.000445 0.000595 0.000445 0.000218 0.000077 0.000021 0.000005 0.000001 0.000000 0.000000 0.000000 0.000000 0.000000 0.000000 0.000000 0.000000 0.000000 0.000000 0.000000 0.000000 0.000000 
0.000000 0.000000 0.000000 0.000000 0.000000 0.000000 0.000000 0.000000 0.000000 0.000000 0.000000 0.000000 0.000000 0.000000 0.000000 0.000000 0.000002 0.000006 0.000016 0.000033 0.000044 0.000033 0.000016 0.000006 0.000002 0.000000 0.000000 0.000000 0.000000 0.000000 0.000000 0.000000 0.000000 0.000000 0.000000 0.000000 0.000000 0.000000 0.000000 0.000000 
