0.000000 0.000000 0.000000 0.000000 0.000000 0.000000 0.000000 0.000000 0.000001 0.000006 0.000042 0.000257 0.001396 0.006711 0.028081 0.100494 0.301323 0.740564 1.459597 2.252102 2.632179 2.252102 1.459597 0.740564 0.301323 0.100494 0.028081 0.006711 0.001396 0.000257 0.000042 0.000006 0.000001 0.000000 0.000000 0.000000 0.000000 0.000000 0.000000 0.000000 
0.000000 0.000000 0.000000 0.000000 0.000000 0.000000 0.000000 0.000001 0.000009 0.000067 0.000443 0.002624 0.013787 0.063312 0.248960 0.817262 2.174790 4.576467 7.592454 10.159602 11.206301 10.159607 7.592456 4.576467 2.174790 0.817262 0.248960 0.063312 0.013787 0.002624 0.000443 0.000067 0.000009 0.000001 0.000000 0.000000 0.000000 0.000000 0.000000 0.000000 
0.000000 0.000000 0.000000 0.000000 0.000000 0.000000 0.000002 0.000013 0.000102 0.000725 0.004633 0.026368 0.131125 0.554599 1.916953 5.132871 10.247344 15.693007 20.066757 22.900345 24.226751 22.900347 20.066759 15.693009 10.247345 5.132871 1.916953 0.554599 0.131125 0.026368 0.004633 0.000725 0.000102 0.000013 0.000002 0.000000 0.000000 0.000000 0.000000 0.000000 
0.000000 0.000000 0.000000 0.000000 0.000000 0.000002 0.000017 0.000138 0.001042 0.007152 0.043715 0.232599 1.036953 3.625643 9.097006 15.972824 21.946951 26.945366 31.045721 34.026249 35.415245 34.026253 31.045723 26.945366 21.946951 15.972824 9.097006 3.625643 1.036953 0.232599 0.043715 0.007152 0.001042 0.000138 0.000017 0.000002 0.000000 0.000000 0.000000 0.000000 
0.000000 0.000000 0.000000 0.000000 0.000002 0.000019 0.000164 0.001325 0.009708 0.063349 0.357711 1.656657 5.687471 12.902439 20.193642 26.480330 32.018917 36.737320 40.713997 43.816940 45.358398 43.816940 40.713997 36.737320 32.018917 26.480328 20.193642 12.902439 5.687471 1.656657 0.357711 0.063349 0.009708 0.001325 0.000164 0.000019 0.000002 0.000000 0.000000 0.000000 
0.000000 0.000000 0.000000 0.000002 0.000019 0.000174 0.001493 0.011640 0.080800 0.482177 2.304025 7.675588 15.841981 23.252214 29.849325 35.630177 40.830986 45.448238 49.452896 52.795414 54.545795 52.795414 49.452896 45.448238 40.830986 35.630180 29.849325 23.252214 15.841980 7.675588 2.304025 0.482177 0.080800 0.011640 0.001493 0.000174 0.000019 0.000002 0.000000 0.000000 
0.000000 0.000000 0.000002 0.000017 0.000164 0.001493 0.012362 0.091142 0.574620 2.838087 9.243629 17.872007 25.490162 32.242142 38.302647 43.779552 48.815933 53.425968 57.587055 61.215664 63.400097 61.215664 57.587055 53.425968 48.815937 43.779556 38.302650 32.242146 25.490164 17.872007 9.243629 2.838087 0.574620 0.091142 0.012362 0.001493 0.000164 0.000017 0.000002 0.000000 
0.000000 0.000001 0.000013 0.000138 0.001325 0.011640 0.091142 0.608821 3.138328 10.219200 19.143238 27.002602 33.925522 40.191681 45.934872 51.261517 56.253098 60.948097 65.309837 69.326294 72.166336 69.326294 65.309837 60.948105 56.253101 51.261520 45.934872 40.191681 33.925526 27.002604 19.143238 10.219200 3.138328 0.608821 0.091142 0.011640 0.001325 0.000138 0.000013 0.000001 
0.000001 0.000009 0.000102 0.001042 0.009708 0.080800 0.574620 3.138328 10.547509 19.758383 27.868181 35.008007 41.464771 47.433784 53.020382 58.305092 63.355907 68.195053 72.835457 77.235588 81.125290 77.235588 72.835457 68.195061 63.355915 58.305092 53.020382 47.433784 41.464775 35.008007 27.868181 19.758383 10.547509 3.138328 0.574620 0.080800 0.009708 0.001042 0.000102 0.000010 
0.000006 0.000067 0.000725 0.007152 0.063349 0.482177 2.838087 10.219202 19.758385 28.149399 35.535442 42.209465 48.385288 54.203522 59.746647 65.088310 70.272873 75.345345 80.294144 85.128242 90.483383 85.128242 80.294144 75.345345 70.272873 65.088310 59.746647 54.203522 48.385288 42.209465 35.535442 28.149399 19.758383 10.219200 2.838087 0.482177 0.063349 0.007152 0.000725 0.000073 
0.000042 0.000443 0.004633 0.043715 0.357711 2.304025 9.243629 19.143238 27.868183 35.535446 42.454716 48.851463 54.886169 60.663662 66.261436 71.737587 77.149162 82.514091 87.877815 93.098183 100.547859 93.098183 87.877815 82.514091 77.149170 71.737587 66.261436 60.663662 54.886169 48.851467 42.454716 35.535442 27.868181 19.143238 9.243629 2.304025 0.357711 0.043715 0.004636 0.000482 
0.000257 0.002624 0.026368 0.232599 1.656657 7.675588 17.872007 27.002602 35.008007 42.209465 48.851463 55.110050 61.108932 66.943649 72.677399 78.380249 84.088997 89.860687 95.704659 101.362564 111.608223 101.362564 95.704666 89.860687 84.088997 78.380249 72.677406 66.943649 61.108932 55.110050 48.851467 42.209465 35.008007 27.002604 17.872007 7.675588 1.656657 0.232600 0.026388 0.002859 
0.001396 0.013787 0.131125 1.036953 5.687471 15.841981 25.490162 33.925522 41.464775 48.385288 54.886169 61.108932 67.165970 73.138245 79.099297 85.105263 91.227043 97.488960 104.001060 110.067314 124.135368 110.067322 104.001068 97.488960 91.227043 85.105270 79.099304 73.138245 67.165962 61.108932 54.886169 48.385288 41.464775 33.925526 25.490162 15.841981 5.687472 1.036962 0.131234 0.015065 
0.006711 0.063312 0.554599 3.625643 12.902439 23.252214 32.242142 40.191677 47.433784 54.203522 60.663662 66.943657 73.138245 79.336281 85.605743 92.029823 98.656868 105.583977 112.894470 119.511307 138.669525 119.511299 112.894478 105.583984 98.656868 92.029823 85.605736 79.336288 73.138245 66.943649 60.663666 54.203526 47.433788 40.191685 32.242142 23.252218 12.902454 3.625710 0.555150 0.069439 
0.028081 0.248960 1.916953 9.097006 20.193642 29.849325 38.302647 45.934868 53.020382 59.746647 66.261436 72.677406 79.099304 85.605743 92.295860 99.233795 106.542427 114.253677 122.701813 129.945831 156.017334 129.945816 122.701813 114.253685 106.542427 99.233795 92.295853 85.605736 79.099304 72.677406 66.261436 59.746651 53.020390 45.934883 38.302662 29.849358 20.193741 9.097449 1.919663 0.274623 
0.100494 0.817262 5.132871 15.972824 26.480330 35.630177 43.779552 51.261517 58.305092 65.088310 71.737587 78.380249 85.105263 92.029823 99.233795 106.858940 114.979889 123.768135 133.599503 141.791962 177.206985 141.791946 133.599503 123.768135 114.979889 106.858932 99.233795 92.029823 85.105263 78.380264 71.737625 65.088356 58.305168 51.261658 43.779831 35.630791 26.481701 15.976658 5.147490 0.911302 
0.301323 2.174790 10.247344 21.946951 32.018917 40.830986 48.815933 56.253098 63.355907 70.272873 77.149170 84.088997 91.227036 98.656860 106.542427 114.979889 124.200813 134.276306 146.050674 155.554352 203.164520 155.554337 146.050659 134.276291 124.200813 114.979889 106.542427 98.656876 91.227051 84.089020 77.149208 70.273399 63.356739 56.254322 48.818745 40.836678 32.030960 21.974531 10.323619 2.487683 
0.740564 4.576467 15.693007 26.945366 36.737320 45.448238 53.425968 60.948097 68.195053 75.345345 82.514091 89.860687 97.488960 105.583977 114.253677 123.768135 134.276306 146.058624 160.227600 171.546066 233.667786 171.546066 160.227600 146.058624 134.276321 123.768181 114.253792 105.584267 97.489571 89.861877 82.516373 75.348946 68.203125 60.959850 53.448162 45.489044 36.814426 27.095266 16.019518 5.533461 
1.459597 7.592454 20.066757 31.045721 40.713997 49.452896 57.587055 65.309837 72.835457 80.294144 87.877815 95.704659 104.001068 112.894470 122.701813 133.599503 146.050659 160.227585 177.784866 192.333801 267.046082 192.333801 177.784882 160.227692 146.050842 133.599945 122.702812 112.896400 104.005310 95.712799 87.892509 80.319435 72.880096 65.384239 57.710308 49.657749 41.054497 31.624308 21.131224 10.024032 
2.252101 10.159602 22.900345 34.026253 43.816940 52.795410 61.215660 69.326294 77.235588 85.128242 93.098183 101.362564 110.067322 119.511314 129.945831 141.791962 155.554352 171.546082 192.333801 209.699463 293.104980 209.699509 192.333923 171.546432 155.555237 141.793915 129.950424 119.521301 110.087799 101.402542 93.170387 85.251358 77.434875 69.635590 61.680096 53.478397 44.817883 35.525612 25.302122 14.728822 
2.632179 11.206301 24.226751 35.415241 45.358395 54.545795 63.400101 72.166336 81.125290 90.483391 100.547867 111.608231 124.135384 138.669525 156.017349 177.207001 203.164520 233.667786 267.046051 293.104980 319.628815 293.105530 267.049530 233.679916 203.204544 177.284424 156.143906 138.855453 124.390732 111.943962 100.975929 91.019722 81.790955 72.990288 64.424492 55.837376 47.028530 37.676666 27.554596 17.054686 
2.252102 10.159607 22.900347 34.026253 43.816940 52.795418 61.215668 69.326294 77.235588 85.128242 93.098183 101.362564 110.067322 119.511314 129.945831 141.791962 155.554337 171.546082 192.333801 209.699509 293.105530 209.699524 192.333923 171.546448 155.555252 141.793930 129.950439 119.521301 110.087799 101.402542 93.170387 85.251358 77.434875 69.635590 61.680099 53.478397 44.817886 35.525612 25.302122 14.728822 
1.459597 7.592457 20.066759 31.045723 40.713997 49.452892 57.587048 65.309830 72.835457 80.294144 87.877815 95.704659 104.001068 112.894470 122.701813 133.599503 146.050659 160.227600 177.784912 192.333923 267.049530 192.333923 177.784943 160.227722 146.050888 133.599960 122.702827 112.896400 104.005310 95.712799 87.892509 80.319435 72.880089 65.384224 57.710300 49.657745 41.054493 31.624308 21.131224 10.024032 
0.740564 4.576468 15.693009 26.945364 36.737316 45.448235 53.425968 60.948097 68.195045 75.345345 82.514091 89.860687 97.488960 105.583977 114.253677 123.768127 134.276291 146.058624 160.227692 171.546432 233.679916 171.546448 160.227722 146.058655 134.276321 123.768196 114.253807 105.584267 97.489571 89.861877 82.516373 75.348946 68.203117 60.959850 53.448158 45.489040 36.814426 27.095266 16.019518 5.533461 
0.301323 2.174790 10.247345 21.946951 32.018917 40.830986 48.815937 56.253098 63.355907 70.272858 77.149162 84.088989 91.227036 98.656860 106.542419 114.979874 124.200806 134.276321 146.050842 155.555237 203.204544 155.555252 146.050888 134.276321 124.200821 114.979897 106.542442 98.656876 91.227051 84.089020 77.149200 70.273399 63.356739 56.254322 48.818741 40.836678 32.030960 21.974531 10.323619 2.487683 
0.100494 0.817262 5.132871 15.972824 26.480328 35.630180 43.779556 51.261520 58.305088 65.088295 71.737587 78.380241 85.105263 92.029823 99.233788 106.858932 114.979881 123.768173 133.599945 141.793930 177.284424 141.793930 133.599960 123.768196 114.979897 106.858940 99.233803 92.029823 85.105263 78.380257 71.737625 65.088356 58.305168 51.261658 43.779827 35.630787 26.481699 15.976658 5.147490 0.911302 
0.028081 0.248960 1.916953 9.097006 20.193642 29.849327 38.302650 45.934872 53.020378 59.746643 66.261436 72.677399 79.099304 85.605736 92.295853 99.233795 106.542427 114.253792 122.702812 129.950424 156.143906 129.950439 122.702827 114.253807 106.542442 99.233803 92.295860 85.605736 79.099304 72.677406 66.261436 59.746651 53.020386 45.934883 38.302666 29.849360 20.193743 9.097449 1.919663 0.274623 
0.006711 0.063312 0.554599 3.625643 12.902439 23.252214 32.242142 40.191681 47.433784 54.203518 60.663658 66.943642 73.138245 79.336288 85.605736 92.029823 98.656876 105.584267 112.896400 119.521301 138.855453 119.521301 112.896400 105.584267 98.656876 92.029823 85.605736 79.336281 73.138245 66.943649 60.663666 54.203526 47.433788 40.191685 32.242146 23.252220 12.902454 3.625710 0.555150 0.069439 
0.001396 0.013787 0.131125 1.036953 5.687471 15.841981 25.490162 33.925522 41.464775 48.385288 54.886169 61.108932 67.165962 73.138245 79.099297 85.105270 91.227058 97.489571 104.005310 110.087799 124.390732 110.087799 104.005310 97.489571 91.227051 85.105263 79.099304 73.138245 67.165970 61.108932 54.886169 48.385288 41.464775 33.925526 25.490164 15.841983 5.687471 1.036962 0.131234 0.015065 
0.000257 0.002624 0.026368 0.232599 1.656657 7.675588 17.872007 27.002604 35.008011 42.209465 48.851463 55.110050 61.108932 66.943649 72.677399 78.380257 84.089020 89.861877 95.712799 101.402542 111.943962 101.402542 95.712799 89.861877 84.089020 78.380257 72.677406 66.943649 61.108932 55.110050 48.851467 42.209465 35.008007 27.002602 17.872007 7.675588 1.656657 0.232600 0.026388 0.002859 
0.000042 0.000443 0.004633 0.043715 0.357711 2.304025 9.243629 19.143238 27.868185 35.535446 42.454716 48.851463 54.886169 60.663658 66.261436 71.737625 77.149200 82.516373 87.892509 93.170387 100.975929 93.170387 87.892509 82.516373 77.149200 71.737625 66.261436 60.663666 54.886169 48.851467 42.454716 35.535446 27.868183 19.143238 9.243629 2.304025 0.357711 0.043715 0.004636 0.000482 
0.000006 0.000067 0.000725 0.007152 0.063349 0.482177 2.838087 10.219200 19.758385 28.149399 35.535446 42.209465 48.385288 54.203518 59.746647 65.088356 70.273399 75.348946 80.319435 85.251358 91.019722 85.251358 80.319435 75.348946 70.273399 65.088356 59.746651 54.203526 48.385288 42.209465 35.535446 28.149399 19.758385 10.219200 2.838087 0.482177 0.063349 0.007152 0.000725 0.000073 
0.000001 0.000009 0.000102 0.001042 0.009708 0.080800 0.574620 3.138328 10.547509 19.758385 27.868185 35.008007 41.464771 47.433784 53.020386 58.305168 63.356735 68.203117 72.880089 77.434868 81.790955 77.434875 72.880089 68.203117 63.356739 58.305168 53.020386 47.433788 41.464775 35.008007 27.868183 19.758385 10.547509 3.138328 0.574620 0.080800 0.009708 0.001042 0.000102 0.000010 
0.000000 0.000001 0.000013 0.000138 0.001325 0.011640 0.091142 0.608821 3.138328 10.219200 19.143238 27.002604 33.925522 40.191681 45.934883 51.261658 56.254322 60.959850 65.384232 69.635590 72.990288 69.635590 65.384224 60.959850 56.254322 51.261658 45.934883 40.191685 33.925526 27.002602 19.143238 10.219200 3.138328 0.608821 0.091142 0.011640 0.001325 0.000138 0.000013 0.000001 
0.000000 0.000000 0.000002 0.000017 0.000164 0.001493 0.012362 0.091142 0.574620 2.838087 9.243629 17.872007 25.490162 32.242142 38.302662 43.779827 48.818741 53.448154 57.710304 61.680096 64.424492 61.680099 57.710300 53.448158 48.818741 43.779827 38.302666 32.242146 25.490164 17.872007 9.243629 2.838087 0.574620 0.091142 0.012362 0.001493 0.000164 0.000017 0.000002 0.000000 
0.000000 0.000000 0.000000 0.000002 0.000019 0.000174 0.001493 0.011640 0.080800 0.482177 2.304025 7.675588 15.841981 23.252218 29.849358 35.630787 40.836678 45.489040 49.657745 53.478397 55.837376 53.478397 49.657745 45.489040 40.836678 35.630787 29.849360 23.252220 15.841983 7.675588 2.304025 0.482177 0.080800 0.011640 0.001493 0.000174 0.000019 0.000002 0.000000 0.000000 
0.000000 0.000000 0.000000 0.000000 0.000002 0.000019 0.000164 0.001325 0.009708 0.063349 0.357711 1.656657 5.687472 12.902454 20.193743 26.481699 32.030960 36.814426 41.054497 44.817883 47.028530 44.817886 41.054493 36.814426 32.030960 26.481699 20.193743 12.902454 5.687471 1.656657 0.357711 0.063349 0.009708 0.001325 0.000164 0.000019 0.000002 0.000000 0.000000 0.000000 
0.000000 0.000000 0.000000 0.000000 0.000000 0.000002 0.000017 0.000138 0.001042 0.007152 0.043715 0.232600 1.036962 3.625710 9.097449 15.976658 21.974531 27.095266 31.624308 35.525612 37.676666 35.525612 31.624308 27.095266 21.974531 15.976658 9.097449 3.625710 1.036962 0.232600 0.043715 0.007152 0.001042 0.000138 0.000017 0.000002 0.000000 0.000000 0.000000 0.000000 
0.000000 0.000000 0.000000 0.000000 0.000000 0.000000 0.000002 0.000013 0.000102 0.000725 0.004636 0.026388 0.131234 0.555150 1.919663 5.147490 10.323619 16.019518 21.131224 25.302122 27.554596 25.302122 21.131224 16.019518 10.323619 5.147490 1.919663 0.555150 0.131234 0.026388 0.004636 0.000725 0.000102 0.000013 0.000002 0.000000 0.000000 0.000000 0.000000 0.000000 
0.000000 0.000000 0.000000 0.000000 0.000000 0.000000 0.000000 0.000001 0.000010 0.000073 0.000482 0.002859 0.015065 0.069439 0.274623 0.911302 2.487683 5.533461 10.024032 14.728822 17.054686 14.728822 10.024032 5.533461 2.487683 0.911302 0.274623 0.069439 0.015065 0.002859 0.000482 0.000073 0.000010 0.000001 0.000000 0.000000 0.000000 0.000000 0.000000 0.000000 
