0.000000 0.000000 0.000000 0.000000 0.000000 0.000000 0.000000 0.000000 0.000000 0.000000 0.000000 0.000000 0.000000 0.000000 0.000000 0.000000 0.000000 0.000000 0.000000 0.000000 0.000000 0.000000 0.000000 0.000000 0.000000 0.000000 0.000000 0.000000 0.000000 0.000000 0.000000 0.000000 0.000000 0.000000 0.000000 0.000000 0.000000 0.000000 0.000000 0.000000 
0.000000 0.000000 0.000000 0.000000 0.000000 0.000000 0.000000 0.000000 0.000000 0.000000 0.000000 0.000000 0.000000 0.000000 0.000000 0.000000 0.000000 0.000001 0.000002 0.000003 0.000005 0.000003 0.000002 0.000001 0.000000 0.000000 0.000000 0.000000 0.000000 0.000000 0.000000 0.000000 0.000000 0.000000 0.000000 0.000000 0.000000 0.000000 0.000000 0.000000 
0.000000 0.000000 0.000000 0.000000 0.000000 0.000000 0.000000 0.000000 0.000000 0.000000 0.000000 0.000000 0.000000 0.000000 0.000000 0.000000 0.000002 0.000008 0.000025 0.000053 0.000073 0.000053 0.000025 0.000008 0.000002 0.000000 0.000000 0.000000 0.000000 0.000000 0.000000 0.000000 0.000000 0.000000 0.000000 0.000000 0.000000 0.000000 0.000000 0.000000 
0.000000 0.000000 0.000000 0.000000 0.000000 0.000000 0.000000 0.000000 0.000000 0.000000 0.000000 0.000000 0.000000 0.000000 0.000001 0.000007 0.000033 0.000123 0.000362 0.000767 0.001046 0.000767 0.000362 0.000123 0.000033 0.000007 0.000001 0.000000 0.000000 0.000000 0.000000 0.000000 0.000000 0.000000 0.000000 0.000000 0.000000 0.000000 0.000000 0.000000 
0.000000 0.000000 0.000000 0.000000 0.000000 0.000000 0.000000 0.000000 0.000000 0.000000 0.000000 0.000000 0.000000 0.000003 0.000018 0.000099 0.000452 0.001676 0.004825 0.010062 0.013600 0.010062 0.004825 0.001676 0.000452 0.000099 0.000018 0.000003 0.000000 0.000000 0.000000 0.000000 0.000000 0.000000 0.000000 0.000000 0.000000 0.000000 0.000000 0.000000 
0.000000 0.000000 0.000000 0.000000 0.000000 0.000000 0.000000 0.000000 0.000000 0.000000 0.000000 0.000001 0.000005 0.000038 0.000239 0.001276 0.005687 0.020497 0.057175 0.115880 0.154370 0.115880 0.057175 0.020497 0.005687 0.001276 0.000239 0.000038 0.000005 0.000001 0.000000 0.000000 0.000000 0.000000 0.000000 0.000000 0.000000 0.000000 0.000000 0.000000 
0.000000 0.000000 0.000000 0.000000 0.000000 0.000000 0.000000 0.000000 0.000000 0.000000 0.000001 0.000009 0.000068 0.000474 0.002875 0.014839 0.063426 0.216986 0.569722 1.089550 1.409124 1.089550 0.569722 0.216986 0.063426 0.014839 0.002875 0.000474 0.000068 0.000009 0.000001 0.000000 0.000000 0.000000 0.000000 0.000000 0.000000 0.000000 0.000000 0.000000 
0.000000 0.000000 0.000000 0.000000 0.000000 0.000000 0.000000 0.000000 0.000000 0.000001 0.000012 0.000101 0.000780 0.005286 0.030805 0.150296 0.592856 1.810253 4.102939 6.776727 8.156841 6.776731 4.102940 1.810253 0.592856 0.150296 0.030805 0.005286 0.000780 0.000101 0.000012 0.000001 0.000000 0.000000 0.000000 0.000000 0.000000 0.000000 0.000000 0.000000 
0.000000 0.000000 0.000000 0.000000 0.000000 0.000000 0.000000 0.000000 0.000001 0.000014 0.000128 0.001080 0.008072 0.052156 0.282847 1.229616 4.002314 9.140091 14.931990 19.051287 21.913382 19.051285 14.931990 9.140091 4.002314 1.229616 0.282847 0.052156 0.008072 0.001080 0.000128 0.000014 0.000001 0.000000 0.000000 0.000000 0.000000 0.000000 0.000000 0.000000 
0.000000 0.000000 0.000000 0.000000 0.000000 0.000000 0.000000 0.000001 0.000014 0.000138 0.001269 0.010357 0.073340 0.434771 2.022980 6.613989 13.892007 20.697802 25.891132 30.604076 32.532040 30.604076 25.891132 20.697800 13.892006 6.613988 2.022980 0.434771 0.073340 0.010357 0.001269 0.000138 0.000014 0.000001 0.000000 0.000000 0.000000 0.000000 0.000000 0.000000 
0.000000 0.000000 0.000000 0.000000 0.000000 0.000000 0.000001 0.000012 0.000128 0.001269 0.011246 0.086698 0.557566 2.745483 8.847183 17.081507 24.289997 30.399483 35.586033 40.250530 41.890766 40.250534 35.586029 30.399483 24.289997 17.081503 8.847182 2.745482 0.557566 0.086698 0.011246 0.001269 0.000128 0.000012 0.000001 0.000000 0.000000 0.000000 0.000000 0.000000 
0.000000 0.000000 0.000000 0.000000 0.000000 0.000001 0.000009 0.000101 0.001080 0.010357 0.086698 0.604805 3.170838 10.254988 18.952757 26.581371 33.132999 38.906033 43.960503 48.884361 50.386105 48.884361 43.960503 38.906033 33.132999 26.581369 18.952757 10.254988 3.170838 0.604805 0.086698 0.010357 0.001080 0.000101 0.000009 0.000001 0.000000 0.000000 0.000000 0.000000 
0.000000 0.000000 0.000000 0.000000 0.000000 0.000005 0.000068 0.000780 0.008072 0.073340 0.557566 3.170838 10.726513 19.828796 27.831720 34.758018 40.955555 46.459450 51.630264 56.507435 58.743771 56.507439 51.630264 46.459450 40.955559 34.758022 27.831720 19.828796 10.726513 3.170838 0.557566 0.073340 0.008072 0.000780 0.000068 0.000005 0.000000 0.000000 0.000000 0.000000 
0.000000 0.000000 0.000000 0.000000 0.000003 0.000038 0.000474 0.005286 0.052156 0.434771 2.745482 10.254988 19.828796 28.227156 35.519684 42.069950 47.991230 53.502327 58.631149 63.692638 66.989166 63.692642 58.631149 53.502327 47.991230 42.069954 35.519684 28.227156 19.828798 10.254988 2.745482 0.434771 0.052156 0.005286 0.000474 0.000038 0.000003 0.000000 0.000000 0.000000 
0.000000 0.000000 0.000000 0.000001 0.000018 0.000239 0.002875 0.030805 0.282847 2.022980 8.847183 18.952757 27.831720 35.519684 42.426712 48.701935 54.589283 60.056892 65.431465 70.333481 75.680351 70.333481 65.431465 60.056892 54.589279 48.701935 42.426712 35.519684 27.831720 18.952757 8.847182 2.022980 0.282847 0.030805 0.002875 0.000239 0.000018 0.000001 0.000000 0.000000 
0.000000 0.000000 0.000000 0.000007 0.000099 0.001276 0.014839 0.150296 1.229616 6.613989 17.081507 26.581373 34.758022 42.069950 48.701935 54.936024 60.771965 66.461426 71.901352 76.925575 84.771973 76.925575 71.901352 66.461426 60.771961 54.936024 48.701935 42.069950 34.758018 26.581369 17.081503 6.613988 1.229616 0.150296 0.014839 0.001276 0.000099 0.000007 0.000000 0.000000 
0.000000 0.000000 0.000002 0.000033 0.000452 0.005687 0.063426 0.592856 4.002314 13.892007 24.289997 33.132999 40.955559 47.991230 54.589279 60.771961 66.808998 72.577652 78.505074 83.313431 94.816643 83.313431 78.505074 72.577652 66.808998 60.771961 54.589279 47.991230 40.955555 33.132999 24.289997 13.892006 4.002314 0.592856 0.063426 0.005687 0.000452 0.000033 0.000002 0.000000 
0.000000 0.000001 0.000008 0.000123 0.001676 0.020497 0.216986 1.810253 9.140091 20.697802 30.399485 38.906036 46.459450 53.502327 60.056892 66.461426 72.577652 78.771339 84.976448 89.825592 105.826553 89.825600 84.976456 78.771332 72.577652 66.461426 60.056892 53.502327 46.459450 38.906033 30.399483 20.697800 9.140091 1.810253 0.216986 0.020497 0.001676 0.000123 0.000008 0.000001 
0.000000 0.000002 0.000025 0.000362 0.004825 0.057175 0.569722 4.102939 14.931990 25.891132 35.586033 43.960503 51.630260 58.631142 65.431458 71.901337 78.505066 84.976440 91.967972 97.013824 120.685417 97.013832 91.967987 84.976456 78.505074 71.901352 65.431465 58.631149 51.630260 43.960499 35.586029 25.891130 14.931990 4.102940 0.569722 0.057175 0.004825 0.000362 0.000025 0.000002 
0.000000 0.000003 0.000053 0.000767 0.010062 0.115880 1.089550 6.776727 19.051285 30.604076 40.250530 48.884357 56.507431 63.692635 70.333473 76.925568 83.313423 89.825584 97.013817 101.933586 127.575996 101.933594 97.013832 89.825600 83.313431 76.925568 70.333481 63.692635 56.507435 48.884361 40.250530 30.604073 19.051287 6.776731 1.089550 0.115880 0.010062 0.000767 0.000053 0.000004 
0.000000 0.000005 0.000073 0.001046 0.013600 0.154370 1.409124 8.156841 21.913380 32.532040 41.890774 50.386124 58.743797 66.989197 75.680382 84.771996 94.816658 105.826569 120.685432 127.576012 293.930115 127.576012 120.685448 105.826591 94.816673 84.772003 75.680382 66.989197 58.743797 50.386124 41.890774 32.532040 21.913382 8.156841 1.409124 0.154370 0.013600 0.001046 0.000073 0.000005 
0.000000 0.000003 0.000053 0.000767 0.010062 0.115880 1.089550 6.776731 19.051287 30.604076 40.250530 48.884357 56.507435 63.692642 70.333481 76.925568 83.313431 89.825600 97.013832 101.933594 127.576012 101.933594 97.013832 89.825600 83.313431 76.925568 70.333481 63.692635 56.507435 48.884361 40.250530 30.604076 19.051287 6.776731 1.089550 0.115880 0.010062 0.000767 0.000053 0.000004 
0.000000 0.000002 0.000025 0.000362 0.004825 0.057175 0.569722 4.102940 14.931990 25.891132 35.586029 43.960499 51.630260 58.631145 65.431465 71.901352 78.505074 84.976456 91.967987 97.013832 120.685432 97.013832 91.967987 84.976456 78.505074 71.901352 65.431465 58.631149 51.630260 43.960499 35.586029 25.891132 14.931990 4.102939 0.569722 0.057175 0.004825 0.000362 0.000025 0.000002 
0.000000 0.000001 0.000008 0.000123 0.001676 0.020497 0.216986 1.810253 9.140091 20.697800 30.399483 38.906033 46.459450 53.502327 60.056892 66.461426 72.577652 78.771332 84.976456 89.825600 105.826569 89.825600 84.976456 78.771332 72.577652 66.461426 60.056892 53.502327 46.459450 38.906033 30.399483 20.697800 9.140091 1.810253 0.216986 0.020497 0.001676 0.000123 0.000008 0.000001 
0.000000 0.000000 0.000002 0.000033 0.000452 0.005687 0.063426 0.592856 4.002314 13.892006 24.289997 33.132999 40.955555 47.991230 54.589279 60.771961 66.808998 72.577652 78.505074 83.313431 94.816650 83.313431 78.505074 72.577652 66.808998 60.771961 54.589279 47.991230 40.955559 33.132999 24.289997 13.892006 4.002314 0.592856 0.063426 0.005687 0.000452 0.000033 0.000002 0.000000 
0.000000 0.000000 0.000000 0.000007 0.000099 0.001276 0.014839 0.150296 1.229616 6.613988 17.081503 26.581369 34.758018 42.069950 48.701935 54.936024 60.771961 66.461426 71.901352 76.925568 84.771988 76.925568 71.901352 66.461426 60.771961 54.936024 48.701935 42.069954 34.758022 26.581369 17.081503 6.613988 1.229616 0.150296 0.014839 0.001276 0.000099 0.000007 0.000000 0.000000 
0.000000 0.000000 0.000000 0.000001 0.000018 0.000239 0.002875 0.030805 0.282847 2.022980 8.847182 18.952757 27.831720 35.519684 42.426712 48.701935 54.589279 60.056892 65.431465 70.333481 75.680374 70.333481 65.431465 60.056892 54.589279 48.701935 42.426712 35.519684 27.831720 18.952757 8.847182 2.022980 0.282847 0.030805 0.002875 0.000239 0.000018 0.000001 0.000000 0.000000 
0.000000 0.000000 0.000000 0.000000 0.000003 0.000038 0.000474 0.005286 0.052156 0.434771 2.745482 10.254987 19.828796 28.227156 35.519684 42.069950 47.991230 53.502327 58.631149 63.692646 66.989189 63.692638 58.631149 53.502327 47.991230 42.069950 35.519684 28.227156 19.828796 10.254988 2.745482 0.434771 0.052156 0.005286 0.000474 0.000038 0.000003 0.000000 0.000000 0.000000 
0.000000 0.000000 0.000000 0.000000 0.000000 0.000005 0.000068 0.000780 0.008072 0.073340 0.557566 3.170837 10.726510 19.828794 27.831720 34.758018 40.955555 46.459450 51.630264 56.507442 58.743797 56.507435 51.630260 46.459450 40.955555 34.758018 27.831720 19.828796 10.726515 3.170839 0.557566 0.073340 0.008072 0.000780 0.000068 0.000005 0.000000 0.000000 0.000000 0.000000 
0.000000 0.000000 0.000000 0.000000 0.000000 0.000001 0.000009 0.000101 0.001080 0.010357 0.086698 0.604805 3.170837 10.254985 18.952757 26.581369 33.132999 38.906033 43.960499 48.884365 50.386124 48.884357 43.960499 38.906033 33.132999 26.581369 18.952757 10.254988 3.170839 0.604805 0.086698 0.010357 0.001080 0.000101 0.000009 0.000001 0.000000 0.000000 0.000000 0.000000 
0.000000 0.000000 0.000000 0.000000 0.000000 0.000000 0.000001 0.000012 0.000128 0.001269 0.011246 0.086698 0.557566 2.745482 8.847182 17.081503 24.289997 30.399483 35.586029 40.250530 41.890774 40.250530 35.586029 30.399483 24.289997 17.081503 8.847182 2.745482 0.557566 0.086698 0.011246 0.001269 0.000128 0.000012 0.000001 0.000000 0.000000 0.000000 0.000000 0.000000 
0.000000 0.000000 0.000000 0.000000 0.000000 0.000000 0.000000 0.000001 0.000014 0.000138 0.001269 0.010357 0.073340 0.434771 2.022980 6.613988 13.892006 20.697800 25.891132 30.604073 32.532040 30.604076 25.891132 20.697800 13.892006 6.613988 2.022980 0.434771 0.073340 0.010357 0.001269 0.000138 0.000014 0.000001 0.000000 0.000000 0.000000 0.000000 0.000000 0.000000 
0.000000 0.000000 0.000000 0.000000 0.000000 0.000000 0.000000 0.000000 0.000001 0.000014 0.000128 0.001080 0.008072 0.052156 0.282847 1.229616 4.002314 9.140091 14.931990 19.051285 21.913382 19.051287 14.931990 9.140091 4.002314 1.229616 0.282847 0.052156 0.008072 0.001080 0.000128 0.000014 0.000001 0.000000 0.000000 0.000000 0.000000 0.000000 0.000000 0.000000 
0.000000 0.000000 0.000000 0.000000 0.000000 0.000000 0.000000 0.000000 0.000000 0.000001 0.000012 0.000101 0.000780 0.005286 0.030805 0.150296 0.592856 1.810253 4.102940 6.776731 8.156841 6.776731 4.102939 1.810253 0.592856 0.150296 0.030805 0.005286 0.000780 0.000101 0.000012 0.000001 0.000000 0.000000 0.000000 0.000000 0.000000 0.000000 0.000000 0.000000 
0.000000 0.000000 0.000000 0.000000 0.000000 0.000000 0.000000 0.000000 0.000000 0.000000 0.000001 0.000009 0.000068 0.000474 0.002875 0.014839 0.063426 0.216986 0.569722 1.089550 1.409124 1.089550 0.569722 0.216986 0.063426 0.014839 0.002875 0.000474 0.000068 0.000009 0.000001 0.000000 0.000000 0.000000 0.000000 0.000000 0.000000 0.000000 0.000000 0.000000 
0.000000 0.000000 0.000000 0.000000 0.000000 0.000000 0.000000 0.000000 0.000000 0.000000 0.000000 0.000001 0.000005 0.000038 0.000239 0.001276 0.005687 0.020497 0.057175 0.115880 0.154370 0.115880 0.057175 0.020497 0.005687 0.001276 0.000239 0.000038 0.000005 0.000001 0.000000 0.000000 0.000000 0.000000 0.000000 0.000000 0.000000 0.000000 0.000000 0.000000 
0.000000 0.000000 0.000000 0.000000 0.000000 0.000000 0.000000 0.000000 0.000000 0.000000 0.000000 0.000000 0.000000 0.000003 0.000018 0.000099 0.000452 0.001676 0.004825 0.010062 0.013600 0.010062 0.004825 0.001676 0.000452 0.000099 0.000018 0.000003 0.000000 0.000000 0.000000 0.000000 0.000000 0.000000 0.000000 0.000000 0.000000 0.000000 0.000000 0.000000 
0.000000 0.000000 0.000000 0.000000 0.000000 0.000000 0.000000 0.000000 0.000000 0.000000 0.000000 0.000000 0.000000 0.000000 0.000001 0.000007 0.000033 0.000123 0.000362 0.000767 0.001046 0.000767 0.000362 0.000123 0.000033 0.000007 0.000001 0.000000 0.000000 0.000000 0.000000 0.000000 0.000000 0.000000 0.000000 0.000000 0.000000 0.000000 0.000000 0.000000 
0.000000 0.000000 0.000000 0.000000 0.000000 0.000000 0.000000 0.000000 0.000000 0.000000 0.000000 0.000000 0.000000 0.000000 0.000000 0.000000 0.000002 0.000008 0.000025 0.000053 0.000073 0.000053 0.000025 0.000008 0.000002 0.000000 0.000000 0.000000 0.000000 0.000000 0.000000 0.000000 0.000000 0.000000 0.000000 0.000000 0.000000 0.000000 0.000000 0.000000 
0.000000 0.000000 0.000000 0.000000 0.000000 0.000000 0.000000 0.000000 0.000000 0.000000 0.000000 0.000000 0.000000 0.000000 0.000000 0.000000 0.000000 0.000001 0.000002 0.000004 0.000005 0.000004 0.000002 0.000001 0.000000 0.000000 0.000000 0.000000 0.000000 0.000000 0.000000 0.000000 0.000000 0.000000 0.000000 0.000000 0.000000 0.000000 0.000000 0.000000 
