0.000000 0.000000 0.000000 0.000000 0.000000 0.000002 0.000014 0.000108 0.000747 0.004677 0.026326 0.130998 0.563541 2.038343 6.035226 14.270188 26.662468 41.270641 57.113762 75.718849 123.684334 75.718857 57.113766 41.270641 26.662468 14.270190 6.035231 2.038343 0.563541 0.130998 0.026326 0.004677 0.000747 0.000108 0.000014 0.000002 0.000000 0.000000 0.000000 0.000000 
0.000000 0.000000 0.000000 0.000000 0.000002 0.000017 0.000137 0.001006 0.006704 0.040105 0.210811 0.939985 3.341637 8.670985 15.909028 23.492041 32.992653 45.243286 59.681244 77.425476 124.922325 77.425476 59.681244 45.243286 32.992657 23.492044 15.909034 8.670991 3.341637 0.939985 0.210811 0.040105 0.006704 0.001006 0.000137 0.000017 0.000002 0.000000 0.000000 0.000000 
0.000000 0.000000 0.000000 0.000002 0.000020 0.000170 0.001322 0.009353 0.059350 0.328805 1.513480 5.263490 12.292390 19.697622 26.219320 32.605396 40.179150 50.338600 63.249138 79.848747 126.846786 79.848747 63.249142 50.338604 40.179153 32.605404 26.219328 19.697626 12.292390 5.263490 1.513480 0.328805 0.059350 0.009353 0.001322 0.000170 0.000020 0.000002 0.000000 0.000000 
0.000000 0.000000 0.000002 0.000021 0.000189 0.001556 0.011657 0.078220 0.454982 2.147455 7.219058 15.267984 22.730864 29.397455 35.311363 40.977757 47.366570 55.912231 67.363014 82.761879 129.251205 82.761879 67.363022 55.912243 47.366581 40.977764 35.311367 29.397457 22.730862 15.267984 7.219058 2.147455 0.454982 0.078220 0.011657 0.001556 0.000189 0.000021 0.000002 0.000000 
0.000000 0.000002 0.000020 0.000189 0.001642 0.013004 0.092139 0.562294 2.721447 8.873232 17.424513 25.032909 31.815756 37.906586 43.454559 48.741764 54.436085 61.789780 71.937332 86.067772 132.074646 86.067780 71.937347 61.789787 54.436092 48.741772 43.454563 37.906590 31.815754 25.032909 17.424513 8.873232 2.721447 0.562294 0.092139 0.013004 0.001642 0.000189 0.000020 0.000002 
0.000002 0.000017 0.000170 0.001556 0.013004 0.097278 0.624160 3.119321 10.033150 18.869692 26.677542 33.584175 39.849403 45.597809 50.950848 56.075417 61.404793 67.944138 76.957260 89.838989 135.315918 89.838997 76.957275 67.944145 61.404797 56.075424 50.950851 45.597809 39.849400 33.584175 26.677542 18.869692 10.033150 3.119321 0.624160 0.097278 0.013004 0.001556 0.000170 0.000019 
0.000014 0.000137 0.001322 0.011657 0.092139 0.624160 3.261250 10.622796 19.704710 27.724094 34.804405 41.225689 47.171936 52.740952 58.025982 63.130878 68.334160 74.375542 82.492905 94.125343 139.040085 94.125336 82.492912 74.375549 68.334167 63.130882 58.025982 52.740952 47.171936 41.225689 34.804405 27.724094 19.704710 10.622796 3.261250 0.624160 0.092139 0.011657 0.001323 0.000151 
0.000108 0.001006 0.009353 0.078220 0.562294 3.119321 10.622796 19.978506 28.231209 35.517639 42.118515 48.242195 54.019375 59.529846 64.847069 70.043808 75.294296 81.124474 88.591171 99.089653 143.347153 99.089645 88.591171 81.124481 75.294304 70.043808 64.847069 59.529846 54.019375 48.242195 42.118515 35.517639 28.231207 19.978506 10.622796 3.119321 0.562295 0.078220 0.009362 0.001105 
0.000747 0.006704 0.059350 0.454982 2.721447 10.033150 19.704712 28.231209 35.751678 42.558727 48.871304 54.838017 60.561378 66.108917 71.546432 76.930801 82.377090 88.231743 95.357140 104.854980 148.415298 104.854973 95.357140 88.231743 82.377090 76.930801 71.546432 66.108917 60.561378 54.838017 48.871304 42.558727 35.751678 28.231207 19.704710 10.033150 2.721449 0.454988 0.059414 0.007381 
0.004677 0.040105 0.328805 2.147455 8.873232 18.869692 27.724096 35.517639 42.558727 49.078747 55.240417 61.161175 66.926468 72.599449 78.241600 83.908157 89.676338 95.786942 102.863770 111.637321 154.490265 111.637314 102.863762 95.786942 89.676338 83.908157 78.241600 72.599442 66.926468 61.161175 55.240417 49.078747 42.558727 35.517639 27.724094 18.869692 8.873239 2.147500 0.329220 0.044335 
0.026326 0.210811 1.513480 7.219058 17.424513 26.677542 34.804405 42.118515 48.871304 55.240417 61.358696 67.324432 73.217834 79.102089 85.040726 91.086655 97.318153 103.882584 111.267250 119.615120 161.965317 119.615112 111.267250 103.882584 97.318153 91.086655 85.040733 79.102089 73.217834 67.324432 61.358696 55.240417 48.871307 42.118523 34.804417 26.677576 17.424612 7.219491 1.516137 0.234622 
0.130998 0.939985 5.263490 15.267984 25.032909 33.584175 41.225693 48.242195 54.838017 61.161175 67.324425 73.420319 79.526283 85.712883 92.044090 98.593468 105.427544 112.684395 120.711273 129.060318 171.416107 129.060318 120.711281 112.684395 105.427544 98.593468 92.044090 85.712883 79.526291 73.420326 67.324432 61.161179 54.838028 48.242256 41.225895 33.584572 25.034170 15.272265 5.282783 1.061844 
0.563541 3.341637 12.292390 22.730864 31.815756 39.849403 47.171940 54.019379 60.561375 66.926468 73.217827 79.526276 85.935036 92.518974 99.365356 106.551208 114.184547 122.365967 131.480408 140.250870 183.728180 140.250870 131.480423 122.365967 114.184547 106.551216 99.365356 92.518974 85.935081 79.526360 73.217964 66.926712 60.561806 54.020634 47.174473 39.855854 31.832264 22.776323 12.437284 3.944403 
2.038343 8.670985 19.697622 29.397455 37.906586 45.597809 52.740952 59.529846 66.108910 72.599442 79.102089 85.712883 92.518982 99.622086 107.117775 115.131340 123.776237 133.219727 143.865204 153.614502 200.197845 153.614502 143.865204 133.219742 123.776245 115.131363 107.117805 99.622147 92.519226 85.713600 79.103523 72.604713 66.117996 59.546474 52.776299 45.676170 38.077923 29.784201 20.638094 11.368004 
6.035227 15.909028 26.219320 35.311363 43.454559 50.950848 58.025982 64.847069 71.546432 78.241592 85.040733 92.044090 99.365356 107.117775 115.448555 124.497627 134.478378 145.538895 158.379013 169.732056 222.231491 169.732071 158.379013 145.538925 134.478470 124.497894 115.449226 107.119408 99.368912 92.052490 85.059044 78.280518 71.625664 65.002823 58.332294 51.539894 44.570766 37.414787 30.222519 23.883095 
14.270188 23.492041 32.605396 40.977757 48.741764 56.075417 63.130878 70.043808 76.930801 83.908157 91.086655 98.593468 106.551224 115.131348 124.497627 134.897980 146.570190 159.806534 175.537888 189.325378 250.191650 189.325500 175.538071 159.807037 146.571518 134.900970 124.504883 115.147392 106.585167 98.662033 91.222809 84.165390 77.399437 70.871651 64.546257 58.422726 52.528721 46.949612 41.896015 38.027382 
26.662468 32.992653 40.179150 47.366570 54.436085 61.404793 68.334160 75.294296 82.377090 89.676338 97.318153 105.427544 114.184547 123.776237 134.478378 146.570190 160.482758 176.507446 196.008652 213.260284 279.806488 213.260727 196.009995 176.511398 160.492203 146.592819 134.526505 123.872948 114.370186 105.766502 97.914848 90.681267 84.002213 77.823853 72.131378 66.913437 62.186028 57.985996 54.446144 51.962334 
41.270641 45.243286 50.338600 55.912231 61.789780 67.944138 74.375542 81.124474 88.231743 95.786942 103.882584 112.684395 122.365967 133.219727 145.538895 159.806534 176.507446 196.032883 219.949509 240.877274 303.056274 240.879623 219.956589 196.053757 176.556732 159.912521 145.748077 133.605637 123.036339 113.786263 105.613838 98.388657 91.977852 86.314781 81.312347 76.926483 73.100861 69.838531 67.198822 65.451889 
57.113762 59.681244 63.249134 67.363014 71.937340 76.957260 82.492905 88.591171 95.357140 102.863770 111.267250 120.711266 131.480408 143.865204 158.379013 175.537903 196.008636 219.949493 247.894287 271.393097 316.085022 271.401031 247.922882 220.038635 196.216965 175.955353 159.128342 145.103302 133.399719 123.525749 115.209816 108.155106 102.193756 97.118561 92.818260 89.145744 86.043518 83.451347 81.427605 80.125671 
75.718857 77.425484 79.848747 82.761879 86.067780 89.838989 94.125343 99.089653 104.854980 111.637314 119.615112 129.060303 140.250870 153.614502 169.732071 189.325394 213.260254 240.877274 271.393097 293.751617 321.649872 293.766785 271.461182 241.087692 213.659348 189.870163 170.373260 154.384323 141.264496 130.422043 121.416649 113.900414 107.595879 102.283829 97.793671 93.989815 90.788261 88.142601 86.095459 84.800362 
123.684334 124.922310 126.846771 129.251205 132.074646 135.315918 139.040115 143.347183 148.415329 154.490311 161.965347 171.416153 183.728195 200.197845 222.231476 250.191650 279.806488 303.056274 316.085022 321.649872 325.596069 321.668091 316.373932 305.600128 291.005249 277.635620 268.024536 261.588043 257.156677 253.975037 251.592972 249.746185 248.276947 247.081406 246.097046 245.279556 244.605881 244.063553 243.659058 243.417007 
75.718857 77.425484 79.848747 82.761879 86.067780 89.838997 94.125343 99.089653 104.854973 111.637314 119.615120 129.060318 140.250870 153.614502 169.732071 189.325500 213.260742 240.879639 271.401062 293.766785 321.668091 293.782532 271.469696 241.090149 213.659821 189.870255 170.373260 154.384308 141.264511 130.422073 121.416664 113.900421 107.595886 102.283829 97.793671 93.989815 90.788261 88.142601 86.095459 84.800362 
57.113766 59.681244 63.249142 67.363022 71.937347 76.957275 82.492912 88.591171 95.357140 102.863762 111.267250 120.711273 131.480408 143.865204 158.379013 175.538071 196.009995 219.956589 247.922913 271.461212 316.373932 271.469696 247.952209 220.045609 196.218246 175.955536 159.128357 145.103302 133.399750 123.525764 115.209824 108.155113 102.193764 97.118561 92.818260 89.145744 86.043518 83.451347 81.427605 80.125671 
41.270641 45.243286 50.338604 55.912243 61.789787 67.944145 74.375549 81.124474 88.231743 95.786942 103.882576 112.684395 122.365967 133.219727 145.538925 159.807037 176.511398 196.053741 220.038620 241.087708 305.600128 241.090149 220.045609 196.074203 176.560715 159.913071 145.748108 133.605637 123.036339 113.786263 105.613846 98.388664 91.977859 86.314789 81.312347 76.926483 73.100861 69.838539 67.198822 65.451889 
26.662468 32.992657 40.179153 47.366581 54.436092 61.404797 68.334167 75.294296 82.377090 89.676338 97.318153 105.427536 114.184540 123.776245 134.478470 146.571518 160.492203 176.556732 196.216949 213.659348 291.005249 213.659821 196.218246 176.560715 160.502060 146.594086 134.526611 123.872948 114.370178 105.766502 97.914856 90.681274 84.002228 77.823853 72.131378 66.913445 62.186035 57.986004 54.446144 51.962334 
14.270195 23.492044 32.605404 40.977764 48.741772 56.075428 63.130882 70.043808 76.930801 83.908157 91.086655 98.593468 106.551224 115.131363 124.497879 134.900970 146.592834 159.912521 175.955353 189.870163 277.635620 189.870255 175.955536 159.913071 146.594086 134.903992 124.505157 115.147400 106.585152 98.662025 91.222801 84.165398 77.399437 70.871658 64.546265 58.422729 52.528725 46.949619 41.896019 38.027386 
6.035231 15.909032 26.219326 35.311367 43.454563 50.950851 58.025982 64.847061 71.546432 78.241600 85.040733 92.044090 99.365356 107.117805 115.449219 124.504875 134.526505 145.748077 159.128342 170.373260 268.024506 170.373260 159.128357 145.748108 134.526611 124.505157 115.449898 107.119431 99.368904 92.052490 85.059036 78.280518 71.625664 65.002823 58.332294 51.539890 44.570766 37.414791 30.222523 23.883099 
2.038344 8.670992 19.697626 29.397457 37.906590 45.597809 52.740952 59.529842 66.108917 72.599442 79.102089 85.712883 92.518974 99.622147 107.119400 115.147377 123.872932 133.605637 145.103317 154.384323 261.588043 154.384308 145.103302 133.605621 123.872948 115.147408 107.119431 99.622208 92.519249 85.713600 79.103523 72.604713 66.117996 59.546474 52.776299 45.676167 38.077923 29.784201 20.638094 11.368004 
0.563541 3.341637 12.292388 22.730862 31.815754 39.849400 47.171936 54.019375 60.561378 66.926468 73.217834 79.526291 85.935081 92.519226 99.368904 106.585167 114.370186 123.036339 133.399734 141.264511 257.156677 141.264496 133.399719 123.036331 114.370178 106.585167 99.368912 92.519249 85.935120 79.526360 73.217964 66.926712 60.561810 54.020634 47.174473 39.855854 31.832266 22.776323 12.437284 3.944403 
0.130998 0.939985 5.263490 15.267984 25.032909 33.584175 41.225693 48.242195 54.838017 61.161175 67.324432 73.420326 79.526352 85.713600 92.052498 98.662033 105.766510 113.786263 123.525749 130.422073 253.975037 130.422058 123.525749 113.786255 105.766502 98.662041 92.052498 85.713600 79.526360 73.420326 67.324432 61.161182 54.838028 48.242256 41.225895 33.584572 25.034172 15.272265 5.282783 1.061844 
0.026326 0.210811 1.513480 7.219058 17.424513 26.677542 34.804405 42.118515 48.871304 55.240417 61.358692 67.324432 73.217957 79.103516 85.059044 91.222809 97.914848 105.613846 115.209816 121.416664 251.592987 121.416664 115.209816 105.613846 97.914856 91.222809 85.059044 79.103523 73.217964 67.324432 61.358700 55.240421 48.871311 42.118530 34.804420 26.677580 17.424614 7.219492 1.516137 0.234622 
0.004677 0.040105 0.328805 2.147455 8.873232 18.869692 27.724094 35.517639 42.558727 49.078747 55.240417 61.161179 66.926712 72.604713 78.280525 84.165405 90.681267 98.388657 108.155106 113.900414 249.746155 113.900414 108.155106 98.388672 90.681282 84.165405 78.280518 72.604713 66.926712 61.161182 55.240421 49.078751 42.558727 35.517639 27.724096 18.869692 8.873237 2.147500 0.329220 0.044335 
0.000747 0.006704 0.059350 0.454982 2.721447 10.033152 19.704710 28.231209 35.751678 42.558727 48.871307 54.838028 60.561810 66.117996 71.625671 77.399437 84.002213 91.977852 102.193756 107.595879 248.276917 107.595886 102.193764 91.977867 84.002228 77.399437 71.625664 66.117996 60.561810 54.838028 48.871311 42.558727 35.751678 28.231209 19.704714 10.033150 2.721449 0.454988 0.059414 0.007381 
0.000108 0.001006 0.009353 0.078220 0.562294 3.119322 10.622796 19.978506 28.231209 35.517639 42.118523 48.242256 54.020634 59.546474 65.002823 70.871658 77.823853 86.314781 97.118561 102.283829 247.081375 102.283829 97.118561 86.314789 77.823853 70.871658 65.002823 59.546474 54.020634 48.242256 42.118530 35.517639 28.231209 19.978504 10.622796 3.119321 0.562295 0.078220 0.009362 0.001105 
0.000014 0.000137 0.001322 0.011657 0.092139 0.624160 3.261250 10.622796 19.704710 27.724094 34.804417 41.225895 47.174477 52.776302 58.332294 64.546265 72.131378 81.312340 92.818260 97.793671 246.097046 97.793671 92.818260 81.312347 72.131378 64.546265 58.332294 52.776299 47.174473 41.225895 34.804420 27.724096 19.704714 10.622796 3.261250 0.624160 0.092139 0.011657 0.001323 0.000151 
0.000002 0.000017 0.000170 0.001556 0.013004 0.097278 0.624160 3.119321 10.033150 18.869692 26.677576 33.584572 39.855854 45.676170 51.539898 58.422729 66.913445 76.926483 89.145744 93.989822 245.279556 93.989815 89.145744 76.926483 66.913445 58.422729 51.539894 45.676170 39.855854 33.584572 26.677580 18.869692 10.033150 3.119321 0.624160 0.097278 0.013004 0.001556 0.000170 0.000019 
0.000000 0.000002 0.000020 0.000189 0.001642 0.013004 0.092139 0.562295 2.721449 8.873239 17.424612 25.034170 31.832264 38.077923 44.570766 52.528725 62.186035 73.100861 86.043518 90.788261 244.605881 90.788261 86.043518 73.100861 62.186031 52.528721 44.570766 38.077923 31.832264 25.034172 17.424614 8.873237 2.721449 0.562295 0.092139 0.013004 0.001642 0.000189 0.000020 0.000002 
0.000000 0.000000 0.000002 0.000021 0.000189 0.001556 0.011657 0.078220 0.454988 2.147500 7.219491 15.272265 22.776323 29.784201 37.414791 46.949619 57.986004 69.838539 83.451347 88.142601 244.063553 88.142601 83.451347 69.838531 57.985996 46.949615 37.414787 29.784199 22.776323 15.272265 7.219492 2.147500 0.454988 0.078220 0.011657 0.001556 0.000189 0.000021 0.000002 0.000000 
0.000000 0.000000 0.000000 0.000002 0.000020 0.000170 0.001323 0.009362 0.059414 0.329220 1.516137 5.282783 12.437284 20.638094 30.222521 41.896019 54.446144 67.198822 81.427605 86.095459 243.659058 86.095459 81.427605 67.198822 54.446144 41.896015 30.222521 20.638094 12.437284 5.282783 1.516137 0.329220 0.059414 0.009362 0.001323 0.000170 0.000020 0.000002 0.000000 0.000000 
0.000000 0.000000 0.000000 0.000000 0.000002 0.000019 0.000151 0.001105 0.007381 0.044335 0.234622 1.061844 3.944403 11.368004 23.883099 38.027382 51.962334 65.451889 80.125671 84.800362 243.417007 84.800362 80.125671 65.451889 51.962334 38.027382 23.883095 11.368003 3.944403 1.061844 0.234622 0.044335 0.007381 0.001105 0.000151 0.000019 0.000002 0.000000 0.000000 0.000000 
