0.000000 0.000000 0.000000 0.000000 0.000000 0.000000 0.000001 0.000011 0.000083 0.000551 0.003314 0.017844 0.084735 0.348051 1.208535 3.476474 8.210725 15.975975 26.151842 37.004028 43.594090 37.004028 26.151844 15.975975 8.210725 3.476474 1.208535 0.348051 0.084735 0.017844 0.003314 0.000551 0.000083 0.000011 0.000001 0.000000 0.000000 0.000000 0.000000 0.000000 
0.000000 0.000000 0.000000 0.000000 0.000000 0.000002 0.000015 0.000113 0.000801 0.005155 0.029721 0.150601 0.651810 2.302155 6.218354 12.297969 18.808889 25.475956 33.468170 42.753883 48.927006 42.753887 33.468170 25.475954 18.808889 12.297969 6.218354 2.302157 0.651810 0.150601 0.029721 0.005155 0.000801 0.000113 0.000015 0.000002 0.000000 0.000000 0.000000 0.000000 
0.000000 0.000000 0.000000 0.000000 0.000002 0.000018 0.000149 0.001125 0.007724 0.047494 0.255366 1.152728 4.056818 10.062419 17.244537 23.471291 29.135855 34.801731 41.438488 49.502048 55.545177 49.502052 41.438488 34.801731 29.135855 23.471291 17.244537 10.062422 4.056818 1.152728 0.255366 0.047494 0.007724 0.001125 0.000149 0.000018 0.000002 0.000000 0.000000 0.000000 
0.000000 0.000000 0.000000 0.000002 0.000020 0.000176 0.001408 0.010277 0.067085 0.380361 1.770758 6.070200 13.570119 20.959812 27.439432 33.166809 38.322041 43.395287 49.185043 56.408600 62.527763 56.408607 49.185043 43.395287 38.322041 33.166809 27.439432 20.959814 13.570119 6.070200 1.770758 0.380361 0.067085 0.010277 0.001408 0.000176 0.000020 0.000002 0.000000 0.000000 
0.000000 0.000000 0.000002 0.000020 0.000186 0.001575 0.012179 0.084171 0.501815 2.398547 7.955039 16.245356 23.735886 30.429359 36.349003 41.718723 46.634926 51.406479 56.693764 63.291584 69.717827 63.291588 56.693764 51.406479 46.634922 41.718719 36.349003 30.429359 23.735886 16.245356 7.955039 2.398547 0.501815 0.084171 0.012179 0.001575 0.000186 0.000020 0.000002 0.000000 
0.000000 0.000002 0.000018 0.000176 0.001575 0.012886 0.094187 0.590707 2.907744 9.422259 18.105482 25.785713 32.598701 38.747341 44.335060 49.513191 54.347160 59.025421 64.038223 70.220093 77.115448 70.220093 64.038216 59.025421 54.347157 49.513187 44.335060 38.747341 32.598701 25.785713 18.105482 9.422259 2.907744 0.590707 0.094187 0.012886 0.001575 0.000176 0.000018 0.000002 
0.000001 0.000015 0.000149 0.001408 0.012179 0.094187 0.623367 3.191519 10.331308 19.279890 27.177057 34.146130 40.465614 46.285053 51.701767 56.813847 61.678143 66.399605 71.343010 77.241905 84.841125 77.241905 71.343010 66.399597 61.678139 56.813847 51.701763 46.285053 40.465614 34.146130 27.177057 19.279890 10.331308 3.191519 0.623367 0.094187 0.012179 0.001408 0.000149 0.000016 
0.000011 0.000113 0.001125 0.010277 0.084171 0.590707 3.191519 10.636994 19.850821 27.977316 35.145832 41.638424 47.653854 53.303089 58.665165 63.813580 68.793976 73.677269 78.696930 84.488853 93.024254 84.488853 78.696930 73.677269 68.793976 63.813576 58.665165 53.303089 47.653854 41.638424 35.145832 27.977316 19.850821 10.636994 3.191519 0.590707 0.084171 0.010277 0.001126 0.000123 
0.000083 0.000801 0.007724 0.067085 0.501815 2.907744 10.331308 19.850821 28.238138 35.634369 42.327938 48.531940 54.388233 59.983883 65.388748 70.659309 75.841530 80.976822 86.237038 92.035713 101.883820 92.035713 86.237038 80.976822 75.841530 70.659309 65.388741 59.983879 54.388229 48.531940 42.327938 35.634369 28.238140 19.850821 10.331308 2.907744 0.501815 0.067085 0.007730 0.000876 
0.000551 0.005155 0.047494 0.380361 2.398547 9.422259 19.279888 27.977314 35.634369 42.555630 48.964397 55.018681 60.827850 66.467232 71.999763 77.479439 82.944046 88.443367 94.068199 100.041214 111.662537 100.041214 94.068192 88.443367 82.944046 77.479439 71.999756 66.467224 60.827850 55.018681 48.964397 42.555630 35.634369 27.977316 19.279890 9.422259 2.398548 0.380365 0.047540 0.005656 
0.003314 0.029721 0.255366 1.770758 7.955039 18.105482 27.177055 35.145828 42.327938 48.964397 55.226471 61.238991 67.094818 72.865173 78.610519 84.383278 90.235771 96.197968 102.372849 108.626129 122.735741 108.626122 102.372841 96.197960 90.235771 84.383270 78.610512 72.865166 67.094826 61.238991 55.226471 48.964397 42.327938 35.145832 27.177057 18.105484 7.955045 1.770790 0.255649 0.032729 
0.017844 0.150601 1.152728 6.070200 16.245356 25.785713 34.146130 41.638420 48.531937 55.018684 61.238991 67.302498 73.288612 79.276299 85.321518 91.491577 97.834137 104.414635 111.304871 118.026260 135.569519 118.026253 111.304855 104.414627 97.834137 91.491577 85.321503 79.276291 73.288612 67.302498 61.238991 55.018684 48.531944 41.638428 34.146137 25.785727 16.245399 6.070453 1.154405 0.166780 
0.084735 0.651810 4.056818 13.570119 23.735886 32.598701 40.465614 47.653854 54.388226 60.827850 67.094826 73.288612 79.494217 85.784172 92.234650 98.910309 105.898094 113.246704 121.139214 128.470093 150.848999 128.470093 121.139214 113.246696 105.898094 98.910309 92.234642 85.784157 79.494217 73.288612 67.094818 60.827854 54.388237 47.653881 40.465691 32.598934 23.736582 13.572495 4.067854 0.729860 
0.348051 2.302155 10.062419 20.959812 30.429359 38.747341 46.285053 53.303089 59.983879 66.467224 72.865166 79.276291 85.784157 92.480476 99.445602 106.781197 114.572784 122.943115 132.113541 140.351501 169.472992 140.351501 132.113541 122.943115 114.572784 106.781204 99.445610 92.480492 85.784172 79.276314 72.865196 66.467346 59.984119 53.303734 46.286457 38.750813 30.437984 20.983549 10.141370 2.657637 
1.208535 6.218354 17.244537 27.439432 36.349003 44.335060 51.701767 58.665165 65.388748 71.999763 78.610512 85.321503 92.234642 99.445602 107.074997 115.230225 124.080971 133.719604 144.667847 154.141449 192.477478 154.141449 144.667831 133.719604 124.080978 115.230240 107.075027 99.445686 92.234810 85.321907 78.611351 72.001205 65.391220 58.673573 51.720230 44.376205 36.438366 27.641232 17.747473 7.792852 
3.476474 12.297969 23.471291 33.166809 41.718723 49.513191 56.813847 63.813580 70.659309 77.479439 84.383270 91.491577 98.910309 106.781197 115.230225 124.455048 134.622803 145.967682 159.196945 170.484741 220.797363 170.484741 159.196945 145.967712 134.622879 124.455261 115.230721 106.782295 98.912483 91.497139 84.394119 77.501488 70.703545 63.902386 56.986130 49.845245 42.355740 34.400654 25.947607 17.758032 
8.210725 18.808889 29.135855 38.322041 46.634926 54.347160 61.678143 68.793976 75.841530 82.944046 90.235771 97.834137 105.898094 114.572769 124.080971 134.622803 146.541641 160.042694 176.342636 190.281158 253.218155 190.281189 176.342712 160.042953 146.542435 134.624908 124.085815 114.583336 105.920357 97.879753 90.325485 83.115211 76.156944 69.358017 62.661114 56.015800 49.409466 42.869408 36.581089 31.345737 
15.975975 25.475956 34.801731 43.395287 51.406479 59.025421 66.399605 73.677269 80.976822 88.443367 96.197968 104.414635 113.246704 122.943115 133.719604 145.967682 160.042694 176.329391 196.449127 213.778702 284.240051 213.779022 196.450027 176.332077 160.049500 145.983948 133.755676 123.017632 113.392517 104.686333 96.684158 89.278877 82.356842 75.875351 69.781441 64.069290 58.726192 53.800831 49.433575 46.179688 
26.151840 33.468170 41.438488 49.185043 56.693764 64.038223 71.343010 78.696930 86.237038 94.068192 102.372849 111.304863 121.139214 132.113541 144.667847 159.196945 176.342636 196.449112 221.107330 242.825974 306.246643 242.827896 221.113190 196.467804 176.388931 159.298798 144.871613 132.493439 121.808846 112.424706 104.166679 96.819984 90.297989 84.466927 79.270271 74.604881 70.441597 66.738861 63.611874 61.389736 
37.004028 42.753883 49.502048 56.408604 63.291584 70.220093 77.241905 84.488853 92.035713 100.041214 108.626129 118.026260 128.470093 140.351501 154.141449 170.484741 190.281158 213.778702 242.825974 267.072388 316.906372 267.078278 242.847977 213.846954 190.435852 170.777725 154.659012 141.243393 129.975754 120.453163 112.342117 105.427773 99.470367 94.327148 89.820137 85.869995 82.372437 79.337715 76.807846 75.084381 
43.594086 48.927002 55.545174 62.527767 69.717827 77.115456 84.841125 93.024254 101.883820 111.662537 122.735748 135.569519 150.848984 169.472992 192.477478 220.797333 253.218140 284.240051 306.246643 316.906372 324.510895 316.918457 306.420044 285.563660 258.418488 233.119614 213.659653 199.591782 189.279099 181.508286 175.463547 170.615311 166.637131 163.298264 160.462387 158.029434 155.955612 154.224213 152.880737 152.041824 
37.004028 42.753887 49.502052 56.408607 63.291588 70.220100 77.241913 84.488861 92.035721 100.041214 108.626137 118.026268 128.470093 140.351486 154.141449 170.484772 190.281219 213.779037 242.827911 267.078278 316.918457 267.084229 242.849762 213.847290 190.435883 170.777725 154.659012 141.243378 129.975754 120.453156 112.342117 105.427773 99.470367 94.327148 89.820137 85.869995 82.372437 79.337715 76.807846 75.084381 
26.151844 33.468170 41.438484 49.185040 56.693764 64.038216 71.343010 78.696930 86.237045 94.068199 102.372849 111.304871 121.139214 132.113541 144.667862 159.196945 176.342743 196.450043 221.113205 242.847992 306.420044 242.849762 221.119263 196.468719 176.389008 159.298798 144.871613 132.493439 121.808838 112.424698 104.166679 96.819992 90.297989 84.466919 79.270264 74.604881 70.441597 66.738861 63.611874 61.389736 
15.975975 25.475954 34.801727 43.395287 51.406479 59.025421 66.399605 73.677277 80.976830 88.443367 96.197968 104.414635 113.246696 122.943115 133.719604 145.967712 160.042984 176.332108 196.467804 213.846970 285.563660 213.847290 196.468719 176.334793 160.049805 145.983978 133.755676 123.017632 113.392517 104.686333 96.684158 89.278877 82.356842 75.875351 69.781441 64.069290 58.726196 53.800835 49.433575 46.179688 
8.210725 18.808889 29.135855 38.322041 46.634922 54.347160 61.678143 68.793983 75.841537 82.944054 90.235771 97.834137 105.898094 114.572777 124.080986 134.622879 146.542450 160.049530 176.388931 190.435867 258.418488 190.435883 176.389008 160.049805 146.543259 134.624969 124.085823 114.583328 105.920357 97.879753 90.325485 83.115211 76.156937 69.358017 62.661114 56.015800 49.409470 42.869408 36.581089 31.345737 
3.476475 12.297969 23.471291 33.166809 41.718719 49.513191 56.813850 63.813583 70.659317 77.479439 84.383278 91.491577 98.910309 106.781204 115.230240 124.455261 134.624908 145.983948 159.298798 170.777725 233.119614 170.777725 159.298798 145.983978 134.624969 124.455460 115.230728 106.782288 98.912483 91.497131 84.394112 77.501488 70.703545 63.902386 56.986130 49.845245 42.355743 34.400654 25.947611 17.758032 
1.208535 6.218355 17.244539 27.439434 36.349003 44.335064 51.701771 58.665169 65.388748 71.999756 78.610519 85.321518 92.234650 99.445610 107.075027 115.230721 124.085831 133.755676 144.871613 154.659012 213.659653 154.659012 144.871613 133.755676 124.085823 115.230728 107.075050 99.445671 92.234802 85.321899 78.611351 72.001205 65.391220 58.673573 51.720230 44.376205 36.438370 27.641233 17.747477 7.792853 
0.348051 2.302158 10.062422 20.959814 30.429359 38.747341 46.285053 53.303089 59.983879 66.467224 72.865173 79.276299 85.784172 92.480492 99.445686 106.782288 114.583336 123.017632 132.493439 141.243393 199.591782 141.243378 132.493439 123.017624 114.583321 106.782280 99.445671 92.480476 85.784164 79.276314 72.865204 66.467346 59.984119 53.303734 46.286457 38.750813 30.437984 20.983549 10.141370 2.657637 
0.084735 0.651811 4.056818 13.570119 23.735886 32.598701 40.465618 47.653858 54.388233 60.827850 67.094818 73.288612 79.494217 85.784172 92.234810 98.912483 105.920357 113.392517 121.808838 129.975754 189.279053 129.975754 121.808838 113.392509 105.920341 98.912476 92.234795 85.784164 79.494209 73.288605 67.094818 60.827850 54.388233 47.653881 40.465694 32.598934 23.736582 13.572495 4.067854 0.729860 
0.017844 0.150601 1.152728 6.070200 16.245356 25.785713 34.146130 41.638424 48.531940 55.018684 61.238991 67.302498 73.288612 79.276314 85.321899 91.497131 97.879753 104.686333 112.424698 120.453156 181.508270 120.453148 112.424690 104.686333 97.879745 91.497131 85.321899 79.276306 73.288605 67.302490 61.238991 55.018684 48.531944 41.638428 34.146137 25.785727 16.245401 6.070453 1.154405 0.166780 
0.003314 0.029721 0.255366 1.770758 7.955039 18.105482 27.177057 35.145832 42.327938 48.964397 55.226471 61.238991 67.094818 72.865196 78.611351 84.394112 90.325485 96.684158 104.166679 112.342117 175.463547 112.342117 104.166679 96.684158 90.325485 84.394112 78.611351 72.865196 67.094818 61.238991 55.226471 48.964397 42.327938 35.145832 27.177059 18.105488 7.955047 1.770790 0.255649 0.032729 
0.000551 0.005155 0.047494 0.380361 2.398547 9.422259 19.279890 27.977316 35.634369 42.555630 48.964397 55.018681 60.827850 66.467346 72.001205 77.501488 83.115211 89.278877 96.819992 105.427773 170.615311 105.427773 96.819992 89.278877 83.115211 77.501488 72.001205 66.467346 60.827850 55.018684 48.964397 42.555630 35.634369 27.977316 19.279890 9.422259 2.398549 0.380365 0.047540 0.005656 
0.000083 0.000801 0.007724 0.067085 0.501815 2.907744 10.331308 19.850821 28.238138 35.634369 42.327938 48.531944 54.388229 59.984116 65.391220 70.703545 76.156944 82.356842 90.297989 99.470375 166.637131 99.470367 90.297989 82.356842 76.156937 70.703537 65.391220 59.984119 54.388233 48.531944 42.327938 35.634369 28.238142 19.850822 10.331311 2.907744 0.501815 0.067085 0.007730 0.000876 
0.000011 0.000113 0.001125 0.010277 0.084171 0.590707 3.191519 10.636994 19.850821 27.977316 35.145832 41.638428 47.653877 53.303726 58.673573 63.902386 69.358017 75.875351 84.466927 94.327164 163.298248 94.327148 84.466919 75.875343 69.358002 63.902382 58.673569 53.303734 47.653881 41.638428 35.145832 27.977316 19.850822 10.636994 3.191519 0.590707 0.084171 0.010277 0.001126 0.000123 
0.000001 0.000015 0.000149 0.001408 0.012179 0.094187 0.623367 3.191519 10.331308 19.279890 27.177061 34.146137 40.465691 46.286453 51.720230 56.986130 62.661114 69.781441 79.270271 89.820152 160.462387 89.820137 79.270264 69.781441 62.661110 56.986130 51.720226 46.286457 40.465694 34.146137 27.177059 19.279890 10.331311 3.191519 0.623367 0.094187 0.012179 0.001408 0.000149 0.000016 
0.000000 0.000002 0.000018 0.000176 0.001575 0.012886 0.094187 0.590707 2.907744 9.422259 18.105484 25.785727 32.598934 38.750813 44.376209 49.845245 56.015800 64.069290 74.604881 85.869995 158.029434 85.869995 74.604881 64.069290 56.015800 49.845245 44.376202 38.750813 32.598934 25.785727 18.105488 9.422259 2.907744 0.590707 0.094187 0.012886 0.001575 0.000176 0.000018 0.000002 
0.000000 0.000000 0.000002 0.000020 0.000186 0.001575 0.012179 0.084171 0.501815 2.398548 7.955045 16.245399 23.736582 30.437984 36.438370 42.355743 49.409466 58.726192 70.441605 82.372444 155.955612 82.372437 70.441597 58.726196 49.409470 42.355743 36.438370 30.437986 23.736582 16.245401 7.955047 2.398549 0.501815 0.084171 0.012179 0.001575 0.000186 0.000020 0.000002 0.000000 
0.000000 0.000000 0.000000 0.000002 0.000020 0.000176 0.001408 0.010277 0.067085 0.380365 1.770790 6.070453 13.572495 20.983549 27.641233 34.400654 42.869408 53.800831 66.738861 79.337715 154.224213 79.337715 66.738861 53.800831 42.869408 34.400654 27.641233 20.983549 13.572495 6.070453 1.770790 0.380365 0.067085 0.010277 0.001408 0.000176 0.000020 0.000002 0.000000 0.000000 
0.000000 0.000000 0.000000 0.000000 0.000002 0.000018 0.000149 0.001126 0.007730 0.047540 0.255649 1.154405 4.067854 10.141370 17.747477 25.947609 36.581089 49.433575 63.611874 76.807846 152.880737 76.807846 63.611874 49.433575 36.581089 25.947609 17.747475 10.141370 4.067854 1.154405 0.255649 0.047540 0.007730 0.001126 0.000149 0.000018 0.000002 0.000000 0.000000 0.000000 
0.000000 0.000000 0.000000 0.000000 0.000000 0.000002 0.000016 0.000123 0.000876 0.005656 0.032729 0.166780 0.729860 2.657637 7.792853 17.758032 31.345737 46.179688 61.389736 75.084381 152.041824 75.084381 61.389736 46.179688 31.345737 17.758032 7.792852 2.657636 0.729860 0.166780 0.032729 0.005656 0.000876 0.000123 0.000016 0.000002 0.000000 0.000000 0.000000 0.000000 
