0.000000 0.000000 0.000000 0.000000 0.000000 0.000000 0.000000 0.000000 0.000000 0.000000 0.000000 0.000000 0.000000 0.000000 0.000000 0.000000 0.000000 0.000000 0.000000 0.000000 0.000000 0.000000 0.000000 0.000000 0.000000 0.000000 0.000000 0.000000 0.000000 0.000000 0.000000 0.000000 0.000000 0.000000 0.000000 0.000000 0.000000 0.000000 0.000000 0.000000 
0.000000 0.000000 0.000000 0.000000 0.000000 0.000000 0.000000 0.000000 0.000000 0.000000 0.000000 0.000000 0.000000 0.000000 0.000000 0.000000 0.000000 0.000000 0.000000 0.000000 0.000001 0.000000 0.000000 0.000000 0.000000 0.000000 0.000000 0.000000 0.000000 0.000000 0.000000 0.000000 0.000000 0.000000 0.000000 0.000000 0.000000 0.000000 0.000000 0.000000 
0.000000 0.000000 0.000000 0.000000 0.000000 0.000000 0.000000 0.000000 0.000000 0.000000 0.000000 0.000000 0.000000 0.000000 0.000000 0.000000 0.000000 0.000003 0.000015 0.000047 0.000074 0.000047 0.000015 0.000003 0.000000 0.000000 0.000000 0.000000 0.000000 0.000000 0.000000 0.000000 0.000000 0.000000 0.000000 0.000000 0.000000 0.000000 0.000000 0.000000 
0.000000 0.000000 0.000000 0.000000 0.000000 0.000000 0.000000 0.000000 0.000000 0.000000 0.000000 0.000000 0.000000 0.000000 0.000000 0.000003 0.000033 0.000274 0.001421 0.004179 0.006263 0.004179 0.001421 0.000274 0.000033 0.000003 0.000000 0.000000 0.000000 0.000000 0.000000 0.000000 0.000000 0.000000 0.000000 0.000000 0.000000 0.000000 0.000000 0.000000 
0.000000 0.000000 0.000000 0.000000 0.000000 0.000000 0.000000 0.000000 0.000000 0.000000 0.000000 0.000000 0.000000 0.000001 0.000015 0.000247 0.002699 0.018386 0.074372 0.175785 0.239554 0.175785 0.074372 0.018386 0.002699 0.000247 0.000015 0.000001 0.000000 0.000000 0.000000 0.000000 0.000000 0.000000 0.000000 0.000000 0.000000 0.000000 0.000000 0.000000 
0.000000 0.000000 0.000000 0.000000 0.000000 0.000000 0.000000 0.000000 0.000000 0.000000 0.000000 0.000000 0.000002 0.000061 0.001197 0.015212 0.113005 0.469303 1.170650 1.987157 2.346701 1.987157 1.170650 0.469303 0.113005 0.015212 0.001197 0.000061 0.000002 0.000000 0.000000 0.000000 0.000000 0.000000 0.000000 0.000000 0.000000 0.000000 0.000000 0.000000 
0.000000 0.000000 0.000000 0.000000 0.000000 0.000000 0.000000 0.000000 0.000000 0.000000 0.000000 0.000005 0.000172 0.003890 0.052940 0.372848 1.357482 3.090585 5.333105 7.373698 8.694963 7.373698 5.333105 3.090586 1.357482 0.372848 0.052940 0.003890 0.000172 0.000005 0.000000 0.000000 0.000000 0.000000 0.000000 0.000000 0.000000 0.000000 0.000000 0.000000 
0.000000 0.000000 0.000000 0.000000 0.000000 0.000000 0.000000 0.000000 0.000000 0.000000 0.000009 0.000353 0.008923 0.123740 0.782844 2.498308 5.351839 9.196234 13.458678 17.497492 19.530321 17.497492 13.458678 9.196233 5.351839 2.498308 0.782844 0.123740 0.008923 0.000353 0.000009 0.000000 0.000000 0.000000 0.000000 0.000000 0.000000 0.000000 0.000000 0.000000 
0.000000 0.000000 0.000000 0.000000 0.000000 0.000000 0.000000 0.000000 0.000000 0.000012 0.000537 0.015088 0.211636 1.225003 3.618238 7.520052 12.819306 19.117468 25.953556 32.019676 36.040207 32.019680 25.953556 19.117470 12.819308 7.520052 3.618238 1.225003 0.211636 0.015088 0.000537 0.000012 0.000000 0.000000 0.000000 0.000000 0.000000 0.000000 0.000000 0.000000 
0.000000 0.000000 0.000000 0.000000 0.000000 0.000000 0.000000 0.000000 0.000012 0.000617 0.019441 0.283904 1.582349 4.533838 9.308764 15.842540 23.822849 32.930401 42.294403 51.353050 56.813259 51.353058 42.294399 32.930397 23.822849 15.842539 9.308763 4.533838 1.582349 0.283904 0.019441 0.000617 0.000012 0.000000 0.000000 0.000000 0.000000 0.000000 0.000000 0.000000 
0.000000 0.000000 0.000000 0.000000 0.000000 0.000000 0.000000 0.000009 0.000537 0.019441 0.311661 1.779038 5.125593 10.566581 18.079447 27.405733 38.293175 50.098717 62.507198 73.855820 83.100433 73.855827 62.507202 50.098713 38.293179 27.405731 18.079449 10.566579 5.125594 1.779038 0.311661 0.019441 0.000537 0.000009 0.000000 0.000000 0.000000 0.000000 0.000000 0.000000 
0.000000 0.000000 0.000000 0.000000 0.000000 0.000000 0.000005 0.000353 0.015088 0.283904 1.779038 5.329400 11.213177 19.445122 29.805264 42.074188 55.716122 70.496155 85.260910 100.115974 112.047134 100.115982 85.260895 70.496155 55.716122 42.074177 29.805265 19.445122 11.213180 5.329400 1.779037 0.283904 0.015088 0.000353 0.000005 0.000000 0.000000 0.000000 0.000000 0.000000 
0.000000 0.000000 0.000000 0.000000 0.000000 0.000002 0.000172 0.008923 0.211636 1.582349 5.125595 11.213178 19.903700 31.005812 44.320011 59.356136 75.903976 93.042664 110.880852 127.293976 145.553284 127.293968 110.880852 93.042664 75.903969 59.356136 44.320011 31.005814 19.903700 11.213179 5.125594 1.582349 0.211636 0.008923 0.000172 0.000002 0.000000 0.000000 0.000000 0.000000 
0.000000 0.000000 0.000000 0.000000 0.000001 0.000061 0.003890 0.123740 1.225003 4.533839 10.566579 19.445120 31.005814 45.064312 61.146214 79.042618 97.927345 117.877426 137.231384 156.930939 179.104477 156.930954 137.231354 117.877434 97.927345 79.042618 61.146214 45.064304 31.005814 19.445122 10.566579 4.533838 1.225003 0.123740 0.003890 0.000061 0.000001 0.000000 0.000000 0.000000 
0.000000 0.000000 0.000000 0.000000 0.000015 0.001197 0.052940 0.782844 3.618238 9.308764 18.079449 29.805265 44.320011 61.146214 80.072464 100.289734 121.837128 143.284378 165.553467 184.897064 215.876068 184.897064 165.553467 143.284378 121.837128 100.289734 80.072464 61.146214 44.320011 29.805265 18.079449 9.308763 3.618238 0.782844 0.052940 0.001197 0.000015 0.000000 0.000000 0.000000 
0.000000 0.000000 0.000000 0.000003 0.000247 0.015212 0.372848 2.498308 7.520052 15.842540 27.405733 42.074188 59.356133 79.042618 100.289734 123.123047 146.155533 170.170120 192.548340 214.622864 249.447632 214.622864 192.548340 170.170105 146.155533 123.123047 100.289734 79.042618 59.356136 42.074177 27.405731 15.842538 7.520051 2.498309 0.372848 0.015212 0.000247 0.000003 0.000000 0.000000 
0.000000 0.000000 0.000000 0.000033 0.002699 0.113005 1.357482 5.351839 12.819306 23.822849 38.293175 55.716125 75.903969 97.927361 121.837128 146.155533 171.639297 195.772888 221.106689 240.188797 284.557526 240.188782 221.106689 195.772873 171.639297 146.155533 121.837128 97.927345 75.903969 55.716122 38.293175 23.822847 12.819308 5.351839 1.357482 0.113005 0.002699 0.000033 0.000000 0.000000 
0.000000 0.000000 0.000003 0.000274 0.018386 0.469303 3.090585 9.196234 19.117468 32.930401 50.098713 70.496155 93.042664 117.877434 143.284378 170.170120 195.772888 222.467285 246.167511 267.555664 313.441864 267.555634 246.167511 222.467285 195.772873 170.170105 143.284378 117.877434 93.042664 70.496155 50.098713 32.930397 19.117472 9.196235 3.090586 0.469303 0.018386 0.000274 0.000003 0.000000 
0.000000 0.000000 0.000015 0.001421 0.074372 1.170650 5.333105 13.458678 25.953556 42.294403 62.507198 85.260910 110.880852 137.231384 165.553467 192.548340 221.106674 246.167496 272.927032 290.321442 343.520874 290.321442 272.927002 246.167511 221.106659 192.548340 165.553467 137.231369 110.880852 85.260895 62.507202 42.294399 25.953556 13.458678 5.333105 1.170650 0.074372 0.001421 0.000015 0.000000 
0.000000 0.000000 0.000047 0.004179 0.175785 1.987157 7.373698 17.497490 32.019684 51.353050 73.855820 100.115967 127.293976 156.930939 184.897064 214.622833 240.188812 267.555664 290.321442 307.501129 357.032959 307.501129 290.321442 267.555634 240.188812 214.622833 184.897064 156.930939 127.293968 100.115982 73.855827 51.353054 32.019680 17.497492 7.373698 1.987157 0.175786 0.004179 0.000047 0.000000 
0.000000 0.000001 0.000074 0.006263 0.239554 2.346701 8.694964 19.530321 36.040211 56.813255 83.100433 112.047119 145.553284 179.104477 215.876068 249.447617 284.557526 313.441833 343.520844 357.032959 399.905090 357.032959 343.520874 313.441833 284.557526 249.447617 215.876068 179.104492 145.553284 112.047127 83.100441 56.813259 36.040207 19.530321 8.694963 2.346701 0.239554 0.006263 0.000074 0.000001 
0.000000 0.000000 0.000047 0.004179 0.175785 1.987157 7.373698 17.497492 32.019684 51.353054 73.855827 100.115982 127.293968 156.930954 184.897064 214.622849 240.188812 267.555634 290.321442 307.501129 357.032959 307.501129 290.321442 267.555634 240.188812 214.622833 184.897064 156.930939 127.293968 100.115982 73.855827 51.353050 32.019680 17.497490 7.373698 1.987157 0.175786 0.004179 0.000047 0.000000 
0.000000 0.000000 0.000015 0.001421 0.074372 1.170650 5.333105 13.458678 25.953556 42.294403 62.507198 85.260895 110.880852 137.231354 165.553467 192.548340 221.106644 246.167526 272.927002 290.321442 343.520874 290.321442 272.927002 246.167496 221.106659 192.548340 165.553467 137.231369 110.880852 85.260895 62.507202 42.294399 25.953554 13.458678 5.333105 1.170650 0.074372 0.001421 0.000015 0.000000 
0.000000 0.000000 0.000003 0.000274 0.018386 0.469303 3.090585 9.196234 19.117468 32.930401 50.098713 70.496155 93.042664 117.877434 143.284393 170.170105 195.772873 222.467285 246.167511 267.555634 313.441833 267.555634 246.167526 222.467300 195.772873 170.170105 143.284378 117.877434 93.042664 70.496155 50.098713 32.930397 19.117470 9.196233 3.090586 0.469303 0.018386 0.000274 0.000003 0.000000 
0.000000 0.000000 0.000000 0.000033 0.002699 0.113005 1.357482 5.351839 12.819306 23.822851 38.293175 55.716122 75.903976 97.927345 121.837135 146.155533 171.639297 195.772873 221.106659 240.188812 284.557526 240.188812 221.106659 195.772873 171.639297 146.155533 121.837128 97.927345 75.903969 55.716122 38.293175 23.822847 12.819306 5.351839 1.357482 0.113005 0.002699 0.000033 0.000000 0.000000 
0.000000 0.000000 0.000000 0.000003 0.000247 0.015212 0.372848 2.498309 7.520051 15.842538 27.405731 42.074184 59.356136 79.042618 100.289719 123.123055 146.155533 170.170120 192.548340 214.622849 249.447617 214.622849 192.548340 170.170105 146.155533 123.123055 100.289734 79.042610 59.356136 42.074177 27.405731 15.842539 7.520051 2.498309 0.372848 0.015212 0.000247 0.000003 0.000000 0.000000 
0.000000 0.000000 0.000000 0.000000 0.000015 0.001197 0.052940 0.782844 3.618238 9.308762 18.079449 29.805262 44.320015 61.146214 80.072464 100.289726 121.837128 143.284393 165.553467 184.897064 215.876083 184.897064 165.553467 143.284378 121.837128 100.289734 80.072464 61.146217 44.320011 29.805265 18.079449 9.308763 3.618238 0.782844 0.052940 0.001197 0.000015 0.000000 0.000000 0.000000 
0.000000 0.000000 0.000000 0.000000 0.000001 0.000061 0.003890 0.123740 1.225003 4.533839 10.566580 19.445122 31.005812 45.064304 61.146214 79.042618 97.927345 117.877434 137.231369 156.930954 179.104492 156.930939 137.231369 117.877434 97.927345 79.042610 61.146217 45.064312 31.005814 19.445120 10.566580 4.533838 1.225003 0.123740 0.003890 0.000061 0.000001 0.000000 0.000000 0.000000 
0.000000 0.000000 0.000000 0.000000 0.000000 0.000002 0.000172 0.008923 0.211636 1.582349 5.125593 11.213180 19.903698 31.005812 44.320015 59.356136 75.903976 93.042664 110.880852 127.293968 145.553268 127.293968 110.880852 93.042664 75.903969 59.356136 44.320011 31.005814 19.903700 11.213179 5.125594 1.582349 0.211636 0.008923 0.000172 0.000002 0.000000 0.000000 0.000000 0.000000 
0.000000 0.000000 0.000000 0.000000 0.000000 0.000000 0.000005 0.000353 0.015088 0.283904 1.779037 5.329400 11.213177 19.445120 29.805267 42.074181 55.716122 70.496155 85.260887 100.115974 112.047127 100.115982 85.260895 70.496155 55.716122 42.074177 29.805265 19.445120 11.213179 5.329400 1.779038 0.283904 0.015088 0.000353 0.000005 0.000000 0.000000 0.000000 0.000000 0.000000 
0.000000 0.000000 0.000000 0.000000 0.000000 0.000000 0.000000 0.000009 0.000537 0.019441 0.311661 1.779037 5.125593 10.566580 18.079447 27.405731 38.293175 50.098713 62.507198 73.855827 83.100441 73.855827 62.507202 50.098713 38.293175 27.405731 18.079449 10.566580 5.125594 1.779038 0.311661 0.019441 0.000537 0.000009 0.000000 0.000000 0.000000 0.000000 0.000000 0.000000 
0.000000 0.000000 0.000000 0.000000 0.000000 0.000000 0.000000 0.000000 0.000012 0.000617 0.019441 0.283904 1.582348 4.533837 9.308762 15.842538 23.822851 32.930401 42.294403 51.353058 56.813259 51.353050 42.294399 32.930397 23.822847 15.842539 9.308763 4.533838 1.582349 0.283904 0.019441 0.000617 0.000012 0.000000 0.000000 0.000000 0.000000 0.000000 0.000000 0.000000 
0.000000 0.000000 0.000000 0.000000 0.000000 0.000000 0.000000 0.000000 0.000000 0.000012 0.000537 0.015088 0.211636 1.225002 3.618238 7.520052 12.819306 19.117468 25.953556 32.019680 36.040207 32.019680 25.953554 19.117470 12.819306 7.520051 3.618238 1.225003 0.211636 0.015088 0.000537 0.000012 0.000000 0.000000 0.000000 0.000000 0.000000 0.000000 0.000000 0.000000 
0.000000 0.000000 0.000000 0.000000 0.000000 0.000000 0.000000 0.000000 0.000000 0.000000 0.000009 0.000353 0.008923 0.123740 0.782844 2.498308 5.351839 9.196234 13.458678 17.497492 19.530321 17.497490 13.458678 9.196233 5.351839 2.498309 0.782844 0.123740 0.008923 0.000353 0.000009 0.000000 0.000000 0.000000 0.000000 0.000000 0.000000 0.000000 0.000000 0.000000 
0.000000 0.000000 0.000000 0.000000 0.000000 0.000000 0.000000 0.000000 0.000000 0.000000 0.000000 0.000005 0.000172 0.003890 0.052940 0.372848 1.357482 3.090586 5.333105 7.373698 8.694963 7.373698 5.333105 3.090586 1.357482 0.372848 0.052940 0.003890 0.000172 0.000005 0.000000 0.000000 0.000000 0.000000 0.000000 0.000000 0.000000 0.000000 0.000000 0.000000 
0.000000 0.000000 0.000000 0.000000 0.000000 0.000000 0.000000 0.000000 0.000000 0.000000 0.000000 0.000000 0.000002 0.000061 0.001197 0.015212 0.113005 0.469303 1.170650 1.987157 2.346701 1.987157 1.170650 0.469303 0.113005 0.015212 0.001197 0.000061 0.000002 0.000000 0.000000 0.000000 0.000000 0.000000 0.000000 0.000000 0.000000 0.000000 0.000000 0.000000 
0.000000 0.000000 0.000000 0.000000 0.000000 0.000000 0.000000 0.000000 0.000000 0.000000 0.000000 0.000000 0.000000 0.000001 0.000015 0.000247 0.002699 0.018386 0.074372 0.175786 0.239554 0.175786 0.074372 0.018386 0.002699 0.000247 0.000015 0.000001 0.000000 0.000000 0.000000 0.000000 0.000000 0.000000 0.000000 0.000000 0.000000 0.000000 0.000000 0.000000 
0.000000 0.000000 0.000000 0.000000 0.000000 0.000000 0.000000 0.000000 0.000000 0.000000 0.000000 0.000000 0.000000 0.000000 0.000000 0.000003 0.000033 0.000274 0.001421 0.004179 0.006263 0.004179 0.001421 0.000274 0.000033 0.000003 0.000000 0.000000 0.000000 0.000000 0.000000 0.000000 0.000000 0.000000 0.000000 0.000000 0.000000 0.000000 0.000000 0.000000 
0.000000 0.000000 0.000000 0.000000 0.000000 0.000000 0.000000 0.000000 0.000000 0.000000 0.000000 0.000000 0.000000 0.000000 0.000000 0.000000 0.000000 0.000003 0.000015 0.000047 0.000074 0.000047 0.000015 0.000003 0.000000 0.000000 0.000000 0.000000 0.000000 0.000000 0.000000 0.000000 0.000000 0.000000 0.000000 0.000000 0.000000 0.000000 0.000000 0.000000 
0.000000 0.000000 0.000000 0.000000 0.000000 0.000000 0.000000 0.000000 0.000000 0.000000 0.000000 0.000000 0.000000 0.000000 0.000000 0.000000 0.000000 0.000000 0.000000 0.000000 0.000001 0.000000 0.000000 0.000000 0.000000 0.000000 0.000000 0.000000 0.000000 0.000000 0.000000 0.000000 0.000000 0.000000 0.000000 0.000000 0.000000 0.000000 0.000000 0.000000 
