0.000000 0.000000 0.000000 0.000000 0.000000 0.000000 0.000000 0.000000 0.000000 0.000000 0.000000 0.000000 0.000000 0.000000 0.000000 0.000000 0.000000 0.000000 0.000003 0.000008 0.000011 0.000008 0.000003 0.000000 0.000000 0.000000 0.000000 0.000000 0.000000 0.000000 0.000000 0.000000 0.000000 0.000000 0.000000 0.000000 0.000000 0.000000 0.000000 0.000000 
0.000000 0.000000 0.000000 0.000000 0.000000 0.000000 0.000000 0.000000 0.000000 0.000000 0.000000 0.000000 0.000000 0.000000 0.000000 0.000001 0.000007 0.000050 0.000239 0.000668 0.000976 0.000668 0.000239 0.000050 0.000007 0.000001 0.000000 0.000000 0.000000 0.000000 0.000000 0.000000 0.000000 0.000000 0.000000 0.000000 0.000000 0.000000 0.000000 0.000000 
0.000000 0.000000 0.000000 0.000000 0.000000 0.000000 0.000000 0.000000 0.000000 0.000000 0.000000 0.000000 0.000000 0.000000 0.000004 0.000062 0.000624 0.004113 0.016815 0.040853 0.056212 0.040853 0.016815 0.004113 0.000624 0.000062 0.000004 0.000000 0.000000 0.000000 0.000000 0.000000 0.000000 0.000000 0.000000 0.000000 0.000000 0.000000 0.000000 0.000000 
0.000000 0.000000 0.000000 0.000000 0.000000 0.000000 0.000000 0.000000 0.000000 0.000000 0.000000 0.000000 0.000001 0.000021 0.000377 0.004586 0.035344 0.163756 0.461278 0.842514 1.034035 0.842514 0.461278 0.163756 0.035344 0.004586 0.000377 0.000021 0.000001 0.000000 0.000000 0.000000 0.000000 0.000000 0.000000 0.000000 0.000000 0.000000 0.000000 0.000000 
0.000000 0.000000 0.000000 0.000000 0.000000 0.000000 0.000000 0.000000 0.000000 0.000000 0.000000 0.000003 0.000075 0.001554 0.020916 0.162502 0.690920 1.773153 3.234014 4.584676 5.348751 4.584676 3.234014 1.773153 0.690920 0.162502 0.020916 0.001554 0.000075 0.000003 0.000000 0.000000 0.000000 0.000000 0.000000 0.000000 0.000000 0.000000 0.000000 0.000000 
0.000000 0.000000 0.000000 0.000000 0.000000 0.000000 0.000000 0.000000 0.000000 0.000000 0.000006 0.000194 0.004508 0.062976 0.446968 1.617628 3.713442 6.590145 9.799469 12.727460 14.011712 12.727460 9.799470 6.590145 3.713442 1.617628 0.446968 0.062976 0.004508 0.000194 0.000006 0.000000 0.000000 0.000000 0.000000 0.000000 0.000000 0.000000 0.000000 0.000000 
0.000000 0.000000 0.000000 0.000000 0.000000 0.000000 0.000000 0.000000 0.000000 0.000010 0.000375 0.009590 0.134383 0.849882 2.705921 5.843420 10.163581 15.302095 20.761009 25.476196 28.055920 25.476196 20.761009 15.302095 10.163581 5.843420 2.705921 0.849882 0.134383 0.009590 0.000375 0.000010 0.000000 0.000000 0.000000 0.000000 0.000000 0.000000 0.000000 0.000000 
0.000000 0.000000 0.000000 0.000000 0.000000 0.000000 0.000000 0.000000 0.000013 0.000553 0.015499 0.218184 1.264830 3.744868 7.832741 13.450236 20.325184 28.070412 35.939556 43.110302 46.811119 43.110302 35.939556 28.070410 20.325184 13.450235 7.832741 3.744868 1.264830 0.218184 0.015499 0.000553 0.000013 0.000000 0.000000 0.000000 0.000000 0.000000 0.000000 0.000000 
0.000000 0.000000 0.000000 0.000000 0.000000 0.000000 0.000000 0.000013 0.000628 0.019559 0.285197 1.594326 4.584972 9.462157 16.182562 24.517290 34.165512 44.571262 55.212730 64.653732 70.929077 64.653725 55.212734 44.571259 34.165512 24.517290 16.182564 9.462156 4.584972 1.594325 0.285197 0.019559 0.000628 0.000013 0.000000 0.000000 0.000000 0.000000 0.000000 0.000000 
0.000000 0.000000 0.000000 0.000000 0.000000 0.000000 0.000010 0.000553 0.019559 0.310654 1.774510 5.125700 10.606765 18.206602 27.730034 38.916512 51.316402 64.536308 77.664162 90.140884 98.601639 90.140892 77.664154 64.536301 51.316395 38.916512 27.730032 18.206602 10.606767 5.125701 1.774510 0.310654 0.019559 0.000553 0.000010 0.000000 0.000000 0.000000 0.000000 0.000000 
0.000000 0.000000 0.000000 0.000000 0.000000 0.000006 0.000375 0.015499 0.285197 1.774510 5.311737 11.195392 19.445341 29.893036 42.301140 56.268250 71.458885 87.174568 103.106651 117.668983 130.606003 117.668983 103.106659 87.174568 71.458885 56.268250 42.301140 29.893036 19.445337 11.195392 5.311737 1.774510 0.285197 0.015499 0.000375 0.000006 0.000000 0.000000 0.000000 0.000000 
0.000000 0.000000 0.000000 0.000000 0.000003 0.000194 0.009590 0.218184 1.594326 5.125701 11.195392 19.861948 30.979046 44.324139 59.516846 76.240982 93.892082 112.209702 130.084778 147.579376 164.016830 147.579391 130.084763 112.209709 93.892082 76.240974 59.516846 44.324139 30.979050 19.861948 11.195392 5.125702 1.594325 0.218184 0.009590 0.000194 0.000003 0.000000 0.000000 0.000000 
0.000000 0.000000 0.000000 0.000001 0.000075 0.004508 0.134383 1.264830 4.584972 10.606767 19.445335 30.979048 44.996666 61.125160 79.049255 98.196678 118.308914 138.475052 158.794296 177.184082 200.106873 177.184067 158.794296 138.475037 118.308907 98.196678 79.049248 61.125160 44.996666 30.979048 19.445339 10.606769 4.584972 1.264830 0.134383 0.004508 0.000075 0.000001 0.000000 0.000000 
0.000000 0.000000 0.000000 0.000021 0.001554 0.062976 0.849882 3.744868 9.462157 18.206604 29.893036 44.324135 61.125156 79.975418 100.301208 121.828117 143.717819 166.007690 187.216324 207.734558 234.801834 207.734558 187.216293 166.007690 143.717819 121.828133 100.301216 79.975403 61.125160 44.324139 29.893038 18.206604 9.462157 3.744868 0.849882 0.062976 0.001554 0.000021 0.000000 0.000000 
0.000000 0.000000 0.000004 0.000377 0.020916 0.446968 2.705921 7.832741 16.182562 27.730034 42.301140 59.516846 79.049248 100.301208 122.979713 146.247681 170.087021 193.180756 216.359253 235.789368 270.220673 235.789368 216.359253 193.180771 170.087021 146.247696 122.979713 100.301216 79.049248 59.516846 42.301140 27.730032 16.182564 7.832741 2.705921 0.446968 0.020916 0.000377 0.000004 0.000000 
0.000000 0.000001 0.000062 0.004586 0.162502 1.617628 5.843420 13.450236 24.517290 38.916512 56.268250 76.240982 98.196678 121.828117 146.247681 171.410385 196.023666 220.718445 243.381317 264.048126 301.304718 264.048126 243.381332 220.718430 196.023666 171.410385 146.247696 121.828133 98.196678 76.240974 56.268253 38.916512 24.517290 13.450236 5.843420 1.617628 0.162502 0.004586 0.000062 0.000001 
0.000000 0.000007 0.000624 0.035344 0.690920 3.713442 10.163581 20.325184 34.165512 51.316402 71.458885 93.892082 118.308907 143.717834 170.087021 196.023666 222.116959 246.245346 270.537994 288.045746 330.949249 288.045746 270.537994 246.245331 222.116959 196.023666 170.087021 143.717819 118.308907 93.892082 71.458885 51.316395 34.165512 20.325184 10.163581 3.713442 0.690920 0.035344 0.000625 0.000008 
0.000000 0.000050 0.004113 0.163756 1.773153 6.590145 15.302095 28.070412 44.571262 64.536308 87.174568 112.209709 138.475037 166.007690 193.180771 220.718445 246.245346 271.591461 293.887360 311.998352 353.861237 311.998352 293.887360 271.591492 246.245331 220.718430 193.180771 166.007690 138.475037 112.209709 87.174568 64.536301 44.571262 28.070414 15.302095 6.590148 1.773158 0.163762 0.004120 0.000059 
0.000003 0.000239 0.016815 0.461278 3.234014 9.799469 20.761009 35.939556 55.212734 77.664162 103.106651 130.084793 158.794296 187.216324 216.359253 243.381332 270.537994 293.887390 317.428070 331.950409 374.513489 331.950409 317.428040 293.887360 270.537964 243.381332 216.359253 187.216309 158.794296 130.084778 103.106659 77.664154 55.212734 35.939556 20.761024 9.799485 3.234044 0.461317 0.016853 0.000286 
0.000008 0.000668 0.040853 0.842514 4.584676 12.727460 25.476196 43.110298 64.653725 90.140884 117.668983 147.579376 177.184082 207.734543 235.789368 264.048126 288.045776 311.998352 331.950409 345.516357 383.422607 345.516357 331.950409 311.998352 288.045776 264.048126 235.789368 207.734573 177.184082 147.579391 117.668991 90.140900 64.653748 43.110325 25.476242 12.727541 4.584777 0.842645 0.040971 0.000805 
0.000011 0.000976 0.056212 1.034035 5.348752 14.011711 28.055916 46.811115 70.929085 98.601631 130.606003 164.016815 200.106842 234.801834 270.220673 301.304688 330.949249 353.861237 374.513489 383.422607 399.908813 383.422607 374.513489 353.861237 330.949249 301.304688 270.220673 234.801865 200.106888 164.016861 130.606033 98.601700 70.929161 46.811199 28.056028 14.011857 5.348936 1.034247 0.056395 0.001180 
0.000008 0.000668 0.040853 0.842514 4.584675 12.727460 25.476196 43.110302 64.653725 90.140892 117.668983 147.579391 177.184097 207.734573 235.789383 264.048126 288.045776 311.998352 331.950409 345.516357 383.422607 345.516357 331.950409 311.998352 288.045776 264.048126 235.789368 207.734573 177.184097 147.579391 117.668991 90.140892 64.653755 43.110325 25.476242 12.727541 4.584777 0.842645 0.040971 0.000805 
0.000003 0.000239 0.016815 0.461278 3.234014 9.799470 20.761009 35.939556 55.212730 77.664162 103.106651 130.084778 158.794296 187.216309 216.359253 243.381332 270.537964 293.887390 317.428040 331.950409 374.513489 331.950409 317.428040 293.887360 270.537964 243.381332 216.359253 187.216309 158.794296 130.084778 103.106659 77.664154 55.212730 35.939560 20.761023 9.799485 3.234044 0.461317 0.016853 0.000286 
0.000000 0.000050 0.004113 0.163756 1.773153 6.590146 15.302094 28.070412 44.571262 64.536316 87.174568 112.209709 138.475052 166.007706 193.180771 220.718430 246.245331 271.591492 293.887390 311.998352 353.861237 311.998352 293.887360 271.591461 246.245331 220.718430 193.180756 166.007690 138.475037 112.209709 87.174568 64.536316 44.571266 28.070412 15.302096 6.590148 1.773158 0.163762 0.004120 0.000059 
0.000000 0.000007 0.000624 0.035344 0.690920 3.713442 10.163581 20.325184 34.165512 51.316406 71.458893 93.892090 118.308914 143.717834 170.087021 196.023666 222.116959 246.245331 270.537964 288.045776 330.949249 288.045776 270.537964 246.245331 222.116959 196.023666 170.087021 143.717819 118.308907 93.892082 71.458885 51.316402 34.165512 20.325184 10.163581 3.713442 0.690920 0.035344 0.000625 0.000008 
0.000000 0.000001 0.000062 0.004586 0.162502 1.617628 5.843420 13.450236 24.517290 38.916508 56.268250 76.240982 98.196678 121.828133 146.247696 171.410385 196.023666 220.718445 243.381332 264.048126 301.304688 264.048126 243.381332 220.718430 196.023666 171.410385 146.247681 121.828110 98.196678 76.240974 56.268246 38.916512 24.517290 13.450236 5.843420 1.617628 0.162502 0.004586 0.000062 0.000001 
0.000000 0.000000 0.000004 0.000377 0.020916 0.446968 2.705921 7.832741 16.182564 27.730034 42.301140 59.516838 79.049248 100.301216 122.979713 146.247681 170.087021 193.180771 216.359253 235.789368 270.220673 235.789368 216.359253 193.180756 170.087021 146.247681 122.979713 100.301208 79.049248 59.516850 42.301140 27.730032 16.182564 7.832741 2.705921 0.446968 0.020916 0.000377 0.000004 0.000000 
0.000000 0.000000 0.000000 0.000021 0.001554 0.062976 0.849882 3.744868 9.462156 18.206604 29.893036 44.324139 61.125156 79.975403 100.301216 121.828125 143.717819 166.007690 187.216309 207.734589 234.801865 207.734573 187.216309 166.007690 143.717819 121.828110 100.301208 79.975410 61.125156 44.324135 29.893038 18.206604 9.462157 3.744868 0.849882 0.062976 0.001554 0.000021 0.000000 0.000000 
0.000000 0.000000 0.000000 0.000001 0.000075 0.004508 0.134383 1.264830 4.584972 10.606769 19.445339 30.979050 44.996662 61.125156 79.049263 98.196678 118.308914 138.475052 158.794296 177.184082 200.106888 177.184097 158.794296 138.475037 118.308907 98.196678 79.049248 61.125156 44.996662 30.979048 19.445339 10.606767 4.584972 1.264830 0.134383 0.004508 0.000075 0.000001 0.000000 0.000000 
0.000000 0.000000 0.000000 0.000000 0.000003 0.000194 0.009590 0.218184 1.594325 5.125702 11.195392 19.861946 30.979046 44.324135 59.516846 76.240982 93.892090 112.209709 130.084763 147.579376 164.016861 147.579391 130.084778 112.209709 93.892082 76.240974 59.516850 44.324135 30.979048 19.861946 11.195392 5.125701 1.594326 0.218184 0.009590 0.000194 0.000003 0.000000 0.000000 0.000000 
0.000000 0.000000 0.000000 0.000000 0.000000 0.000006 0.000375 0.015499 0.285197 1.774510 5.311737 11.195391 19.445339 29.893036 42.301140 56.268246 71.458893 87.174568 103.106651 117.668991 130.606033 117.668991 103.106659 87.174568 71.458885 56.268246 42.301140 29.893038 19.445339 11.195392 5.311737 1.774510 0.285197 0.015499 0.000375 0.000006 0.000000 0.000000 0.000000 0.000000 
0.000000 0.000000 0.000000 0.000000 0.000000 0.000000 0.000010 0.000553 0.019559 0.310654 1.774509 5.125700 10.606769 18.206602 27.730032 38.916512 51.316406 64.536316 77.664154 90.140900 98.601700 90.140892 77.664154 64.536316 51.316402 38.916512 27.730032 18.206604 10.606767 5.125701 1.774510 0.310654 0.019559 0.000553 0.000010 0.000000 0.000000 0.000000 0.000000 0.000000 
0.000000 0.000000 0.000000 0.000000 0.000000 0.000000 0.000000 0.000013 0.000628 0.019559 0.285197 1.594325 4.584972 9.462157 16.182564 24.517290 34.165512 44.571262 55.212734 64.653748 70.929161 64.653755 55.212730 44.571266 34.165512 24.517290 16.182564 9.462157 4.584972 1.594326 0.285197 0.019559 0.000628 0.000013 0.000000 0.000000 0.000000 0.000000 0.000000 0.000000 
0.000000 0.000000 0.000000 0.000000 0.000000 0.000000 0.000000 0.000000 0.000013 0.000553 0.015499 0.218184 1.264830 3.744868 7.832741 13.450235 20.325184 28.070414 35.939556 43.110325 46.811199 43.110325 35.939560 28.070412 20.325184 13.450236 7.832741 3.744868 1.264830 0.218184 0.015499 0.000553 0.000013 0.000000 0.000000 0.000000 0.000000 0.000000 0.000000 0.000000 
0.000000 0.000000 0.000000 0.000000 0.000000 0.000000 0.000000 0.000000 0.000000 0.000010 0.000375 0.009590 0.134383 0.849882 2.705921 5.843420 10.163581 15.302096 20.761023 25.476242 28.056028 25.476242 20.761023 15.302096 10.163581 5.843420 2.705921 0.849882 0.134383 0.009590 0.000375 0.000010 0.000000 0.000000 0.000000 0.000000 0.000000 0.000000 0.000000 0.000000 
0.000000 0.000000 0.000000 0.000000 0.000000 0.000000 0.000000 0.000000 0.000000 0.000000 0.000006 0.000194 0.004508 0.062976 0.446968 1.617628 3.713442 6.590148 9.799485 12.727541 14.011857 12.727541 9.799485 6.590148 3.713442 1.617628 0.446968 0.062976 0.004508 0.000194 0.000006 0.000000 0.000000 0.000000 0.000000 0.000000 0.000000 0.000000 0.000000 0.000000 
0.000000 0.000000 0.000000 0.000000 0.000000 0.000000 0.000000 0.000000 0.000000 0.000000 0.000000 0.000003 0.000075 0.001554 0.020916 0.162502 0.690920 1.773158 3.234044 4.584777 5.348936 4.584777 3.234044 1.773158 0.690920 0.162502 0.020916 0.001554 0.000075 0.000003 0.000000 0.000000 0.000000 0.000000 0.000000 0.000000 0.000000 0.000000 0.000000 0.000000 
0.000000 0.000000 0.000000 0.000000 0.000000 0.000000 0.000000 0.000000 0.000000 0.000000 0.000000 0.000000 0.000001 0.000021 0.000377 0.004586 0.035344 0.163762 0.461317 0.842645 1.034247 0.842645 0.461317 0.163762 0.035344 0.004586 0.000377 0.000021 0.000001 0.000000 0.000000 0.000000 0.000000 0.000000 0.000000 0.000000 0.000000 0.000000 0.000000 0.000000 
0.000000 0.000000 0.000000 0.000000 0.000000 0.000000 0.000000 0.000000 0.000000 0.000000 0.000000 0.000000 0.000000 0.000000 0.000004 0.000062 0.000625 0.004120 0.016853 0.040971 0.056395 0.040971 0.016853 0.004120 0.000625 0.000062 0.000004 0.000000 0.000000 0.000000 0.000000 0.000000 0.000000 0.000000 0.000000 0.000000 0.000000 0.000000 0.000000 0.000000 
0.000000 0.000000 0.000000 0.000000 0.000000 0.000000 0.000000 0.000000 0.000000 0.000000 0.000000 0.000000 0.000000 0.000000 0.000000 0.000001 0.000008 0.000059 0.000286 0.000805 0.001180 0.000805 0.000286 0.000059 0.000008 0.000001 0.000000 0.000000 0.000000 0.000000 0.000000 0.000000 0.000000 0.000000 0.000000 0.000000 0.000000 0.000000 0.000000 0.000000 
