0.000000 0.000000 0.000000 0.000000 0.000000 0.000000 0.000000 0.000000 0.000000 0.000000 0.000000 0.000000 0.000000 0.000004 0.000066 0.000740 0.005751 0.029981 0.102613 0.224618 0.297933 0.224618 0.102613 0.029981 0.005751 0.000740 0.000066 0.000004 0.000000 0.000000 0.000000 0.000000 0.000000 0.000000 0.000000 0.000000 0.000000 0.000000 0.000000 0.000000 
0.000000 0.000000 0.000000 0.000000 0.000000 0.000000 0.000000 0.000000 0.000000 0.000000 0.000000 0.000001 0.000017 0.000310 0.003980 0.033522 0.174010 0.558297 1.198179 1.876623 2.188399 1.876624 1.198179 0.558297 0.174010 0.033522 0.003980 0.000310 0.000017 0.000001 0.000000 0.000000 0.000000 0.000000 0.000000 0.000000 0.000000 0.000000 0.000000 0.000000 
0.000000 0.000000 0.000000 0.000000 0.000000 0.000000 0.000000 0.000000 0.000000 0.000000 0.000002 0.000060 0.001239 0.017224 0.142523 0.651978 1.786464 3.471298 5.419686 7.110241 7.968260 7.110242 5.419687 3.471298 1.786464 0.651978 0.142523 0.017224 0.001239 0.000060 0.000002 0.000000 0.000000 0.000000 0.000000 0.000000 0.000000 0.000000 0.000000 0.000000 
0.000000 0.000000 0.000000 0.000000 0.000000 0.000000 0.000000 0.000000 0.000000 0.000005 0.000159 0.003627 0.051701 0.387108 1.482352 3.549015 6.514831 10.117103 13.846382 17.015085 18.465117 17.015085 13.846382 10.117102 6.514832 3.549014 1.482352 0.387108 0.051701 0.003627 0.000159 0.000005 0.000000 0.000000 0.000000 0.000000 0.000000 0.000000 0.000000 0.000000 
0.000000 0.000000 0.000000 0.000000 0.000000 0.000000 0.000000 0.000000 0.000009 0.000323 0.008014 0.113407 0.749515 2.485192 5.512411 9.782811 15.058329 20.933819 26.827536 31.721739 34.286560 31.721743 26.827534 20.933819 15.058327 9.782811 5.512411 2.485192 0.749515 0.113407 0.008014 0.000323 0.000009 0.000000 0.000000 0.000000 0.000000 0.000000 0.000000 0.000000 
0.000000 0.000000 0.000000 0.000000 0.000000 0.000000 0.000000 0.000013 0.000514 0.013762 0.192615 1.148378 3.483809 7.407395 12.873400 19.693821 27.526150 35.921387 44.146595 51.234306 54.928970 51.234314 44.146599 35.921387 27.526152 19.693823 12.873400 7.407395 3.483809 1.148378 0.192615 0.013762 0.000514 0.000013 0.000000 0.000000 0.000000 0.000000 0.000000 0.000000 
0.000000 0.000000 0.000000 0.000000 0.000000 0.000000 0.000014 0.000646 0.018827 0.266342 1.496906 4.344454 9.036440 15.546390 23.707573 33.233700 43.752396 54.717350 65.491379 74.763611 80.512177 74.763611 65.491394 54.717350 43.752396 33.233700 23.707577 15.546391 9.036441 4.344454 1.496906 0.266342 0.018827 0.000646 0.000014 0.000000 0.000000 0.000000 0.000000 0.000000 
0.000000 0.000000 0.000000 0.000000 0.000000 0.000013 0.000646 0.020860 0.310486 1.731115 4.969189 10.275831 17.647408 26.935490 37.881283 50.161041 63.325752 76.896614 90.059029 101.945297 109.694649 101.945297 90.059029 76.896606 63.325756 50.161041 37.881287 26.935495 17.647408 10.275832 4.969189 1.731115 0.310486 0.020860 0.000646 0.000013 0.000000 0.000000 0.000000 0.000000 
0.000000 0.000000 0.000000 0.000000 0.000009 0.000514 0.018827 0.310486 1.813317 5.296085 11.048079 19.087994 29.285013 41.395763 55.118607 70.053276 85.792992 101.726631 117.343903 131.329620 142.469055 131.329636 117.343910 101.726624 85.792992 70.053284 55.118614 41.395763 29.285013 19.087992 11.048079 5.296085 1.813317 0.310486 0.018827 0.000514 0.000009 0.000000 0.000000 0.000000 
0.000000 0.000000 0.000000 0.000005 0.000323 0.013762 0.266342 1.731116 5.296086 11.310063 19.819344 30.708958 43.746170 58.637421 75.001442 92.459579 110.487877 128.678177 146.186508 162.574478 176.764297 162.574478 146.186493 128.678177 110.487877 92.459587 75.001450 58.637424 43.746170 30.708958 19.819344 11.310062 5.296085 1.731115 0.266342 0.013762 0.000323 0.000005 0.000000 0.000000 
0.000000 0.000000 0.000002 0.000159 0.008014 0.192615 1.496906 4.969190 11.048081 19.819345 31.185745 44.922504 60.737904 78.253319 97.093147 116.766846 136.892975 156.796753 176.217072 193.787811 212.675629 193.787811 176.217087 156.796753 136.892975 116.766861 97.093147 78.253319 60.737904 44.922504 31.185743 19.819344 11.048079 4.969189 1.496906 0.192615 0.008014 0.000159 0.000002 0.000000 
0.000000 0.000001 0.000060 0.003627 0.113407 1.148378 4.344454 10.275832 19.087994 30.708960 44.922504 61.435936 79.865044 99.825096 120.826042 142.484253 164.187439 185.675613 206.035858 225.067261 247.539291 225.067307 206.035858 185.675613 164.187439 142.484238 120.826057 99.825096 79.865036 61.435932 44.922504 30.708958 19.087992 10.275832 4.344454 1.148378 0.113407 0.003627 0.000060 0.000001 
0.000000 0.000017 0.001239 0.051701 0.749515 3.483809 9.036440 17.647408 29.285013 43.746170 60.737904 79.865036 100.727661 122.820366 145.739670 168.882492 191.966858 214.200623 235.654724 254.298279 281.737732 254.298264 235.654709 214.200607 191.966843 168.882492 145.739670 122.820366 100.727661 79.865036 60.737904 43.746170 29.285013 17.647408 9.036440 3.483809 0.749515 0.051703 0.001241 0.000021 
0.000004 0.000310 0.017224 0.387108 2.485192 7.407395 15.546390 26.935488 41.395763 58.637424 78.253319 99.825096 122.820366 146.808212 171.167419 195.576706 219.285690 242.256088 263.475220 282.305573 312.256226 282.305573 263.475189 242.256088 219.285690 195.576721 171.167389 146.808197 122.820366 99.825096 78.253319 58.637424 41.395767 26.935495 15.546396 7.407406 2.485215 0.387148 0.017278 0.000379 
0.000066 0.003980 0.142523 1.482352 5.512411 12.873400 23.707575 37.881283 55.118607 75.001442 97.093147 120.826042 145.739670 171.167419 196.757782 221.727753 246.018982 268.564606 290.083801 306.858917 339.850586 306.858948 290.083801 268.564606 246.018982 221.727737 196.757767 171.167389 145.739670 120.826042 97.093147 75.001465 55.118626 37.881321 23.707653 12.873559 5.512743 1.482996 0.143434 0.005001 
0.000740 0.033522 0.651978 3.549015 9.782811 19.693821 33.233700 50.161041 70.053276 92.459579 116.766846 142.484253 168.882492 195.576706 221.727753 247.220383 271.026062 293.536407 313.531647 329.562012 361.667938 329.562012 313.531647 293.536407 271.026062 247.220383 221.727737 195.576721 168.882492 142.484238 116.766884 92.459648 70.053467 50.161591 33.234833 19.696043 9.786947 3.556322 0.662874 0.045046 
0.005751 0.174010 1.786464 6.514831 15.058329 27.526150 43.752396 63.325752 85.792992 110.487877 136.892975 164.187439 191.966843 219.285706 246.018982 271.026062 294.698303 315.560425 335.113861 348.035248 378.725555 348.035248 335.113861 315.560425 294.698303 271.026062 246.018997 219.285767 191.966980 164.187759 136.893784 110.489563 85.796402 63.332123 43.764126 27.547064 15.094127 6.572741 1.871199 0.270227 
0.029981 0.558297 3.471298 10.117103 20.933819 35.921387 54.717350 76.896614 101.726631 128.678177 156.796753 185.675613 214.200607 242.256088 268.564606 293.536407 315.560425 335.655518 352.605316 364.267914 389.392456 364.267914 352.605347 335.655548 315.560455 293.536469 268.564850 242.256836 214.200912 185.679962 156.803329 128.691299 101.753143 76.944237 54.799904 36.057526 21.147900 10.435821 3.910637 1.081346 
0.102613 1.198179 5.419686 13.846382 26.827536 44.146595 65.491379 90.059029 117.343903 146.186493 176.217072 206.035858 235.654724 263.475220 290.083801 313.531647 335.113861 352.605347 368.250244 376.982178 395.896790 376.982178 368.250214 352.605347 335.114044 313.532318 290.085938 263.479797 235.664642 206.056900 176.262039 146.270233 117.494179 90.311966 65.896202 44.759857 27.708542 15.043829 6.949773 3.002095 
0.224618 1.876623 7.110241 17.015085 31.721737 51.234318 74.763611 101.945297 131.329620 162.574493 193.787811 225.067291 254.298279 282.305573 306.858948 329.562012 348.035248 364.267914 376.982178 384.252533 398.043549 384.252533 376.982269 364.268127 348.036316 329.564819 306.866913 282.325500 254.344955 225.170166 193.992767 162.948792 131.958191 102.924118 76.188171 53.186916 34.256020 20.150551 10.809945 6.075624 
0.297933 2.188399 7.968261 18.465115 34.286556 54.928970 80.512161 109.694649 142.469055 176.764297 212.675613 247.539276 281.737732 312.256226 339.850586 361.667908 378.725555 389.392456 395.896790 398.043549 399.913544 398.043579 395.897125 389.395905 378.744324 361.734711 340.015411 312.595428 282.311829 248.432297 213.968948 178.528061 144.759018 112.562546 83.983345 59.019386 38.984123 23.742369 13.768420 8.471448 
0.224618 1.876624 7.110242 17.015085 31.721743 51.234314 74.763611 101.945297 131.329636 162.574478 193.787811 225.067276 254.298279 282.305573 306.858917 329.562012 348.035248 364.267914 376.982178 384.252533 398.043579 384.252563 376.982269 364.268127 348.036316 329.564850 306.866943 282.325531 254.344955 225.170166 193.992767 162.948792 131.958176 102.924118 76.188179 53.186916 34.256020 20.150551 10.809945 6.075624 
0.102613 1.198179 5.419687 13.846382 26.827536 44.146595 65.491394 90.059029 117.343903 146.186508 176.217072 206.035858 235.654709 263.475189 290.083801 313.531647 335.113861 352.605347 368.250214 376.982269 395.897125 376.982269 368.250275 352.605377 335.114044 313.532318 290.085938 263.479797 235.664658 206.056900 176.262024 146.270233 117.494186 90.311974 65.896202 44.759857 27.708542 15.043829 6.949773 3.002095 
0.029981 0.558297 3.471299 10.117102 20.933819 35.921391 54.717346 76.896614 101.726631 128.678192 156.796753 185.675613 214.200623 242.256104 268.564606 293.536377 315.560425 335.655548 352.605377 364.268127 389.395905 364.268127 352.605377 335.655579 315.560455 293.536469 268.564850 242.256836 214.200912 185.679962 156.803329 128.691299 101.753143 76.944229 54.799904 36.057526 21.147900 10.435821 3.910637 1.081346 
0.005751 0.174010 1.786464 6.514832 15.058327 27.526152 43.752396 63.325752 85.792992 110.487885 136.892975 164.187454 191.966843 219.285706 246.018982 271.026062 294.698303 315.560455 335.114044 348.036316 378.744324 348.036316 335.114044 315.560455 294.698303 271.026062 246.018997 219.285767 191.966980 164.187759 136.893784 110.489578 85.796402 63.332123 43.764122 27.547064 15.094127 6.572741 1.871199 0.270227 
0.000740 0.033522 0.651978 3.549014 9.782811 19.693823 33.233696 50.161037 70.053268 92.459587 116.766853 142.484238 168.882492 195.576706 221.727753 247.220367 271.026062 293.536499 313.532318 329.564819 361.734711 329.564850 313.532318 293.536469 271.026062 247.220367 221.727753 195.576706 168.882492 142.484238 116.766876 92.459648 70.053467 50.161591 33.234833 19.696041 9.786947 3.556322 0.662874 0.045046 
0.000066 0.003980 0.142523 1.482352 5.512411 12.873400 23.707575 37.881287 55.118607 75.001450 97.093147 120.826042 145.739670 171.167389 196.757767 221.727753 246.018997 268.564850 290.085938 306.866913 340.015411 306.866943 290.085938 268.564850 246.018997 221.727753 196.757782 171.167419 145.739670 120.826050 97.093147 75.001465 55.118626 37.881321 23.707653 12.873562 5.512744 1.482995 0.143434 0.005001 
0.000004 0.000310 0.017224 0.387108 2.485192 7.407395 15.546389 26.935493 41.395763 58.637424 78.253319 99.825096 122.820366 146.808197 171.167419 195.576721 219.285767 242.256836 263.479797 282.325500 312.595428 282.325531 263.479797 242.256836 219.285767 195.576706 171.167419 146.808212 122.820366 99.825096 78.253319 58.637424 41.395767 26.935495 15.546398 7.407406 2.485215 0.387148 0.017278 0.000379 
0.000000 0.000017 0.001239 0.051701 0.749515 3.483809 9.036440 17.647408 29.285013 43.746170 60.737900 79.865036 100.727669 122.820366 145.739685 168.882492 191.966980 214.200928 235.664658 254.344955 282.311829 254.344955 235.664658 214.200912 191.966980 168.882492 145.739670 122.820366 100.727669 79.865044 60.737904 43.746170 29.285013 17.647408 9.036441 3.483810 0.749515 0.051703 0.001241 0.000021 
0.000000 0.000001 0.000060 0.003627 0.113407 1.148378 4.344454 10.275832 19.087996 30.708956 44.922504 61.435936 79.865036 99.825096 120.826042 142.484253 164.187759 185.679962 206.056900 225.170166 248.432297 225.170166 206.056900 185.679962 164.187759 142.484238 120.826050 99.825096 79.865044 61.435936 44.922504 30.708958 19.087994 10.275831 4.344454 1.148378 0.113407 0.003627 0.000060 0.000001 
0.000000 0.000000 0.000002 0.000159 0.008014 0.192615 1.496906 4.969189 11.048081 19.819347 31.185749 44.922504 60.737904 78.253326 97.093147 116.766876 136.893784 156.803329 176.262024 193.992767 213.968948 193.992767 176.262024 156.803329 136.893784 116.766876 97.093147 78.253319 60.737904 44.922504 31.185745 19.819345 11.048081 4.969189 1.496906 0.192615 0.008014 0.000159 0.000002 0.000000 
0.000000 0.000000 0.000000 0.000005 0.000323 0.013762 0.266342 1.731115 5.296086 11.310062 19.819345 30.708960 43.746170 58.637424 75.001465 92.459648 110.489578 128.691299 146.270233 162.948792 178.528061 162.948792 146.270233 128.691299 110.489578 92.459648 75.001465 58.637424 43.746170 30.708958 19.819345 11.310062 5.296086 1.731115 0.266342 0.013762 0.000323 0.000005 0.000000 0.000000 
0.000000 0.000000 0.000000 0.000000 0.000009 0.000514 0.018827 0.310486 1.813317 5.296086 11.048081 19.087996 29.285013 41.395767 55.118626 70.053467 85.796402 101.753143 117.494179 131.958191 144.759018 131.958176 117.494186 101.753143 85.796402 70.053467 55.118626 41.395767 29.285013 19.087994 11.048081 5.296086 1.813317 0.310486 0.018827 0.000514 0.000009 0.000000 0.000000 0.000000 
0.000000 0.000000 0.000000 0.000000 0.000000 0.000013 0.000646 0.020860 0.310486 1.731115 4.969189 10.275832 17.647408 26.935495 37.881321 50.161591 63.332123 76.944237 90.311966 102.924103 112.562546 102.924118 90.311974 76.944229 63.332123 50.161591 37.881321 26.935495 17.647408 10.275831 4.969189 1.731115 0.310486 0.020860 0.000646 0.000013 0.000000 0.000000 0.000000 0.000000 
0.000000 0.000000 0.000000 0.000000 0.000000 0.000000 0.000014 0.000646 0.018827 0.266342 1.496906 4.344454 9.036440 15.546396 23.707651 33.234833 43.764122 54.799904 65.896202 76.188171 83.983345 76.188179 65.896202 54.799904 43.764122 33.234833 23.707653 15.546397 9.036441 4.344454 1.496906 0.266342 0.018827 0.000646 0.000014 0.000000 0.000000 0.000000 0.000000 0.000000 
0.000000 0.000000 0.000000 0.000000 0.000000 0.000000 0.000000 0.000013 0.000514 0.013762 0.192615 1.148378 3.483809 7.407406 12.873559 19.696041 27.547064 36.057526 44.759857 53.186920 59.019386 53.186916 44.759857 36.057526 27.547064 19.696041 12.873562 7.407405 3.483810 1.148378 0.192615 0.013762 0.000514 0.000013 0.000000 0.000000 0.000000 0.000000 0.000000 0.000000 
0.000000 0.000000 0.000000 0.000000 0.000000 0.000000 0.000000 0.000000 0.000009 0.000323 0.008014 0.113407 0.749515 2.485215 5.512744 9.786947 15.094127 21.147903 27.708542 34.256020 38.984123 34.256020 27.708542 21.147900 15.094127 9.786947 5.512743 2.485215 0.749515 0.113407 0.008014 0.000323 0.000009 0.000000 0.000000 0.000000 0.000000 0.000000 0.000000 0.000000 
0.000000 0.000000 0.000000 0.000000 0.000000 0.000000 0.000000 0.000000 0.000000 0.000005 0.000159 0.003627 0.051703 0.387148 1.482995 3.556322 6.572741 10.435821 15.043829 20.150551 23.742369 20.150551 15.043829 10.435821 6.572741 3.556322 1.482995 0.387148 0.051703 0.003627 0.000159 0.000005 0.000000 0.000000 0.000000 0.000000 0.000000 0.000000 0.000000 0.000000 
0.000000 0.000000 0.000000 0.000000 0.000000 0.000000 0.000000 0.000000 0.000000 0.000000 0.000002 0.000060 0.001241 0.017278 0.143434 0.662874 1.871199 3.910637 6.949773 10.809945 13.768420 10.809945 6.949773 3.910637 1.871199 0.662874 0.143434 0.017278 0.001241 0.000060 0.000002 0.000000 0.000000 0.000000 0.000000 0.000000 0.000000 0.000000 0.000000 0.000000 
0.000000 0.000000 0.000000 0.000000 0.000000 0.000000 0.000000 0.000000 0.000000 0.000000 0.000000 0.000001 0.000021 0.000379 0.005001 0.045046 0.270227 1.081346 3.002095 6.075624 8.471448 6.075624 3.002095 1.081346 0.270227 0.045046 0.005001 0.000379 0.000021 0.000001 0.000000 0.000000 0.000000 0.000000 0.000000 0.000000 0.000000 0.000000 0.000000 0.000000 
