0.000000 0.000000 0.000000 0.000000 0.000000 0.000000 0.000000 0.000000 0.000000 0.000000 0.000000 0.000000 0.000000 0.000000 0.000000 0.000000 0.000003 0.000024 0.000114 0.000311 0.000449 0.000311 0.000114 0.000024 0.000003 0.000000 0.000000 0.000000 0.000000 0.000000 0.000000 0.000000 0.000000 0.000000 0.000000 0.000000 0.000000 0.000000 0.000000 0.000000 
0.000000 0.000000 0.000000 0.000000 0.000000 0.000000 0.000000 0.000000 0.000000 0.000000 0.000000 0.000000 0.000000 0.000000 0.000002 0.000030 0.000290 0.001863 0.007550 0.018357 0.025261 0.018357 0.007550 0.001863 0.000290 0.000030 0.000002 0.000000 0.000000 0.000000 0.000000 0.000000 0.000000 0.000000 0.000000 0.000000 0.000000 0.000000 0.000000 0.000000 
0.000000 0.000000 0.000000 0.000000 0.000000 0.000000 0.000000 0.000000 0.000000 0.000000 0.000000 0.000000 0.000001 0.000012 0.000203 0.002400 0.018548 0.089082 0.263867 0.500191 0.625345 0.500191 0.263867 0.089082 0.018548 0.002400 0.000203 0.000012 0.000001 0.000000 0.000000 0.000000 0.000000 0.000000 0.000000 0.000000 0.000000 0.000000 0.000000 0.000000 
0.000000 0.000000 0.000000 0.000000 0.000000 0.000000 0.000000 0.000000 0.000000 0.000000 0.000000 0.000002 0.000047 0.000934 0.012428 0.100133 0.458497 1.263944 2.400012 3.498573 3.938083 3.498573 2.400012 1.263944 0.458497 0.100133 0.012428 0.000934 0.000047 0.000002 0.000000 0.000000 0.000000 0.000000 0.000000 0.000000 0.000000 0.000000 0.000000 0.000000 
0.000000 0.000000 0.000000 0.000000 0.000000 0.000000 0.000000 0.000000 0.000000 0.000000 0.000004 0.000136 0.003030 0.042395 0.318352 1.241859 2.994588 5.426553 8.195916 10.565965 11.809357 10.565965 8.195916 5.426553 2.994588 1.241859 0.318352 0.042395 0.003030 0.000136 0.000004 0.000000 0.000000 0.000000 0.000000 0.000000 0.000000 0.000000 0.000000 0.000000 
0.000000 0.000000 0.000000 0.000000 0.000000 0.000000 0.000000 0.000000 0.000000 0.000008 0.000293 0.007193 0.101329 0.676448 2.269112 5.037268 8.881541 13.493587 18.292337 22.484074 24.506971 22.484072 18.292337 13.493587 8.881541 5.037269 2.269112 0.676448 0.101329 0.007193 0.000293 0.000008 0.000000 0.000000 0.000000 0.000000 0.000000 0.000000 0.000000 0.000000 
0.000000 0.000000 0.000000 0.000000 0.000000 0.000000 0.000000 0.000000 0.000012 0.000483 0.012939 0.181492 1.090632 3.322843 7.059664 12.215796 18.555704 25.629370 32.859150 39.023743 42.665588 39.023743 32.859150 25.629370 18.555704 12.215796 7.059664 3.322843 1.090632 0.181492 0.012939 0.000483 0.000012 0.000000 0.000000 0.000000 0.000000 0.000000 0.000000 0.000000 
0.000000 0.000000 0.000000 0.000000 0.000000 0.000000 0.000000 0.000014 0.000618 0.018165 0.258541 1.460555 4.243170 8.815186 15.118205 22.956291 31.970884 41.732975 51.441895 60.202209 65.318771 60.202209 51.441895 41.732967 31.970882 22.956289 15.118204 8.815187 4.243170 1.460555 0.258541 0.018165 0.000618 0.000014 0.000000 0.000000 0.000000 0.000000 0.000000 0.000000 
0.000000 0.000000 0.000000 0.000000 0.000000 0.000000 0.000012 0.000618 0.020294 0.305391 1.711483 4.915489 10.155111 17.402929 26.489950 37.109695 48.909630 61.304466 73.757980 84.827728 92.871948 84.827721 73.757980 61.304462 48.909630 37.109695 26.489952 17.402925 10.155111 4.915489 1.711483 0.305391 0.020294 0.000618 0.000012 0.000000 0.000000 0.000000 0.000000 0.000000 
0.000000 0.000000 0.000000 0.000000 0.000000 0.000008 0.000483 0.018165 0.305391 1.799887 5.268256 10.990993 18.968397 29.056011 40.974350 54.410156 68.875809 83.966957 98.774551 112.778381 123.379097 112.778381 98.774544 83.966949 68.875809 54.410156 40.974346 29.056011 18.968397 10.990993 5.268256 1.799887 0.305391 0.018165 0.000483 0.000008 0.000000 0.000000 0.000000 0.000000 
0.000000 0.000000 0.000000 0.000000 0.000004 0.000293 0.012939 0.258541 1.711483 5.268256 11.274693 19.762882 30.607912 43.548344 58.286629 74.379578 91.468018 108.851379 126.229660 142.102005 157.374817 142.102005 126.229668 108.851364 91.468018 74.379578 58.286629 43.548344 30.607908 19.762882 11.274693 5.268256 1.711483 0.258541 0.012939 0.000293 0.000004 0.000000 0.000000 0.000000 
0.000000 0.000000 0.000000 0.000002 0.000136 0.007193 0.181492 1.460555 4.915489 10.990993 19.762882 31.126818 44.832996 60.589890 77.967575 96.619072 115.926743 135.626617 154.656982 173.041153 191.970093 173.041183 154.656982 135.626617 115.926743 96.619057 77.967575 60.589890 44.832996 31.126814 19.762882 10.990993 4.915488 1.460555 0.181492 0.007193 0.000136 0.000002 0.000000 0.000000 
0.000000 0.000000 0.000001 0.000047 0.003030 0.101329 1.090632 4.243170 10.155111 18.968397 30.607908 44.832996 61.353367 79.738152 99.633293 120.445366 141.901535 163.119156 184.192184 203.065475 228.137604 203.065460 184.192169 163.119141 141.901520 120.445366 99.633286 79.738152 61.353367 44.832996 30.607910 18.968399 10.155111 4.243170 1.090632 0.101329 0.003030 0.000047 0.000001 0.000000 
0.000000 0.000000 0.000012 0.000934 0.042395 0.676448 3.322843 8.815187 17.402927 29.056013 43.548344 60.589886 79.738152 100.625679 122.650612 145.516235 168.400406 191.318466 212.912186 233.276993 262.116791 233.276978 212.912155 191.318466 168.400406 145.516251 122.650620 100.625664 79.738152 60.589890 43.548344 29.056013 17.402929 8.815186 3.322843 0.676448 0.042395 0.000934 0.000012 0.000000 
0.000000 0.000002 0.000203 0.012428 0.318352 2.269112 7.059664 15.118205 26.489950 40.974350 58.286629 77.967575 99.633286 122.650612 146.697662 170.946335 195.351639 218.678009 241.719131 260.633270 295.547333 260.633270 241.719131 218.678024 195.351639 170.946335 146.697647 122.650620 99.633286 77.967575 58.286629 40.974350 26.489952 15.118204 7.059664 2.269112 0.318352 0.012428 0.000203 0.000003 
0.000000 0.000030 0.002400 0.100133 1.241859 5.037268 12.215796 22.956291 37.109695 54.410156 74.379578 96.619072 120.445366 145.516235 170.946350 196.662674 221.429550 245.838409 268.029388 287.458557 324.126221 287.458557 268.029388 245.838394 221.429550 196.662674 170.946335 145.516251 120.445366 96.619057 74.379585 54.410156 37.109695 22.956289 12.215796 5.037269 1.241862 0.100137 0.002404 0.000036 
0.000003 0.000290 0.018548 0.458497 2.994588 8.881541 18.555704 31.970884 48.909630 68.875809 91.468018 115.926743 141.901520 168.400421 195.351639 221.429550 247.177155 270.645203 293.771912 310.014191 350.000519 310.014191 293.771912 270.645203 247.177155 221.429550 195.351639 168.400406 141.901520 115.926743 91.468018 68.875801 48.909630 31.970886 18.555712 8.881556 2.994613 0.458543 0.018596 0.000350 
0.000024 0.001863 0.089082 1.263944 5.426553 13.493587 25.629370 41.732975 61.304466 83.966957 108.851379 135.626633 163.119141 191.318466 218.678024 245.838409 270.645203 294.652679 315.583862 331.696625 369.118011 331.696625 315.583893 294.652710 270.645203 245.838394 218.678024 191.318466 163.119141 135.626617 108.851364 83.966957 61.304497 41.733006 25.629444 13.493720 5.426802 1.264305 0.089467 0.002282 
0.000114 0.007550 0.263867 2.400012 8.195916 18.292337 32.859150 51.441895 73.757980 98.774551 126.229660 154.656998 184.192184 212.912186 241.719131 268.029388 293.771912 315.583893 336.860168 349.605896 384.729248 349.605896 336.860138 315.583862 293.771881 268.029388 241.719131 212.912170 184.192184 154.656998 126.229706 98.774620 73.758148 51.442169 32.859623 18.293295 8.197344 2.401909 0.265934 0.009468 
0.000311 0.018357 0.500191 3.498573 10.565965 22.484076 39.023746 60.202213 84.827721 112.778381 142.102005 173.041168 203.065475 233.276978 260.633270 287.458557 310.014221 331.696625 349.605896 361.154175 391.105988 361.154175 349.605896 331.696625 310.014221 287.458557 260.633270 233.277054 203.065491 173.041321 142.102295 112.778984 84.828690 60.203800 39.026173 22.487448 10.570562 3.504500 0.506481 0.023671 
0.000449 0.025261 0.625345 3.938083 11.809359 24.506969 42.665585 65.318771 92.871956 123.379097 157.374817 191.970078 228.137573 262.116791 295.547333 324.126190 350.000519 369.118011 384.729248 391.105988 399.910675 391.105988 384.729248 369.118042 350.000580 324.126282 295.547607 262.117340 228.138046 191.970566 157.376434 123.381561 92.875076 65.322830 42.670723 24.513393 11.817207 3.947350 0.634845 0.033047 
0.000311 0.018357 0.500191 3.498573 10.565964 22.484072 39.023743 60.202209 84.827721 112.778381 142.102005 173.041168 203.065491 233.276993 260.633270 287.458557 310.014221 331.696625 349.605896 361.154175 391.105988 361.154175 349.605896 331.696625 310.014221 287.458557 260.633270 233.277054 203.065506 173.041321 142.102295 112.778976 84.828690 60.203800 39.026173 22.487448 10.570562 3.504500 0.506481 0.023671 
0.000114 0.007550 0.263867 2.400012 8.195917 18.292337 32.859146 51.441891 73.757973 98.774551 126.229660 154.656982 184.192169 212.912170 241.719131 268.029388 293.771881 315.583893 336.860138 349.605896 384.729248 349.605896 336.860138 315.583862 293.771881 268.029388 241.719131 212.912170 184.192200 154.656998 126.229706 98.774620 73.758148 51.442169 32.859619 18.293295 8.197344 2.401909 0.265934 0.009468 
0.000024 0.001863 0.089082 1.263944 5.426553 13.493587 25.629366 41.732975 61.304466 83.966957 108.851364 135.626602 163.119156 191.318481 218.678024 245.838394 270.645203 294.652710 315.583893 331.696625 369.118042 331.696625 315.583862 294.652679 270.645203 245.838394 218.678009 191.318466 163.119141 135.626617 108.851364 83.966972 61.304493 41.733002 25.629444 13.493720 5.426802 1.264305 0.089467 0.002282 
0.000003 0.000290 0.018548 0.458497 2.994588 8.881541 18.555704 31.970882 48.909630 68.875816 91.468018 115.926750 141.901520 168.400421 195.351639 221.429550 247.177155 270.645203 293.771881 310.014221 350.000580 310.014221 293.771881 270.645203 247.177155 221.429550 195.351639 168.400406 141.901520 115.926743 91.468018 68.875809 48.909630 31.970886 18.555712 8.881556 2.994613 0.458543 0.018596 0.000350 
0.000000 0.000030 0.002400 0.100133 1.241859 5.037269 12.215796 22.956289 37.109695 54.410152 74.379578 96.619064 120.445366 145.516251 170.946350 196.662659 221.429550 245.838409 268.029388 287.458557 324.126282 287.458557 268.029388 245.838394 221.429550 196.662659 170.946350 145.516235 120.445366 96.619057 74.379578 54.410156 37.109695 22.956289 12.215796 5.037269 1.241862 0.100137 0.002404 0.000036 
0.000000 0.000002 0.000203 0.012428 0.318352 2.269112 7.059664 15.118204 26.489952 40.974350 58.286629 77.967567 99.633286 122.650620 146.697647 170.946335 195.351639 218.678024 241.719131 260.633270 295.547607 260.633270 241.719131 218.678009 195.351639 170.946350 146.697662 122.650612 99.633286 77.967575 58.286629 40.974350 26.489952 15.118204 7.059664 2.269112 0.318352 0.012428 0.000203 0.000003 
0.000000 0.000000 0.000012 0.000934 0.042395 0.676448 3.322843 8.815187 17.402925 29.056013 43.548344 60.589890 79.738152 100.625664 122.650620 145.516251 168.400406 191.318466 212.912170 233.277069 262.117340 233.277054 212.912170 191.318466 168.400406 145.516235 122.650612 100.625679 79.738152 60.589886 43.548344 29.056013 17.402927 8.815187 3.322843 0.676448 0.042395 0.000934 0.000012 0.000000 
0.000000 0.000000 0.000001 0.000047 0.003030 0.101329 1.090632 4.243170 10.155111 18.968399 30.607910 44.832996 61.353363 79.738152 99.633301 120.445366 141.901520 163.119156 184.192200 203.065491 228.138046 203.065506 184.192200 163.119141 141.901520 120.445366 99.633286 79.738152 61.353363 44.833000 30.607912 18.968397 10.155111 4.243170 1.090632 0.101329 0.003030 0.000047 0.000001 0.000000 
0.000000 0.000000 0.000000 0.000002 0.000136 0.007193 0.181492 1.460555 4.915488 10.990993 19.762882 31.126814 44.832993 60.589886 77.967575 96.619072 115.926750 135.626617 154.656998 173.041306 191.970566 173.041321 154.656998 135.626617 115.926743 96.619057 77.967575 60.589886 44.833000 31.126814 19.762882 10.990993 4.915489 1.460555 0.181492 0.007193 0.000136 0.000002 0.000000 0.000000 
0.000000 0.000000 0.000000 0.000000 0.000004 0.000293 0.012939 0.258541 1.711483 5.268256 11.274693 19.762880 30.607912 43.548344 58.286629 74.379578 91.468025 108.851379 126.229713 142.102295 157.376434 142.102295 126.229706 108.851364 91.468018 74.379578 58.286629 43.548344 30.607912 19.762882 11.274693 5.268256 1.711483 0.258541 0.012939 0.000293 0.000004 0.000000 0.000000 0.000000 
0.000000 0.000000 0.000000 0.000000 0.000000 0.000008 0.000483 0.018165 0.305391 1.799887 5.268256 10.990992 18.968399 29.056011 40.974350 54.410156 68.875816 83.966972 98.774620 112.778984 123.381561 112.778976 98.774620 83.966972 68.875809 54.410156 40.974350 29.056013 18.968397 10.990993 5.268256 1.799887 0.305391 0.018165 0.000483 0.000008 0.000000 0.000000 0.000000 0.000000 
0.000000 0.000000 0.000000 0.000000 0.000000 0.000000 0.000012 0.000618 0.020294 0.305391 1.711483 4.915489 10.155111 17.402927 26.489952 37.109695 48.909630 61.304497 73.758148 84.828690 92.875076 84.828690 73.758148 61.304493 48.909630 37.109695 26.489952 17.402927 10.155111 4.915489 1.711483 0.305391 0.020294 0.000618 0.000012 0.000000 0.000000 0.000000 0.000000 0.000000 
0.000000 0.000000 0.000000 0.000000 0.000000 0.000000 0.000000 0.000014 0.000618 0.018165 0.258541 1.460555 4.243170 8.815187 15.118204 22.956289 31.970886 41.733006 51.442165 60.203800 65.322830 60.203800 51.442169 41.733002 31.970886 22.956289 15.118204 8.815187 4.243170 1.460555 0.258541 0.018165 0.000618 0.000014 0.000000 0.000000 0.000000 0.000000 0.000000 0.000000 
0.000000 0.000000 0.000000 0.000000 0.000000 0.000000 0.000000 0.000000 0.000012 0.000483 0.012939 0.181492 1.090632 3.322843 7.059664 12.215796 18.555712 25.629444 32.859619 39.026173 42.670723 39.026173 32.859619 25.629444 18.555712 12.215796 7.059664 3.322843 1.090632 0.181492 0.012939 0.000483 0.000012 0.000000 0.000000 0.000000 0.000000 0.000000 0.000000 0.000000 
0.000000 0.000000 0.000000 0.000000 0.000000 0.000000 0.000000 0.000000 0.000000 0.000008 0.000293 0.007193 0.101329 0.676448 2.269112 5.037269 8.881556 13.493720 18.293295 22.487448 24.513393 22.487448 18.293295 13.493720 8.881556 5.037269 2.269112 0.676448 0.101329 0.007193 0.000293 0.000008 0.000000 0.000000 0.000000 0.000000 0.000000 0.000000 0.000000 0.000000 
0.000000 0.000000 0.000000 0.000000 0.000000 0.000000 0.000000 0.000000 0.000000 0.000000 0.000004 0.000136 0.003030 0.042395 0.318352 1.241862 2.994613 5.426802 8.197344 10.570562 11.817207 10.570562 8.197344 5.426802 2.994613 1.241862 0.318352 0.042395 0.003030 0.000136 0.000004 0.000000 0.000000 0.000000 0.000000 0.000000 0.000000 0.000000 0.000000 0.000000 
0.000000 0.000000 0.000000 0.000000 0.000000 0.000000 0.000000 0.000000 0.000000 0.000000 0.000000 0.000002 0.000047 0.000934 0.012428 0.100137 0.458543 1.264305 2.401909 3.504500 3.947350 3.504500 2.401909 1.264305 0.458543 0.100137 0.012428 0.000934 0.000047 0.000002 0.000000 0.000000 0.000000 0.000000 0.000000 0.000000 0.000000 0.000000 0.000000 0.000000 
0.000000 0.000000 0.000000 0.000000 0.000000 0.000000 0.000000 0.000000 0.000000 0.000000 0.000000 0.000000 0.000001 0.000012 0.000203 0.002404 0.018596 0.089467 0.265934 0.506481 0.634845 0.506481 0.265934 0.089467 0.018596 0.002404 0.000203 0.000012 0.000001 0.000000 0.000000 0.000000 0.000000 0.000000 0.000000 0.000000 0.000000 0.000000 0.000000 0.000000 
0.000000 0.000000 0.000000 0.000000 0.000000 0.000000 0.000000 0.000000 0.000000 0.000000 0.000000 0.000000 0.000000 0.000000 0.000003 0.000036 0.000350 0.002282 0.009468 0.023671 0.033047 0.023671 0.009468 0.002282 0.000350 0.000036 0.000003 0.000000 0.000000 0.000000 0.000000 0.000000 0.000000 0.000000 0.000000 0.000000 0.000000 0.000000 0.000000 0.000000 
