0.000000 0.000000 0.000000 0.000000 0.000000 0.000000 0.000000 0.000000 0.000000 0.000000 0.000000 0.000000 0.000000 0.000000 0.000000 0.000000 0.000000 0.000000 0.000000 0.000000 0.000000 0.000000 0.000000 0.000000 0.000000 0.000000 0.000000 0.000000 0.000000 0.000000 0.000000 0.000000 0.000000 0.000000 0.000000 0.000000 0.000000 0.000000 0.000000 0.000000 
0.000000 0.000000 0.000000 0.000000 0.000000 0.000000 0.000000 0.000000 0.000000 0.000000 0.000000 0.000000 0.000000 0.000000 0.000000 0.000000 0.000000 0.000001 0.000006 0.000017 0.000027 0.000017 0.000006 0.000001 0.000000 0.000000 0.000000 0.000000 0.000000 0.000000 0.000000 0.000000 0.000000 0.000000 0.000000 0.000000 0.000000 0.000000 0.000000 0.000000 
0.000000 0.000000 0.000000 0.000000 0.000000 0.000000 0.000000 0.000000 0.000000 0.000000 0.000000 0.000000 0.000000 0.000000 0.000000 0.000001 0.000015 0.000118 0.000588 0.001687 0.002498 0.001687 0.000588 0.000118 0.000015 0.000001 0.000000 0.000000 0.000000 0.000000 0.000000 0.000000 0.000000 0.000000 0.000000 0.000000 0.000000 0.000000 0.000000 0.000000 
0.000000 0.000000 0.000000 0.000000 0.000000 0.000000 0.000000 0.000000 0.000000 0.000000 0.000000 0.000000 0.000000 0.000000 0.000008 0.000125 0.001315 0.008842 0.036154 0.087043 0.119501 0.087043 0.036154 0.008842 0.001315 0.000125 0.000008 0.000000 0.000000 0.000000 0.000000 0.000000 0.000000 0.000000 0.000000 0.000000 0.000000 0.000000 0.000000 0.000000 
0.000000 0.000000 0.000000 0.000000 0.000000 0.000000 0.000000 0.000000 0.000000 0.000000 0.000000 0.000000 0.000001 0.000036 0.000682 0.008497 0.064643 0.285220 0.758126 1.327133 1.637567 1.327133 0.758126 0.285220 0.064643 0.008497 0.000682 0.000036 0.000001 0.000000 0.000000 0.000000 0.000000 0.000000 0.000000 0.000000 0.000000 0.000000 0.000000 0.000000 
0.000000 0.000000 0.000000 0.000000 0.000000 0.000000 0.000000 0.000000 0.000000 0.000000 0.000000 0.000004 0.000116 0.002502 0.033933 0.251921 0.990589 2.386983 4.189598 5.959468 6.609583 5.959469 4.189598 2.386983 0.990589 0.251921 0.033933 0.002502 0.000116 0.000004 0.000000 0.000000 0.000000 0.000000 0.000000 0.000000 0.000000 0.000000 0.000000 0.000000 
0.000000 0.000000 0.000000 0.000000 0.000000 0.000000 0.000000 0.000000 0.000000 0.000000 0.000007 0.000267 0.006468 0.090030 0.602890 2.038155 4.509570 7.829679 11.613388 14.907564 16.677839 14.907564 11.613389 7.829679 4.509570 2.038155 0.602890 0.090030 0.006468 0.000267 0.000007 0.000000 0.000000 0.000000 0.000000 0.000000 0.000000 0.000000 0.000000 0.000000 
0.000000 0.000000 0.000000 0.000000 0.000000 0.000000 0.000000 0.000000 0.000000 0.000011 0.000460 0.012289 0.171798 1.035313 3.157311 6.684101 11.468015 17.211731 23.257605 28.799347 31.527060 28.799347 23.257605 17.211727 11.468015 6.684101 3.157311 1.035313 0.171798 0.012289 0.000460 0.000011 0.000000 0.000000 0.000000 0.000000 0.000000 0.000000 0.000000 0.000000 
0.000000 0.000000 0.000000 0.000000 0.000000 0.000000 0.000000 0.000000 0.000013 0.000601 0.017776 0.253367 1.431737 4.150266 8.594707 14.657595 22.110807 30.460094 39.219131 46.935246 52.036499 46.935242 39.219131 30.460096 22.110807 14.657595 8.594708 4.150265 1.431737 0.253367 0.017776 0.000601 0.000013 0.000000 0.000000 0.000000 0.000000 0.000000 0.000000 0.000000 
0.000000 0.000000 0.000000 0.000000 0.000000 0.000000 0.000000 0.000011 0.000601 0.020048 0.303830 1.703442 4.880650 10.057340 17.169790 26.030230 36.244125 47.448505 58.748543 69.526001 76.548027 69.526009 58.748535 47.448502 36.244118 26.030228 17.169788 10.057340 4.880649 1.703442 0.303830 0.020048 0.000601 0.000011 0.000000 0.000000 0.000000 0.000000 0.000000 0.000000 
0.000000 0.000000 0.000000 0.000000 0.000000 0.000000 0.000007 0.000460 0.017776 0.303830 1.799521 5.264893 10.970325 18.887901 28.863754 40.553608 53.655815 67.493439 81.754616 94.769096 106.058456 94.769096 81.754623 67.493439 53.655819 40.553608 28.863754 18.887901 10.970322 5.264893 1.799521 0.303830 0.017776 0.000460 0.000007 0.000000 0.000000 0.000000 0.000000 0.000000 
0.000000 0.000000 0.000000 0.000000 0.000000 0.000004 0.000267 0.012289 0.253367 1.703442 5.264892 11.280176 19.758223 30.570908 43.403770 57.981087 73.724358 90.385315 106.824661 123.118111 137.633942 123.118118 106.824646 90.385323 73.724358 57.981075 43.403774 30.570910 19.758226 11.280176 5.264893 1.703443 0.253367 0.012289 0.000267 0.000004 0.000000 0.000000 0.000000 0.000000 
0.000000 0.000000 0.000000 0.000000 0.000001 0.000116 0.006468 0.171798 1.431737 4.880649 10.970319 19.758224 31.140486 44.820549 60.532711 77.737335 96.196487 114.988228 134.217453 151.776871 172.853149 151.776871 134.217453 114.988220 96.196480 77.737335 60.532719 44.820553 31.140484 19.758224 10.970323 4.880649 1.431737 0.171798 0.006468 0.000116 0.000001 0.000000 0.000000 0.000000 
0.000000 0.000000 0.000000 0.000000 0.000036 0.002502 0.090030 1.035313 4.150265 10.057340 18.887899 30.570906 44.820549 61.375843 79.703957 99.558914 120.101318 141.388199 161.837112 182.142395 207.374695 182.142410 161.837082 141.388214 120.101326 99.558929 79.703964 61.375835 44.820553 30.570908 18.887901 10.057340 4.150265 1.035313 0.090030 0.002502 0.000036 0.000000 0.000000 0.000000 
0.000000 0.000000 0.000000 0.000008 0.000682 0.033933 0.602890 3.157311 8.594707 17.169790 28.863754 43.403774 60.532719 79.703957 100.660645 122.571449 145.445740 167.901657 190.813889 210.404221 243.832932 210.404221 190.813889 167.901672 145.445740 122.571457 100.660645 79.703964 60.532719 43.403774 28.863754 17.169788 8.594707 3.157311 0.602890 0.033933 0.000682 0.000008 0.000000 0.000000 
0.000000 0.000000 0.000001 0.000125 0.008497 0.251921 2.038155 6.684101 14.657595 26.030230 40.553608 57.981087 77.737335 99.558922 122.571449 146.762451 170.783371 195.341339 218.066864 239.632065 276.476135 239.632065 218.066864 195.341324 170.783371 146.762451 122.571457 99.558929 77.737335 57.981075 40.553612 26.030228 14.657595 6.684101 2.038155 0.251921 0.008497 0.000125 0.000001 0.000000 
0.000000 0.000000 0.000015 0.001315 0.064643 0.990589 4.509570 11.468015 22.110807 36.244125 53.655815 73.724358 96.196480 120.101334 145.445740 170.783371 196.795349 221.135986 246.163757 264.634308 309.089355 264.634308 246.163757 221.135971 196.795349 170.783371 145.445740 120.101326 96.196480 73.724358 53.655815 36.244118 22.110807 11.468015 4.509570 0.990589 0.064643 0.001315 0.000015 0.000000 
0.000000 0.000001 0.000118 0.008842 0.285220 2.386983 7.829679 17.211731 30.460094 47.448505 67.493439 90.385323 114.988220 141.388214 167.901672 195.341339 221.135986 247.379242 270.599304 290.487732 335.176758 290.487732 270.599304 247.379242 221.135971 195.341324 167.901672 141.388214 114.988220 90.385323 67.493439 47.448502 30.460098 17.211731 7.829679 2.386983 0.285220 0.008842 0.000118 0.000001 
0.000000 0.000006 0.000588 0.036154 0.758126 4.189598 11.613388 23.257605 39.219131 58.748543 81.754616 106.824669 134.217453 161.837112 190.813889 218.066864 246.163742 270.599304 295.975342 312.061920 360.682861 312.061920 295.975311 270.599304 246.163727 218.066864 190.813889 161.837097 134.217453 106.824654 81.754623 58.748535 39.219131 23.257605 11.613389 4.189598 0.758126 0.036154 0.000589 0.000007 
0.000000 0.000017 0.001687 0.087043 1.327133 5.959468 14.907564 28.799343 46.935242 69.526001 94.769096 123.118103 151.776871 182.142395 210.404221 239.632065 264.634338 290.487732 312.061920 327.517883 372.001648 327.517883 312.061920 290.487732 264.634338 239.632065 210.404221 182.142395 151.776871 123.118118 94.769104 69.526009 46.935242 28.799347 14.907566 5.959470 1.327135 0.087045 0.001689 0.000021 
0.000000 0.000027 0.002498 0.119501 1.637567 6.609581 16.677837 31.527054 52.036503 76.548019 106.058456 137.633926 172.853134 207.374695 243.832947 276.476105 309.089355 335.176758 360.682831 372.001648 399.906860 372.001648 360.682861 335.176758 309.089355 276.476105 243.832932 207.374695 172.853149 137.633942 106.058464 76.548019 52.036499 31.527060 16.677841 6.609585 1.637569 0.119504 0.002501 0.000032 
0.000000 0.000017 0.001687 0.087043 1.327133 5.959469 14.907564 28.799345 46.935242 69.526009 94.769096 123.118118 151.776871 182.142410 210.404236 239.632065 264.634338 290.487732 312.061920 327.517883 372.001648 327.517883 312.061920 290.487732 264.634338 239.632065 210.404221 182.142395 151.776871 123.118118 94.769104 69.526001 46.935249 28.799345 14.907567 5.959470 1.327135 0.087045 0.001689 0.000021 
0.000000 0.000006 0.000588 0.036154 0.758126 4.189598 11.613389 23.257605 39.219131 58.748543 81.754616 106.824654 134.217453 161.837097 190.813889 218.066864 246.163727 270.599335 295.975311 312.061920 360.682861 312.061920 295.975311 270.599304 246.163727 218.066864 190.813889 161.837097 134.217453 106.824654 81.754623 58.748535 39.219128 23.257605 11.613389 4.189598 0.758126 0.036154 0.000589 0.000007 
0.000000 0.000001 0.000118 0.008842 0.285220 2.386983 7.829679 17.211731 30.460096 47.448505 67.493439 90.385323 114.988228 141.388214 167.901672 195.341324 221.135971 247.379242 270.599304 290.487732 335.176758 290.487732 270.599304 247.379242 221.135971 195.341324 167.901657 141.388214 114.988220 90.385323 67.493439 47.448505 30.460098 17.211731 7.829679 2.386983 0.285220 0.008842 0.000118 0.000001 
0.000000 0.000000 0.000015 0.001315 0.064643 0.990589 4.509570 11.468016 22.110807 36.244129 53.655819 73.724358 96.196487 120.101326 145.445755 170.783371 196.795349 221.135971 246.163727 264.634338 309.089355 264.634338 246.163727 221.135971 196.795349 170.783371 145.445740 120.101318 96.196480 73.724358 53.655815 36.244125 22.110807 11.468016 4.509570 0.990589 0.064643 0.001315 0.000015 0.000000 
0.000000 0.000000 0.000001 0.000125 0.008497 0.251921 2.038155 6.684102 14.657595 26.030230 40.553612 57.981083 77.737335 99.558937 122.571457 146.762451 170.783371 195.341339 218.066864 239.632065 276.476105 239.632065 218.066864 195.341324 170.783371 146.762451 122.571449 99.558907 77.737335 57.981075 40.553608 26.030228 14.657595 6.684102 2.038155 0.251921 0.008497 0.000125 0.000001 0.000000 
0.000000 0.000000 0.000000 0.000008 0.000682 0.033933 0.602890 3.157311 8.594709 17.169790 28.863756 43.403770 60.532719 79.703964 100.660645 122.571449 145.445740 167.901672 190.813889 210.404221 243.832947 210.404221 190.813889 167.901657 145.445740 122.571449 100.660645 79.703957 60.532711 43.403778 28.863754 17.169788 8.594707 3.157311 0.602890 0.033933 0.000682 0.000008 0.000000 0.000000 
0.000000 0.000000 0.000000 0.000000 0.000036 0.002502 0.090030 1.035313 4.150265 10.057341 18.887901 30.570910 44.820549 61.375835 79.703964 99.558929 120.101318 141.388214 161.837097 182.142410 207.374695 182.142395 161.837097 141.388214 120.101318 99.558907 79.703957 61.375839 44.820549 30.570906 18.887901 10.057340 4.150265 1.035313 0.090030 0.002502 0.000036 0.000000 0.000000 0.000000 
0.000000 0.000000 0.000000 0.000000 0.000001 0.000116 0.006468 0.171798 1.431737 4.880650 10.970322 19.758226 31.140482 44.820549 60.532719 77.737335 96.196487 114.988228 134.217453 151.776871 172.853134 151.776871 134.217453 114.988220 96.196480 77.737335 60.532711 44.820549 31.140482 19.758224 10.970323 4.880649 1.431737 0.171798 0.006468 0.000116 0.000001 0.000000 0.000000 0.000000 
0.000000 0.000000 0.000000 0.000000 0.000000 0.000004 0.000267 0.012289 0.253367 1.703443 5.264893 11.280176 19.758223 30.570904 43.403774 57.981083 73.724358 90.385323 106.824646 123.118111 137.633942 123.118118 106.824654 90.385323 73.724358 57.981075 43.403778 30.570906 19.758224 11.280175 5.264893 1.703442 0.253367 0.012289 0.000267 0.000004 0.000000 0.000000 0.000000 0.000000 
0.000000 0.000000 0.000000 0.000000 0.000000 0.000000 0.000007 0.000460 0.017776 0.303830 1.799521 5.264892 10.970322 18.887899 28.863756 40.553608 53.655819 67.493439 81.754616 94.769104 106.058464 94.769104 81.754623 67.493439 53.655815 40.553608 28.863754 18.887901 10.970323 5.264893 1.799521 0.303830 0.017776 0.000460 0.000007 0.000000 0.000000 0.000000 0.000000 0.000000 
0.000000 0.000000 0.000000 0.000000 0.000000 0.000000 0.000000 0.000011 0.000601 0.020048 0.303830 1.703441 4.880649 10.057339 17.169788 26.030228 36.244129 47.448505 58.748535 69.526009 76.548019 69.526001 58.748535 47.448505 36.244125 26.030228 17.169788 10.057340 4.880649 1.703442 0.303830 0.020048 0.000601 0.000011 0.000000 0.000000 0.000000 0.000000 0.000000 0.000000 
0.000000 0.000000 0.000000 0.000000 0.000000 0.000000 0.000000 0.000000 0.000013 0.000601 0.017776 0.253367 1.431737 4.150266 8.594709 14.657596 22.110807 30.460094 39.219131 46.935242 52.036499 46.935249 39.219128 30.460098 22.110807 14.657595 8.594707 4.150265 1.431737 0.253367 0.017776 0.000601 0.000013 0.000000 0.000000 0.000000 0.000000 0.000000 0.000000 0.000000 
0.000000 0.000000 0.000000 0.000000 0.000000 0.000000 0.000000 0.000000 0.000000 0.000011 0.000460 0.012289 0.171798 1.035313 3.157311 6.684101 11.468015 17.211731 23.257605 28.799347 31.527060 28.799345 23.257605 17.211731 11.468016 6.684102 3.157311 1.035313 0.171798 0.012289 0.000460 0.000011 0.000000 0.000000 0.000000 0.000000 0.000000 0.000000 0.000000 0.000000 
0.000000 0.000000 0.000000 0.000000 0.000000 0.000000 0.000000 0.000000 0.000000 0.000000 0.000007 0.000267 0.006468 0.090030 0.602890 2.038155 4.509570 7.829679 11.613389 14.907566 16.677841 14.907567 11.613389 7.829679 4.509570 2.038155 0.602890 0.090030 0.006468 0.000267 0.000007 0.000000 0.000000 0.000000 0.000000 0.000000 0.000000 0.000000 0.000000 0.000000 
0.000000 0.000000 0.000000 0.000000 0.000000 0.000000 0.000000 0.000000 0.000000 0.000000 0.000000 0.000004 0.000116 0.002502 0.033933 0.251921 0.990589 2.386983 4.189598 5.959470 6.609585 5.959470 4.189598 2.386983 0.990589 0.251921 0.033933 0.002502 0.000116 0.000004 0.000000 0.000000 0.000000 0.000000 0.000000 0.000000 0.000000 0.000000 0.000000 0.000000 
0.000000 0.000000 0.000000 0.000000 0.000000 0.000000 0.000000 0.000000 0.000000 0.000000 0.000000 0.000000 0.000001 0.000036 0.000682 0.008497 0.064643 0.285220 0.758126 1.327135 1.637569 1.327135 0.758126 0.285220 0.064643 0.008497 0.000682 0.000036 0.000001 0.000000 0.000000 0.000000 0.000000 0.000000 0.000000 0.000000 0.000000 0.000000 0.000000 0.000000 
0.000000 0.000000 0.000000 0.000000 0.000000 0.000000 0.000000 0.000000 0.000000 0.000000 0.000000 0.000000 0.000000 0.000000 0.000008 0.000125 0.001315 0.008842 0.036154 0.087045 0.119504 0.087045 0.036154 0.008842 0.001315 0.000125 0.000008 0.000000 0.000000 0.000000 0.000000 0.000000 0.000000 0.000000 0.000000 0.000000 0.000000 0.000000 0.000000 0.000000 
0.000000 0.000000 0.000000 0.000000 0.000000 0.000000 0.000000 0.000000 0.000000 0.000000 0.000000 0.000000 0.000000 0.000000 0.000000 0.000001 0.000015 0.000118 0.000589 0.001689 0.002501 0.001689 0.000589 0.000118 0.000015 0.000001 0.000000 0.000000 0.000000 0.000000 0.000000 0.000000 0.000000 0.000000 0.000000 0.000000 0.000000 0.000000 0.000000 0.000000 
0.000000 0.000000 0.000000 0.000000 0.000000 0.000000 0.000000 0.000000 0.000000 0.000000 0.000000 0.000000 0.000000 0.000000 0.000000 0.000000 0.000000 0.000001 0.000007 0.000021 0.000032 0.000021 0.000007 0.000001 0.000000 0.000000 0.000000 0.000000 0.000000 0.000000 0.000000 0.000000 0.000000 0.000000 0.000000 0.000000 0.000000 0.000000 0.000000 0.000000 
