0.000000 0.000000 0.000000 0.000000 0.000000 0.000000 0.000000 0.000000 0.000000 0.000000 0.000001 0.000028 0.000555 0.007817 0.075366 0.478559 1.974266 5.600616 12.171349 22.407032 37.822262 22.407032 12.171351 5.600616 1.974266 0.478559 0.075366 0.007817 0.000555 0.000028 0.000001 0.000000 0.000000 0.000000 0.000000 0.000000 0.000000 0.000000 0.000000 0.000000 
0.000000 0.000000 0.000000 0.000000 0.000000 0.000000 0.000000 0.000000 0.000000 0.000003 0.000075 0.001607 0.023037 0.192660 0.875107 2.449988 5.292314 10.059036 17.416143 28.110760 43.783028 28.110764 17.416143 10.059035 5.292314 2.449989 0.875107 0.192660 0.023037 0.001607 0.000075 0.000003 0.000000 0.000000 0.000000 0.000000 0.000000 0.000000 0.000000 0.000000 
0.000000 0.000000 0.000000 0.000000 0.000000 0.000000 0.000000 0.000000 0.000006 0.000185 0.004307 0.061970 0.458318 1.715140 4.074595 7.584395 12.338849 18.706339 27.233679 38.525967 54.791672 38.525970 27.233677 18.706341 12.338849 7.584396 4.074595 1.715140 0.458318 0.061970 0.004307 0.000185 0.000006 0.000000 0.000000 0.000000 0.000000 0.000000 0.000000 0.000000 
0.000000 0.000000 0.000000 0.000000 0.000000 0.000000 0.000000 0.000010 0.000359 0.008951 0.126478 0.823343 2.692287 5.951571 10.590063 16.465672 23.473490 31.763588 41.683044 53.822529 70.622795 53.822540 41.683044 31.763594 23.473494 16.465672 10.590063 5.951572 2.692287 0.823343 0.126478 0.008951 0.000359 0.000010 0.000000 0.000000 0.000000 0.000000 0.000000 0.000000 
0.000000 0.000000 0.000000 0.000000 0.000000 0.000000 0.000014 0.000553 0.014765 0.205291 1.209325 3.643990 7.737986 13.473301 20.699076 29.162163 38.630337 49.031567 60.590263 73.599854 91.293602 73.599861 60.590263 49.031567 38.630337 29.162161 20.699078 13.473301 7.737986 3.643990 1.209325 0.205291 0.014765 0.000553 0.000014 0.000000 0.000000 0.000000 0.000000 0.000000 
0.000000 0.000000 0.000000 0.000000 0.000000 0.000015 0.000685 0.019749 0.276619 1.540368 4.454894 9.261891 15.957418 24.398661 34.343876 45.480770 57.466480 70.108353 83.362190 97.549934 115.949112 97.549950 83.362198 70.108353 57.466480 45.480774 34.343876 24.398657 15.957418 9.261891 4.454894 1.540368 0.276619 0.019749 0.000685 0.000015 0.000000 0.000000 0.000000 0.000000 
0.000000 0.000000 0.000000 0.000000 0.000014 0.000685 0.021724 0.318737 1.760955 5.040066 10.417504 17.906586 27.377008 38.599571 51.278584 65.042366 79.514984 94.332626 109.421112 124.640816 144.349335 124.640831 109.421127 94.332626 79.514984 65.042366 51.278587 38.599571 27.377010 17.906586 10.417504 5.040066 1.760955 0.318737 0.021724 0.000685 0.000014 0.000000 0.000000 0.000000 
0.000000 0.000000 0.000000 0.000010 0.000553 0.019749 0.318737 1.838114 5.345478 11.136539 19.243008 29.547388 41.829224 55.802681 71.114166 87.380081 104.147255 121.066055 137.761765 154.317169 175.048752 154.317169 137.761749 121.066055 104.147255 87.380081 71.114166 55.802681 41.829224 29.547388 19.243008 11.136539 5.345478 1.838114 0.318737 0.019749 0.000553 0.000010 0.000000 0.000000 
0.000000 0.000000 0.000006 0.000359 0.014765 0.276619 1.760955 5.345478 11.380329 19.921640 30.864515 43.994823 59.029675 75.620583 93.394371 111.909134 130.757599 149.428497 167.722275 185.075912 207.723663 185.075928 167.722244 149.428497 130.757584 111.909142 93.394371 75.620583 59.029675 43.994823 30.864515 19.921640 11.380330 5.345478 1.760955 0.276619 0.014765 0.000359 0.000006 0.000000 
0.000000 0.000003 0.000185 0.008951 0.205291 1.540368 5.040066 11.136539 19.921640 31.305929 45.080399 60.961384 78.597382 97.611977 117.570084 138.064148 158.583649 178.785965 198.093765 216.433090 240.454880 216.433090 198.093750 178.785965 158.583649 138.064148 117.570091 97.611984 78.597382 60.961384 45.080399 31.305927 19.921640 11.136539 5.040066 1.540368 0.205291 0.008951 0.000186 0.000003 
0.000001 0.000075 0.004307 0.126478 1.209325 4.454894 10.417502 19.243008 30.864515 45.080399 61.604427 80.077171 100.110619 121.260880 143.111801 165.163513 187.044464 208.170181 228.414780 246.686264 272.993042 246.686264 228.414795 208.170166 187.044449 165.163513 143.111801 121.260880 100.110634 80.077171 61.604431 45.080399 30.864515 19.243008 10.417505 4.454899 1.209331 0.126488 0.004320 0.000092 
0.000028 0.001607 0.061970 0.823343 3.643990 9.261891 17.906586 29.547386 43.994820 60.961384 80.077171 100.938454 123.082115 146.072723 169.398315 192.669754 215.315628 237.119705 257.401215 275.727295 303.143005 275.727325 257.401184 237.119705 215.315628 192.669739 169.398331 146.072708 123.082108 100.938446 80.077171 60.961384 43.994823 29.547390 17.906605 9.261940 3.644094 0.823565 0.062302 0.002023 
0.000555 0.023037 0.458318 2.692287 7.737986 15.957418 27.377008 41.829220 59.029663 78.597382 100.110619 123.082108 147.048340 171.472046 195.935165 219.869797 242.993744 264.652130 284.970642 301.915680 330.845154 301.915680 284.970612 264.652130 242.993729 219.869797 195.935165 171.472046 147.048340 123.082108 100.110641 78.597420 59.029732 41.829380 27.377357 15.958220 7.739730 2.695917 0.464671 0.030772 
0.007817 0.192660 1.715140 5.951571 13.473301 24.398661 38.599571 55.802681 75.620583 97.611984 121.260880 146.072723 171.472046 197.005966 222.076614 246.361328 269.212585 290.593994 309.829132 325.757446 353.973663 325.757446 309.829102 290.593994 269.212585 246.361343 222.076584 197.005981 171.472046 146.072815 121.261040 97.612587 75.621704 55.805405 38.605095 24.410173 13.496323 5.995127 1.790991 0.297718 
0.075366 0.875107 4.074595 10.590063 20.699076 34.343876 51.278584 71.114166 93.394371 117.570084 143.111801 169.398315 195.935165 222.076614 247.441925 271.401215 293.834564 313.941162 332.326599 345.763947 372.698090 345.763947 332.326599 313.941162 293.834564 271.401245 247.441956 222.076752 195.935593 169.399475 143.114655 117.577003 93.408806 71.144119 51.337490 34.454868 20.899382 10.934441 4.628813 1.675691 
0.478559 2.449988 7.584395 16.465672 29.162163 45.480770 65.042366 87.380081 111.909134 138.064148 165.163513 192.669754 219.869797 246.361328 271.401215 294.870728 315.969849 334.939270 351.148956 362.903839 385.632629 362.903839 351.148987 334.939331 315.969971 294.871124 271.402069 246.363800 219.876007 192.681976 165.190659 138.120682 112.020226 87.588783 65.414993 46.115219 30.190731 18.050800 9.895271 5.630115 
1.974266 5.292314 12.338849 23.473490 38.630337 57.466480 79.514984 104.147255 130.757599 158.583649 187.044464 215.315628 242.993729 269.212585 293.834564 315.969849 335.863068 352.539856 367.070862 375.939514 393.678314 375.939514 367.070892 352.540100 335.863800 315.972076 293.840820 269.228760 243.028061 215.397003 187.192719 158.868744 131.271881 105.028229 80.948792 59.685478 41.902508 28.075825 18.523336 13.287096 
5.600616 10.059036 18.706339 31.763588 49.031567 70.108353 94.332626 121.066055 149.428497 178.785965 208.170181 237.119705 264.652130 290.593994 313.941162 334.939270 352.539856 367.343719 378.937439 385.913788 397.501038 385.913940 378.937683 367.344849 352.543762 334.950195 313.968994 290.661682 264.797089 237.426605 208.719254 179.757690 151.048248 123.623383 98.168816 75.593048 56.526592 41.586739 31.098904 25.242682 
12.171349 17.416143 27.233677 41.683044 60.590263 83.362190 109.421112 137.761765 167.722275 198.093750 228.414780 257.401215 284.970642 309.829132 332.326599 351.148956 367.070831 378.937469 388.105682 392.623962 399.190125 392.624115 388.106537 378.941437 367.085052 351.192230 332.433411 310.065308 285.446198 258.306915 229.967041 200.643463 171.675781 143.577560 117.572632 94.285545 74.647194 59.118290 48.186314 41.987038 
22.407032 28.110762 38.525967 53.822536 73.599846 97.549950 124.640823 154.317169 185.075928 216.433090 246.686249 275.727325 301.915680 325.757446 345.763947 362.903839 375.939514 385.913788 392.623962 395.775421 399.639648 395.775604 392.625427 385.922302 375.968079 362.974457 345.914062 326.067169 302.543243 276.928284 248.828812 220.016663 190.635361 162.409958 135.793137 112.180351 92.017090 76.189491 64.903656 58.563850 
37.822258 43.783020 54.791672 70.622795 91.293594 115.949120 144.349319 175.048752 207.723679 240.454880 272.993011 303.143036 330.845123 353.973663 372.698090 385.632599 393.678314 397.501038 399.190125 399.639648 399.914764 399.639679 399.191345 397.529022 393.949219 387.004944 376.800354 362.970581 346.751373 327.992432 308.210754 287.375763 266.959442 247.038223 228.835968 212.485123 198.858383 188.037735 180.500061 176.218597 
22.407032 28.110765 38.525970 53.822540 73.599861 97.549950 124.640831 154.317169 185.075928 216.433090 246.686279 275.727325 301.915680 325.757446 345.763977 362.903839 375.939514 385.913940 392.624115 395.775604 399.639679 395.775909 392.625580 385.922394 375.968109 362.974487 345.914093 326.067200 302.543243 276.928284 248.828827 220.016663 190.635345 162.409958 135.793137 112.180351 92.017090 76.189491 64.903656 58.563850 
12.171351 17.416145 27.233677 41.683044 60.590267 83.362198 109.421127 137.761749 167.722244 198.093765 228.414780 257.401215 284.970612 309.829132 332.326599 351.148987 367.070892 378.937683 388.106537 392.625427 399.191345 392.625580 388.107330 378.941742 367.085083 351.192230 332.433411 310.065308 285.446198 258.306915 229.967026 200.643463 171.675781 143.577560 117.572632 94.285545 74.647194 59.118290 48.186314 41.987038 
5.600616 10.059036 18.706341 31.763594 49.031567 70.108353 94.332626 121.066055 149.428497 178.785980 208.170181 237.119705 264.652130 290.594025 313.941162 334.939331 352.540100 367.344849 378.941467 385.922302 397.529022 385.922394 378.941742 367.346008 352.543854 334.950195 313.968994 290.661682 264.797089 237.426605 208.719254 179.757690 151.048248 123.623367 98.168823 75.593048 56.526596 41.586739 31.098904 25.242682 
1.974266 5.292314 12.338849 23.473494 38.630337 57.466480 79.514984 104.147255 130.757599 158.583649 187.044449 215.315643 242.993729 269.212585 293.834564 315.969971 335.863800 352.543762 367.085052 375.968079 393.949219 375.968109 367.085083 352.543854 335.864532 315.972260 293.840881 269.228760 243.028061 215.397003 187.192719 158.868774 131.271881 105.028236 80.948784 59.685478 41.902508 28.075825 18.523336 13.287096 
0.478559 2.449989 7.584396 16.465672 29.162161 45.480774 65.042366 87.380089 111.909134 138.064148 165.163513 192.669739 219.869797 246.361328 271.401245 294.871124 315.972076 334.950195 351.192230 362.974457 387.004944 362.974487 351.192230 334.950195 315.972229 294.871429 271.402069 246.363800 219.876007 192.681976 165.190659 138.120682 112.020226 87.588783 65.414993 46.115215 30.190733 18.050802 9.895272 5.630115 
0.075366 0.875107 4.074596 10.590063 20.699078 34.343880 51.278584 71.114174 93.394371 117.570091 143.111801 169.398315 195.935165 222.076584 247.441956 271.402100 293.840851 313.968994 332.433411 345.914062 376.800354 345.914093 332.433411 313.968994 293.840881 271.402069 247.442047 222.076782 195.935593 169.399475 143.114655 117.577003 93.408806 71.144119 51.337490 34.454872 20.899382 10.934442 4.628815 1.675692 
0.007817 0.192660 1.715140 5.951572 13.473301 24.398661 38.599567 55.802681 75.620583 97.611984 121.260880 146.072723 171.472046 197.005981 222.076782 246.363785 269.228760 290.661682 310.065308 326.067169 362.970581 326.067200 310.065308 290.661682 269.228760 246.363800 222.076782 197.005997 171.472046 146.072815 121.261047 97.612587 75.621704 55.805405 38.605099 24.410173 13.496323 5.995127 1.790991 0.297718 
0.000555 0.023037 0.458318 2.692287 7.737986 15.957418 27.377010 41.829224 59.029675 78.597382 100.110626 123.082115 147.048355 171.472046 195.935608 219.876007 243.028061 264.797119 285.446198 302.543243 346.751343 302.543243 285.446198 264.797089 243.028046 219.876007 195.935593 171.472046 147.048355 123.082115 100.110641 78.597420 59.029732 41.829380 27.377361 15.958220 7.739731 2.695917 0.464671 0.030772 
0.000028 0.001607 0.061970 0.823343 3.643990 9.261891 17.906586 29.547386 43.994823 60.961384 80.077179 100.938454 123.082108 146.072815 169.399445 192.681992 215.397003 237.426605 258.306885 276.928284 327.992432 276.928284 258.306915 237.426590 215.397003 192.681976 169.399475 146.072815 123.082115 100.938454 80.077171 60.961384 43.994823 29.547390 17.906607 9.261940 3.644095 0.823565 0.062302 0.002023 
0.000001 0.000075 0.004307 0.126478 1.209325 4.454894 10.417504 19.243008 30.864515 45.080402 61.604431 80.077179 100.110641 121.261055 143.114655 165.190643 187.192719 208.719254 229.967026 248.828827 308.210754 248.828827 229.967026 208.719254 187.192703 165.190659 143.114655 121.261040 100.110641 80.077171 61.604431 45.080399 30.864515 19.243008 10.417507 4.454900 1.209332 0.126488 0.004320 0.000092 
0.000000 0.000003 0.000185 0.008951 0.205291 1.540368 5.040066 11.136539 19.921640 31.305927 45.080399 60.961388 78.597420 97.612587 117.577003 138.120682 158.868759 179.757690 200.643463 220.016663 287.375763 220.016663 200.643463 179.757690 158.868759 138.120682 117.577003 97.612587 78.597420 60.961384 45.080399 31.305927 19.921640 11.136539 5.040066 1.540368 0.205291 0.008951 0.000186 0.000003 
0.000000 0.000000 0.000006 0.000359 0.014765 0.276619 1.760955 5.345478 11.380329 19.921640 30.864515 43.994823 59.029732 75.621704 93.408798 112.020226 131.271881 151.048248 171.675781 190.635361 266.959412 190.635345 171.675781 151.048248 131.271881 112.020226 93.408806 75.621704 59.029732 43.994823 30.864515 19.921640 11.380331 5.345479 1.760955 0.276619 0.014765 0.000359 0.000006 0.000000 
0.000000 0.000000 0.000000 0.000010 0.000553 0.019749 0.318737 1.838114 5.345478 11.136539 19.243008 29.547392 41.829380 55.805408 71.144119 87.588783 105.028236 123.623383 143.577560 162.409943 247.038208 162.409958 143.577560 123.623367 105.028236 87.588776 71.144119 55.805405 41.829380 29.547390 19.243008 11.136539 5.345479 1.838114 0.318737 0.019749 0.000553 0.000010 0.000000 0.000000 
0.000000 0.000000 0.000000 0.000000 0.000014 0.000685 0.021724 0.318737 1.760955 5.040066 10.417507 17.906607 27.377357 38.605095 51.337490 65.414993 80.948784 98.168823 117.572632 135.793137 228.835968 135.793137 117.572632 98.168823 80.948784 65.414993 51.337490 38.605095 27.377361 17.906607 10.417507 5.040066 1.760955 0.318737 0.021724 0.000685 0.000014 0.000000 0.000000 0.000000 
0.000000 0.000000 0.000000 0.000000 0.000000 0.000015 0.000685 0.019749 0.276619 1.540368 4.454899 9.261940 15.958220 24.410173 34.454872 46.115215 59.685486 75.593056 94.285553 112.180351 212.485123 112.180351 94.285545 75.593048 59.685478 46.115215 34.454872 24.410170 15.958220 9.261940 4.454900 1.540368 0.276619 0.019749 0.000685 0.000015 0.000000 0.000000 0.000000 0.000000 
0.000000 0.000000 0.000000 0.000000 0.000000 0.000000 0.000014 0.000553 0.014765 0.205291 1.209331 3.644094 7.739730 13.496323 20.899382 30.190733 41.902508 56.526600 74.647194 92.017090 198.858383 92.017090 74.647194 56.526592 41.902508 30.190733 20.899378 13.496325 7.739730 3.644095 1.209332 0.205291 0.014765 0.000553 0.000014 0.000000 0.000000 0.000000 0.000000 0.000000 
0.000000 0.000000 0.000000 0.000000 0.000000 0.000000 0.000000 0.000010 0.000359 0.008951 0.126488 0.823565 2.695917 5.995127 10.934442 18.050802 28.075825 41.586739 59.118290 76.189491 188.037735 76.189491 59.118290 41.586739 28.075825 18.050802 10.934441 5.995127 2.695917 0.823565 0.126488 0.008951 0.000359 0.000010 0.000000 0.000000 0.000000 0.000000 0.000000 0.000000 
0.000000 0.000000 0.000000 0.000000 0.000000 0.000000 0.000000 0.000000 0.000006 0.000186 0.004320 0.062302 0.464671 1.790991 4.628815 9.895272 18.523336 31.098904 48.186314 64.903656 180.500061 64.903656 48.186314 31.098904 18.523336 9.895271 4.628814 1.790991 0.464671 0.062302 0.004320 0.000186 0.000006 0.000000 0.000000 0.000000 0.000000 0.000000 0.000000 0.000000 
0.000000 0.000000 0.000000 0.000000 0.000000 0.000000 0.000000 0.000000 0.000000 0.000003 0.000092 0.002023 0.030772 0.297718 1.675692 5.630115 13.287096 25.242682 41.987038 58.563850 176.218597 58.563850 41.987038 25.242682 13.287096 5.630115 1.675691 0.297718 0.030772 0.002023 0.000092 0.000003 0.000000 0.000000 0.000000 0.000000 0.000000 0.000000 0.000000 0.000000 
