0.000000 0.000000 0.000000 0.000000 0.000000 0.000000 0.000000 0.000000 0.000000 0.000000 0.000000 0.000001 0.000012 0.000209 0.002673 0.023816 0.143919 0.589003 1.665658 3.320595 4.404001 3.320595 1.665659 0.589003 0.143919 0.023816 0.002673 0.000209 0.000012 0.000001 0.000000 0.000000 0.000000 0.000000 0.000000 0.000000 0.000000 0.000000 0.000000 0.000000 
0.000000 0.000000 0.000000 0.000000 0.000000 0.000000 0.000000 0.000000 0.000000 0.000000 0.000001 0.000038 0.000758 0.010461 0.090031 0.447718 1.349897 2.889863 5.042353 7.529527 8.955257 7.529530 5.042352 2.889863 1.349897 0.447718 0.090031 0.010461 0.000758 0.000038 0.000001 0.000000 0.000000 0.000000 0.000000 0.000000 0.000000 0.000000 0.000000 0.000000 
0.000000 0.000000 0.000000 0.000000 0.000000 0.000000 0.000000 0.000000 0.000000 0.000004 0.000111 0.002449 0.035036 0.277290 1.146753 2.893895 5.479628 8.744945 12.467346 16.115585 18.260502 16.115587 12.467346 8.744945 5.479628 2.893894 1.146753 0.277291 0.035036 0.002449 0.000111 0.000004 0.000000 0.000000 0.000000 0.000000 0.000000 0.000000 0.000000 0.000000 
0.000000 0.000000 0.000000 0.000000 0.000000 0.000000 0.000000 0.000000 0.000007 0.000249 0.005974 0.085235 0.595272 2.087468 4.769222 8.613808 13.396296 18.804167 24.418354 29.616901 32.549072 29.616905 24.418354 18.804167 13.396296 8.613807 4.769222 2.087468 0.595272 0.085235 0.005974 0.000249 0.000007 0.000000 0.000000 0.000000 0.000000 0.000000 0.000000 0.000000 
0.000000 0.000000 0.000000 0.000000 0.000000 0.000000 0.000000 0.000012 0.000438 0.011298 0.158540 0.984258 3.087287 6.678208 11.726889 18.043858 25.316242 33.105343 40.916775 47.837532 52.107197 47.837540 40.916775 33.105343 25.316242 18.043856 11.726889 6.678208 3.087287 0.984258 0.158540 0.011298 0.000438 0.000012 0.000000 0.000000 0.000000 0.000000 0.000000 0.000000 
0.000000 0.000000 0.000000 0.000000 0.000000 0.000000 0.000014 0.000612 0.016997 0.237332 1.358968 4.005280 8.402348 14.528644 22.219072 31.202232 41.088524 51.413441 61.513584 70.566833 76.196991 70.566849 61.513588 51.413441 41.088524 31.202236 22.219072 14.528642 8.402348 4.005280 1.358968 0.237332 0.016997 0.000612 0.000014 0.000000 0.000000 0.000000 0.000000 0.000000 
0.000000 0.000000 0.000000 0.000000 0.000000 0.000014 0.000683 0.020738 0.297524 1.648080 4.733941 9.798637 16.840025 25.707119 36.158035 47.850849 60.383217 73.202721 85.736427 96.838333 104.728500 96.838341 85.736443 73.202721 60.383217 47.850849 36.158039 25.707119 16.840027 9.798637 4.733941 1.648080 0.297524 0.020738 0.000683 0.000014 0.000000 0.000000 0.000000 0.000000 
0.000000 0.000000 0.000000 0.000000 0.000012 0.000612 0.020738 0.319955 1.804305 5.199047 10.775744 18.551691 28.391739 40.067268 53.264839 67.622849 82.672607 97.938141 112.665619 126.148506 136.234467 126.148506 112.665619 97.938133 82.672615 67.622849 53.264843 40.067272 28.391737 18.551691 10.775744 5.199047 1.804305 0.319955 0.020738 0.000612 0.000012 0.000000 0.000000 0.000000 
0.000000 0.000000 0.000000 0.000007 0.000438 0.016997 0.297524 1.804305 5.358550 11.277542 19.600967 30.207888 42.879318 57.312027 73.163002 90.005295 107.421104 124.811127 141.715820 156.984192 170.515915 156.984207 141.715820 124.811119 107.421097 90.005302 73.163010 57.312027 42.879318 30.207888 19.600967 11.277542 5.358551 1.804305 0.297524 0.016997 0.000438 0.000007 0.000000 0.000000 
0.000000 0.000000 0.000004 0.000249 0.011298 0.237332 1.648080 5.199048 11.277544 19.954338 31.122908 44.571373 59.999603 77.067245 95.361023 114.483299 133.908890 153.241547 171.702789 188.923035 205.498093 188.923035 171.702774 153.241547 133.908890 114.483299 95.361031 77.067253 59.999603 44.571373 31.122908 19.954336 11.277542 5.199047 1.648080 0.237332 0.011298 0.000249 0.000004 0.000000 
0.000000 0.000001 0.000111 0.005974 0.158540 1.358968 4.733939 10.775743 19.600969 31.122910 45.135960 61.339653 79.387871 98.864334 119.369095 140.402115 161.580917 182.262497 202.217117 220.175339 241.073059 220.175339 202.217133 182.262482 161.580902 140.402130 119.369087 98.864334 79.387871 61.339653 45.135960 31.122908 19.600967 10.775744 4.733941 1.358968 0.158540 0.005974 0.000111 0.000002 
0.000001 0.000038 0.002449 0.085235 0.984258 4.005280 9.798637 18.551689 30.207888 44.571377 61.339653 80.157806 100.596596 122.241295 144.586716 167.241714 189.613724 211.443237 231.929474 250.725494 274.742188 250.725525 231.929474 211.443237 189.613724 167.241699 144.586731 122.241287 100.596588 80.157799 61.339653 44.571373 30.207888 18.551691 9.798637 4.005281 0.984260 0.085240 0.002455 0.000046 
0.000012 0.000758 0.035036 0.595272 3.087287 8.402348 16.840025 28.391737 42.879318 59.999603 79.387871 100.596588 123.189148 146.638855 170.530685 194.273438 217.589172 239.734604 260.805573 278.752167 306.650757 278.752167 260.805542 239.734589 217.589157 194.273438 170.530685 146.638855 123.189148 100.596588 79.387871 59.999603 42.879318 28.391739 16.840038 8.402365 3.087341 0.595378 0.035180 0.000940 
0.000209 0.010461 0.277290 2.087468 6.678208 14.528644 25.707119 40.067268 57.312027 77.067253 98.864334 122.241287 146.638855 171.609604 196.537033 221.107727 244.596558 266.979553 287.401489 304.927002 334.184814 304.927002 287.401459 266.979553 244.596558 221.107742 196.537003 171.609589 146.638855 122.241295 98.864357 77.067268 57.312042 40.067360 25.707308 14.529043 6.679051 2.089154 0.279981 0.013525 
0.002673 0.090031 1.146753 4.769222 11.726889 22.219072 36.158035 53.264839 73.163002 95.361023 119.369087 144.586716 170.530685 196.537033 222.234802 246.931656 270.507935 292.037872 312.182159 327.414856 357.795715 327.414856 312.182159 292.037872 270.507935 246.931641 222.234787 196.537018 170.530716 144.586761 119.369240 95.361343 73.163567 53.266167 36.160778 22.224669 11.737774 4.789247 1.179544 0.129838 
0.023816 0.447718 2.893895 8.613808 18.043858 31.202232 47.850849 67.622849 90.005295 114.483299 140.402115 167.241714 194.273438 221.107727 246.931656 271.635956 294.299408 315.232330 333.522308 347.494812 375.384613 347.494812 333.522308 315.232330 294.299408 271.635986 246.931671 221.107849 194.273682 167.242401 140.403671 114.487076 90.013176 67.638474 47.880737 31.257399 18.141747 8.778991 3.152038 0.790833 
0.143919 1.349897 5.479628 13.396296 25.316242 41.088524 60.383217 82.672607 107.421104 133.908890 161.580917 189.613724 217.589157 244.596573 270.507935 294.299408 316.283051 335.233582 352.431427 363.391083 387.794708 363.391083 352.431427 335.233612 316.283081 294.299561 270.508423 244.597961 217.593201 189.619934 161.597244 133.941849 107.484924 82.791191 60.594456 41.446152 25.893389 14.279867 6.749856 3.031575 
0.589003 2.889863 8.744945 18.804167 33.105343 51.413441 73.202721 97.938141 124.811127 153.241547 182.262497 211.443237 239.734589 266.979553 292.037872 315.232330 335.233582 352.826172 367.235077 376.550781 394.624725 376.550781 367.235107 352.826324 335.234100 315.233826 292.042023 266.989288 239.756866 211.497345 182.363083 153.431992 125.156960 98.531044 74.167313 52.903408 35.293137 21.858500 12.794210 8.007605 
1.665658 5.042353 12.467346 24.418354 40.916775 61.513584 85.736427 112.665619 141.715820 171.702774 202.217117 231.929474 260.805573 287.401489 312.182159 333.522308 352.431396 367.235107 379.671967 386.269623 398.125671 386.269714 379.672180 367.235931 352.434296 333.530701 312.204834 287.454254 260.922333 232.169373 202.660156 172.484207 143.023697 114.732948 88.832207 65.913712 46.875900 32.125843 22.031853 16.512016 
3.320595 7.529527 16.115585 29.616901 47.837524 70.566849 96.838333 126.148506 156.984192 188.923050 220.175323 250.725510 278.752167 304.927002 327.414856 347.494812 363.391083 376.550781 386.269623 391.378052 399.155731 391.378143 386.270142 376.553436 363.399811 347.518829 327.479401 305.078217 279.092194 251.430450 221.484009 191.223465 160.682648 131.684921 104.627106 80.940125 61.006382 45.669510 35.003036 29.201372 
4.404000 8.955257 18.260502 32.549072 52.107193 76.196991 104.728485 136.234467 170.515915 205.498093 241.073044 274.742157 306.650757 334.184814 357.795715 375.384583 387.794708 394.624725 398.125671 399.155731 399.914307 399.155762 398.126556 394.640167 387.916290 375.911163 359.252533 337.287048 312.084259 283.254822 253.222763 221.821960 191.309113 161.737091 134.933823 111.031189 91.292923 75.764305 65.079498 59.069088 
3.320595 7.529530 16.115587 29.616907 47.837540 70.566849 96.838341 126.148506 156.984207 188.923050 220.175339 250.725510 278.752167 304.927002 327.414886 347.494812 363.391083 376.550781 386.269714 391.378143 399.155762 391.378326 386.270172 376.553467 363.399811 347.518860 327.479431 305.078247 279.092194 251.430450 221.484009 191.223465 160.682632 131.684921 104.627113 80.940125 61.006382 45.669510 35.003036 29.201372 
1.665659 5.042353 12.467347 24.418354 40.916779 61.513584 85.736443 112.665619 141.715820 171.702789 202.217117 231.929474 260.805542 287.401489 312.182159 333.522308 352.431427 367.235107 379.672180 386.270142 398.126556 386.270172 379.672394 367.235992 352.434296 333.530701 312.204834 287.454254 260.922333 232.169373 202.660141 172.484207 143.023697 114.732956 88.832207 65.913712 46.875900 32.125843 22.031853 16.512016 
0.589003 2.889863 8.744946 18.804167 33.105343 51.413445 73.202721 97.938141 124.811127 153.241562 182.262497 211.443237 239.734604 266.979584 292.037872 315.232330 335.233612 352.826324 367.235962 376.553436 394.640167 376.553467 367.235992 352.826538 335.234100 315.233826 292.042023 266.989288 239.756866 211.497345 182.363083 153.431992 125.156960 98.531029 74.167313 52.903408 35.293137 21.858500 12.794210 8.007605 
0.143919 1.349897 5.479628 13.396296 25.316242 41.088524 60.383217 82.672607 107.421104 133.908905 161.580902 189.613739 217.589157 244.596573 270.507935 294.299408 316.283081 335.234100 352.434296 363.399811 387.916290 363.399811 352.434296 335.234100 316.283112 294.299561 270.508453 244.597961 217.593201 189.619934 161.597244 133.941879 107.484924 82.791191 60.594452 41.446152 25.893389 14.279867 6.749856 3.031575 
0.023816 0.447718 2.893894 8.613807 18.043856 31.202236 47.850845 67.622849 90.005287 114.483307 140.402115 167.241699 194.273438 221.107727 246.931656 271.635986 294.299561 315.233826 333.530701 347.518829 375.911163 347.518860 333.530701 315.233826 294.299561 271.635986 246.931686 221.107834 194.273682 167.242401 140.403671 114.487076 90.013176 67.638474 47.880737 31.257395 18.141747 8.778992 3.152038 0.790833 
0.002673 0.090031 1.146753 4.769222 11.726889 22.219078 36.158035 53.264843 73.163002 95.361031 119.369095 144.586716 170.530685 196.537003 222.234787 246.931702 270.508453 292.042023 312.204834 327.479401 359.252533 327.479431 312.204834 292.042023 270.508453 246.931686 222.234818 196.537048 170.530716 144.586777 119.369240 95.361343 73.163567 53.266167 36.160778 22.224670 11.737774 4.789247 1.179545 0.129838 
0.000209 0.010461 0.277291 2.087468 6.678208 14.528644 25.707117 40.067272 57.312027 77.067253 98.864334 122.241295 146.638855 171.609589 196.537048 221.107849 244.597961 266.989288 287.454254 305.078217 337.287048 305.078247 287.454254 266.989288 244.597961 221.107834 196.537048 171.609604 146.638855 122.241295 98.864357 77.067268 57.312042 40.067360 25.707310 14.529043 6.679051 2.089154 0.279981 0.013525 
0.000012 0.000758 0.035036 0.595272 3.087287 8.402348 16.840025 28.391737 42.879318 59.999603 79.387863 100.596596 123.189156 146.638855 170.530731 194.273682 217.593201 239.756882 260.922333 279.092194 312.084259 279.092194 260.922333 239.756866 217.593185 194.273682 170.530716 146.638855 123.189156 100.596596 79.387871 59.999603 42.879318 28.391739 16.840042 8.402366 3.087341 0.595378 0.035180 0.000940 
0.000001 0.000038 0.002449 0.085235 0.984258 4.005280 9.798637 18.551689 30.207891 44.571373 61.339657 80.157806 100.596588 122.241295 144.586761 167.242416 189.619934 211.497345 232.169357 251.430450 283.254822 251.430450 232.169373 211.497345 189.619934 167.242401 144.586777 122.241295 100.596596 80.157806 61.339653 44.571373 30.207888 18.551689 9.798637 4.005281 0.984261 0.085240 0.002455 0.000046 
0.000000 0.000001 0.000111 0.005974 0.158540 1.358968 4.733941 10.775744 19.600969 31.122911 45.135963 61.339657 79.387871 98.864365 119.369247 140.403656 161.597244 182.363083 202.660141 221.484009 253.222763 221.484009 202.660141 182.363083 161.597244 140.403671 119.369247 98.864357 79.387871 61.339653 45.135960 31.122910 19.600969 10.775744 4.733941 1.358968 0.158541 0.005974 0.000111 0.000002 
0.000000 0.000000 0.000004 0.000249 0.011298 0.237332 1.648080 5.199047 11.277544 19.954336 31.122910 44.571377 59.999603 77.067268 95.361343 114.487076 133.941864 153.431992 172.484207 191.223465 221.821960 191.223465 172.484207 153.431992 133.941864 114.487076 95.361343 77.067268 59.999603 44.571373 31.122910 19.954336 11.277544 5.199047 1.648080 0.237332 0.011298 0.000249 0.000004 0.000000 
0.000000 0.000000 0.000000 0.000007 0.000438 0.016997 0.297524 1.804305 5.358550 11.277544 19.600969 30.207890 42.879318 57.312042 73.163567 90.013176 107.484924 125.156960 143.023697 160.682648 191.309097 160.682632 143.023697 125.156960 107.484924 90.013176 73.163567 57.312042 42.879318 30.207888 19.600969 11.277544 5.358551 1.804305 0.297524 0.016997 0.000438 0.000007 0.000000 0.000000 
0.000000 0.000000 0.000000 0.000000 0.000012 0.000612 0.020738 0.319955 1.804305 5.199047 10.775743 18.551689 28.391737 40.067360 53.266167 67.638474 82.791191 98.531044 114.732948 131.684906 161.737091 131.684921 114.732956 98.531029 82.791191 67.638466 53.266167 40.067360 28.391739 18.551689 10.775744 5.199047 1.804305 0.319955 0.020738 0.000612 0.000012 0.000000 0.000000 0.000000 
0.000000 0.000000 0.000000 0.000000 0.000000 0.000014 0.000683 0.020738 0.297524 1.648080 4.733941 9.798637 16.840038 25.707308 36.160778 47.880737 60.594452 74.167313 88.832207 104.627106 134.933823 104.627113 88.832207 74.167313 60.594452 47.880737 36.160778 25.707308 16.840042 9.798637 4.733941 1.648080 0.297524 0.020738 0.000683 0.000014 0.000000 0.000000 0.000000 0.000000 
0.000000 0.000000 0.000000 0.000000 0.000000 0.000000 0.000014 0.000612 0.016997 0.237332 1.358968 4.005281 8.402365 14.529044 22.224669 31.257395 41.446156 52.903412 65.913712 80.940125 111.031189 80.940125 65.913712 52.903408 41.446152 31.257395 22.224670 14.529041 8.402366 4.005281 1.358968 0.237332 0.016997 0.000612 0.000014 0.000000 0.000000 0.000000 0.000000 0.000000 
0.000000 0.000000 0.000000 0.000000 0.000000 0.000000 0.000000 0.000012 0.000438 0.011298 0.158540 0.984260 3.087341 6.679051 11.737774 18.141747 25.893389 35.293140 46.875900 61.006382 91.292923 61.006382 46.875900 35.293137 25.893389 18.141747 11.737772 6.679052 3.087341 0.984261 0.158541 0.011298 0.000438 0.000012 0.000000 0.000000 0.000000 0.000000 0.000000 0.000000 
0.000000 0.000000 0.000000 0.000000 0.000000 0.000000 0.000000 0.000000 0.000007 0.000249 0.005974 0.085240 0.595378 2.089154 4.789247 8.778992 14.279867 21.858500 32.125843 45.669510 75.764305 45.669510 32.125843 21.858500 14.279867 8.778992 4.789247 2.089154 0.595378 0.085240 0.005974 0.000249 0.000007 0.000000 0.000000 0.000000 0.000000 0.000000 0.000000 0.000000 
0.000000 0.000000 0.000000 0.000000 0.000000 0.000000 0.000000 0.000000 0.000000 0.000004 0.000111 0.002455 0.035180 0.279981 1.179544 3.152038 6.749856 12.794210 22.031853 35.003036 65.079498 35.003036 22.031853 12.794210 6.749855 3.152038 1.179544 0.279981 0.035180 0.002455 0.000111 0.000004 0.000000 0.000000 0.000000 0.000000 0.000000 0.000000 0.000000 0.000000 
0.000000 0.000000 0.000000 0.000000 0.000000 0.000000 0.000000 0.000000 0.000000 0.000000 0.000002 0.000046 0.000940 0.013525 0.129838 0.790833 3.031575 8.007605 16.512016 29.201372 59.069088 29.201372 16.512016 8.007605 3.031575 0.790833 0.129838 0.013525 0.000940 0.000046 0.000002 0.000000 0.000000 0.000000 0.000000 0.000000 0.000000 0.000000 0.000000 0.000000 
