0.000000 0.000000 0.000000 0.000000 0.000000 0.000000 0.000000 0.000000 0.000000 0.000000 0.000000 0.000000 0.000000 0.000000 0.000001 0.000017 0.000158 0.000998 0.004043 0.009937 0.013748 0.009937 0.004043 0.000998 0.000158 0.000017 0.000001 0.000000 0.000000 0.000000 0.000000 0.000000 0.000000 0.000000 0.000000 0.000000 0.000000 0.000000 0.000000 0.000000 
0.000000 0.000000 0.000000 0.000000 0.000000 0.000000 0.000000 0.000000 0.000000 0.000000 0.000000 0.000000 0.000000 0.000007 0.000107 0.001223 0.009405 0.046273 0.142891 0.280836 0.354957 0.280836 0.142891 0.046273 0.009405 0.001223 0.000107 0.000007 0.000000 0.000000 0.000000 0.000000 0.000000 0.000000 0.000000 0.000000 0.000000 0.000000 0.000000 0.000000 
0.000000 0.000000 0.000000 0.000000 0.000000 0.000000 0.000000 0.000000 0.000000 0.000000 0.000000 0.000001 0.000029 0.000545 0.007137 0.059049 0.288958 0.857143 1.715688 2.549066 2.962708 2.549066 1.715688 0.857143 0.288958 0.059049 0.007137 0.000545 0.000029 0.000001 0.000000 0.000000 0.000000 0.000000 0.000000 0.000000 0.000000 0.000000 0.000000 0.000000 
0.000000 0.000000 0.000000 0.000000 0.000000 0.000000 0.000000 0.000000 0.000000 0.000000 0.000003 0.000091 0.001968 0.027503 0.217528 0.918677 2.348720 4.391072 6.698092 8.748436 9.570013 8.748436 6.698092 4.391071 2.348720 0.918677 0.217528 0.027503 0.001968 0.000091 0.000003 0.000000 0.000000 0.000000 0.000000 0.000000 0.000000 0.000000 0.000000 0.000000 
0.000000 0.000000 0.000000 0.000000 0.000000 0.000000 0.000000 0.000000 0.000000 0.000006 0.000219 0.005197 0.073683 0.520824 1.859025 4.266098 7.667059 11.745414 16.008188 19.575556 21.307426 19.575558 16.008186 11.745414 7.667058 4.266098 1.859025 0.520824 0.073683 0.005197 0.000219 0.000006 0.000000 0.000000 0.000000 0.000000 0.000000 0.000000 0.000000 0.000000 
0.000000 0.000000 0.000000 0.000000 0.000000 0.000000 0.000000 0.000000 0.000011 0.000403 0.010376 0.145911 0.916545 2.900303 6.278783 10.991987 16.784790 23.264582 29.754082 35.351540 38.004395 35.351540 29.754082 23.264582 16.784790 10.991989 6.278783 2.900304 0.916545 0.145911 0.010376 0.000403 0.000011 0.000000 0.000000 0.000000 0.000000 0.000000 0.000000 0.000000 
0.000000 0.000000 0.000000 0.000000 0.000000 0.000000 0.000000 0.000014 0.000577 0.016137 0.226757 1.309380 3.873177 8.122988 14.011675 21.333715 29.766748 38.802895 47.825203 55.529579 60.020443 55.529579 47.825203 38.802895 29.766748 21.333714 14.011675 8.122988 3.873178 1.309380 0.226757 0.016137 0.000577 0.000014 0.000000 0.000000 0.000000 0.000000 0.000000 0.000000 
0.000000 0.000000 0.000000 0.000000 0.000000 0.000000 0.000014 0.000650 0.020001 0.289856 1.616583 4.652200 9.624480 16.512245 25.133953 35.219528 46.353672 58.074944 69.568932 79.919167 86.177711 79.919167 69.568932 58.074936 46.353676 35.219524 25.133951 16.512247 9.624479 4.652200 1.616583 0.289856 0.020001 0.000650 0.000014 0.000000 0.000000 0.000000 0.000000 0.000000 
0.000000 0.000000 0.000000 0.000000 0.000000 0.000011 0.000577 0.020001 0.313586 1.783526 5.151489 10.677413 18.364902 28.055174 39.501717 52.343826 66.194550 80.448166 94.578949 107.176735 116.664436 107.176735 94.578949 80.448158 66.194550 52.343826 39.501720 28.055170 18.364902 10.677411 5.151489 1.783526 0.313586 0.020001 0.000577 0.000011 0.000000 0.000000 0.000000 0.000000 
0.000000 0.000000 0.000000 0.000000 0.000006 0.000403 0.016137 0.289856 1.783526 5.323005 11.218584 19.500109 30.027821 42.570583 56.790794 72.336975 88.697037 105.459564 121.743782 137.057510 149.445404 137.057510 121.743774 105.459557 88.697037 72.336975 56.790791 42.570587 30.027821 19.500109 11.218584 5.323005 1.783526 0.289856 0.016137 0.000403 0.000006 0.000000 0.000000 0.000000 
0.000000 0.000000 0.000000 0.000003 0.000219 0.010376 0.226757 1.616583 5.151489 11.218584 19.882275 31.020658 44.412750 59.730259 76.631676 94.644379 113.393967 132.186783 150.740540 167.616669 184.821182 167.616669 150.740555 132.186768 113.393967 94.644379 76.631676 59.730259 44.412750 31.020658 19.882275 11.218584 5.151489 1.616583 0.226757 0.010376 0.000219 0.000003 0.000000 0.000000 
0.000000 0.000000 0.000001 0.000091 0.005197 0.145911 1.309380 4.652200 10.677413 19.500109 31.020658 45.026474 61.191757 79.172325 98.503265 118.814827 139.487350 160.255524 180.123215 199.016129 219.984482 199.016159 180.123215 160.255524 139.487350 118.814812 98.503281 79.172325 61.191753 45.026470 31.020658 19.500109 10.677411 4.652200 1.309380 0.145911 0.005197 0.000091 0.000001 0.000000 
0.000000 0.000000 0.000029 0.001968 0.073683 0.916545 3.873177 9.624480 18.364902 30.027821 44.412750 61.191753 80.013199 100.402870 121.977730 144.134872 166.593231 188.507141 209.957947 228.917343 255.596817 228.917328 209.957932 188.507126 166.593216 144.134872 121.977722 100.402870 80.013199 61.191753 44.412750 30.027821 18.364902 9.624480 3.873177 0.916545 0.073683 0.001968 0.000029 0.000000 
0.000000 0.000007 0.000545 0.027503 0.520824 2.900303 8.122988 16.512245 28.055172 42.570587 59.730259 79.172325 100.402870 123.017738 146.399963 170.237122 193.733139 216.876663 238.492004 258.278320 288.243317 258.278320 238.491989 216.876663 193.733139 170.237137 146.399933 123.017723 100.402870 79.172325 59.730259 42.570587 28.055174 16.512247 8.122988 2.900304 0.520824 0.027504 0.000546 0.000008 
0.000001 0.000107 0.007137 0.217528 1.859025 6.278783 14.011675 25.133953 39.501717 56.790794 76.631676 98.503265 121.977722 146.399963 171.427734 196.253616 220.817627 243.962921 266.447357 284.465332 319.083984 284.465332 266.447357 243.962936 220.817627 196.253601 171.427719 146.399933 121.977722 98.503265 76.631676 56.790794 39.501720 25.133951 14.011679 6.278788 1.859031 0.217540 0.007154 0.000129 
0.000017 0.001223 0.059049 0.918677 4.266098 10.991987 21.333715 35.219528 52.343830 72.336975 94.644379 118.814827 144.134872 170.237122 196.253616 222.077087 246.586273 270.261261 291.562378 309.431580 344.547791 309.431580 291.562378 270.261230 246.586273 222.077087 196.253601 170.237137 144.134872 118.814812 94.644386 72.336983 52.343853 35.219536 21.333750 10.992050 4.266222 0.918870 0.059287 0.001502 
0.000158 0.009405 0.288958 2.348720 7.667059 16.784790 29.766748 46.353672 66.194550 88.697037 113.393967 139.487350 166.593216 193.733154 220.817627 246.586273 271.519104 293.896332 315.435181 330.135803 366.131439 330.135803 315.435181 293.896332 271.519104 246.586273 220.817627 193.733139 166.593216 139.487366 113.393997 88.697075 66.194672 46.353867 29.767143 16.785471 7.668258 2.350701 0.291511 0.011948 
0.000998 0.046273 0.857143 4.391072 11.745414 23.264582 38.802895 58.074944 80.448166 105.459564 132.186783 160.255524 188.507126 216.876663 243.962936 270.261261 293.896332 316.142181 335.283203 349.229004 381.015869 349.229004 335.283234 316.142212 293.896332 270.261230 243.962952 216.876663 188.507217 160.255661 132.187088 105.460297 80.449409 58.076714 38.806103 23.270020 11.754356 4.404721 0.874934 0.063051 
0.004043 0.142891 1.715688 6.698092 16.008188 29.754082 47.825203 69.568932 94.578949 121.743782 150.740540 180.123230 209.957947 238.492004 266.447357 291.562378 315.435181 335.283234 353.906219 364.707245 391.691589 364.707245 353.906189 335.283203 315.435211 291.562408 266.447449 238.492233 209.957977 180.124451 150.742920 121.747894 94.586533 69.580856 47.844479 29.784296 16.052933 6.760383 1.793836 0.217692 
0.009937 0.280836 2.549066 8.748436 19.575554 35.351543 55.529579 79.919167 107.176735 137.057526 167.616669 199.016144 228.917343 258.278320 284.465332 309.431580 330.135834 349.229004 364.707245 374.147339 395.666626 374.147339 364.707245 349.229004 330.135864 309.431763 284.465698 258.279663 228.919449 199.019989 167.627411 137.077393 107.209648 79.970741 55.605839 35.458263 19.717457 8.927934 2.758651 0.482038 
0.013748 0.354957 2.962709 9.570011 21.307426 38.004395 60.020447 86.177711 116.664444 149.445404 184.821182 219.984467 255.596817 288.243317 319.083984 344.547760 366.131439 381.015869 391.691589 395.666626 399.912323 395.666626 391.691620 381.016235 366.132874 344.551819 319.092346 288.259644 255.624100 220.025543 184.881912 149.527817 116.772598 86.314964 60.189934 38.208984 21.549356 9.849798 3.271924 0.647112 
0.009937 0.280836 2.549066 8.748436 19.575558 35.351540 55.529579 79.919167 107.176735 137.057510 167.616669 199.016144 228.917358 258.278320 284.465332 309.431580 330.135834 349.229004 364.707245 374.147339 395.666626 374.147339 364.707245 349.229004 330.135864 309.431763 284.465698 258.279694 228.919449 199.019989 167.627411 137.077393 107.209648 79.970741 55.605843 35.458263 19.717461 8.927934 2.758651 0.482038 
0.004043 0.142891 1.715688 6.698092 16.008188 29.754080 47.825203 69.568932 94.578941 121.743782 150.740540 180.123215 209.957932 238.491989 266.447357 291.562378 315.435181 335.283234 353.906189 364.707245 391.691620 364.707245 353.906189 335.283203 315.435211 291.562408 266.447449 238.492233 209.957993 180.124451 150.742920 121.747894 94.586540 69.580864 47.844479 29.784296 16.052933 6.760383 1.793836 0.217692 
0.000998 0.046273 0.857143 4.391071 11.745414 23.264584 38.802891 58.074944 80.448166 105.459564 132.186768 160.255524 188.507141 216.876678 243.962936 270.261230 293.896332 316.142212 335.283234 349.229004 381.016235 349.229004 335.283203 316.142181 293.896332 270.261230 243.962936 216.876663 188.507217 160.255661 132.187088 105.460312 80.449409 58.076710 38.806103 23.270018 11.754356 4.404721 0.874934 0.063051 
0.000158 0.009405 0.288958 2.348720 7.667058 16.784790 29.766748 46.353672 66.194550 88.697044 113.393967 139.487366 166.593216 193.733154 220.817627 246.586273 271.519104 293.896332 315.435211 330.135864 366.132874 330.135864 315.435211 293.896332 271.519104 246.586273 220.817627 193.733139 166.593216 139.487366 113.393997 88.697083 66.194672 46.353867 29.767141 16.785471 7.668258 2.350701 0.291511 0.011948 
0.000017 0.001223 0.059049 0.918677 4.266098 10.991989 21.333714 35.219524 52.343822 72.336975 94.644379 118.814819 144.134872 170.237137 196.253616 222.077072 246.586273 270.261261 291.562408 309.431763 344.551819 309.431763 291.562408 270.261230 246.586273 222.077072 196.253616 170.237122 144.134872 118.814812 94.644379 72.336983 52.343853 35.219536 21.333750 10.992048 4.266221 0.918870 0.059287 0.001502 
0.000001 0.000107 0.007137 0.217528 1.859025 6.278783 14.011674 25.133951 39.501717 56.790794 76.631676 98.503265 121.977722 146.399933 171.427719 196.253616 220.817627 243.962952 266.447449 284.465698 319.092346 284.465698 266.447449 243.962936 220.817627 196.253616 171.427734 146.399963 121.977722 98.503273 76.631676 56.790794 39.501720 25.133951 14.011678 6.278788 1.859031 0.217540 0.007154 0.000129 
0.000000 0.000007 0.000545 0.027503 0.520824 2.900304 8.122988 16.512247 28.055170 42.570587 59.730255 79.172325 100.402870 123.017723 146.399963 170.237137 193.733139 216.876663 238.492233 258.279663 288.259644 258.279694 238.492233 216.876663 193.733139 170.237122 146.399963 123.017738 100.402870 79.172325 59.730259 42.570587 28.055172 16.512247 8.122989 2.900304 0.520824 0.027504 0.000546 0.000008 
0.000000 0.000000 0.000029 0.001968 0.073683 0.916545 3.873177 9.624480 18.364902 30.027821 44.412746 61.191750 80.013199 100.402870 121.977737 144.134872 166.593216 188.507233 209.957993 228.919449 255.624100 228.919449 209.957993 188.507217 166.593216 144.134872 121.977722 100.402870 80.013199 61.191757 44.412750 30.027821 18.364902 9.624480 3.873178 0.916546 0.073683 0.001968 0.000029 0.000000 
0.000000 0.000000 0.000001 0.000091 0.005197 0.145911 1.309380 4.652200 10.677411 19.500105 31.020658 45.026470 61.191746 79.172325 98.503265 118.814827 139.487366 160.255661 180.124451 199.019974 220.025543 199.019989 180.124451 160.255661 139.487366 118.814812 98.503273 79.172325 61.191757 45.026470 31.020658 19.500109 10.677413 4.652200 1.309380 0.145911 0.005197 0.000091 0.000001 0.000000 
0.000000 0.000000 0.000000 0.000003 0.000219 0.010376 0.226757 1.616583 5.151489 11.218584 19.882273 31.020658 44.412750 59.730259 76.631676 94.644379 113.394005 132.187103 150.742920 167.627411 184.881912 167.627411 150.742920 132.187088 113.393997 94.644379 76.631676 59.730259 44.412750 31.020658 19.882275 11.218584 5.151489 1.616583 0.226757 0.010376 0.000219 0.000003 0.000000 0.000000 
0.000000 0.000000 0.000000 0.000000 0.000006 0.000403 0.016137 0.289856 1.783526 5.323004 11.218583 19.500107 30.027821 42.570587 56.790794 72.336983 88.697090 105.460312 121.747894 137.077393 149.527817 137.077393 121.747894 105.460312 88.697083 72.336983 56.790794 42.570587 30.027821 19.500109 11.218584 5.323004 1.783526 0.289856 0.016137 0.000403 0.000006 0.000000 0.000000 0.000000 
0.000000 0.000000 0.000000 0.000000 0.000000 0.000011 0.000577 0.020001 0.313586 1.783526 5.151489 10.677411 18.364902 28.055172 39.501720 52.343853 66.194672 80.449409 94.586533 107.209648 116.772598 107.209648 94.586540 80.449409 66.194672 52.343853 39.501720 28.055172 18.364902 10.677413 5.151489 1.783526 0.313586 0.020001 0.000577 0.000011 0.000000 0.000000 0.000000 0.000000 
0.000000 0.000000 0.000000 0.000000 0.000000 0.000000 0.000014 0.000650 0.020001 0.289856 1.616583 4.652200 9.624480 16.512247 25.133951 35.219536 46.353867 58.076714 69.580856 79.970741 86.314964 79.970741 69.580864 58.076710 46.353867 35.219536 25.133951 16.512247 9.624480 4.652200 1.616583 0.289856 0.020001 0.000650 0.000014 0.000000 0.000000 0.000000 0.000000 0.000000 
0.000000 0.000000 0.000000 0.000000 0.000000 0.000000 0.000000 0.000014 0.000577 0.016137 0.226757 1.309380 3.873177 8.122988 14.011678 21.333750 29.767141 38.806103 47.844479 55.605839 60.189934 55.605843 47.844479 38.806103 29.767141 21.333750 14.011678 8.122989 3.873178 1.309380 0.226757 0.016137 0.000577 0.000014 0.000000 0.000000 0.000000 0.000000 0.000000 0.000000 
0.000000 0.000000 0.000000 0.000000 0.000000 0.000000 0.000000 0.000000 0.000011 0.000403 0.010376 0.145911 0.916545 2.900304 6.278788 10.992048 16.785471 23.270018 29.784296 35.458263 38.208984 35.458263 29.784296 23.270018 16.785471 10.992048 6.278788 2.900304 0.916546 0.145911 0.010376 0.000403 0.000011 0.000000 0.000000 0.000000 0.000000 0.000000 0.000000 0.000000 
0.000000 0.000000 0.000000 0.000000 0.000000 0.000000 0.000000 0.000000 0.000000 0.000006 0.000219 0.005197 0.073683 0.520824 1.859031 4.266221 7.668258 11.754356 16.052933 19.717457 21.549356 19.717461 16.052933 11.754356 7.668258 4.266221 1.859031 0.520824 0.073683 0.005197 0.000219 0.000006 0.000000 0.000000 0.000000 0.000000 0.000000 0.000000 0.000000 0.000000 
0.000000 0.000000 0.000000 0.000000 0.000000 0.000000 0.000000 0.000000 0.000000 0.000000 0.000003 0.000091 0.001968 0.027504 0.217540 0.918870 2.350701 4.404721 6.760383 8.927934 9.849798 8.927934 6.760383 4.404721 2.350701 0.918870 0.217540 0.027504 0.001968 0.000091 0.000003 0.000000 0.000000 0.000000 0.000000 0.000000 0.000000 0.000000 0.000000 0.000000 
0.000000 0.000000 0.000000 0.000000 0.000000 0.000000 0.000000 0.000000 0.000000 0.000000 0.000000 0.000001 0.000029 0.000546 0.007154 0.059287 0.291511 0.874934 1.793836 2.758651 3.271924 2.758651 1.793836 0.874934 0.291511 0.059287 0.007154 0.000546 0.000029 0.000001 0.000000 0.000000 0.000000 0.000000 0.000000 0.000000 0.000000 0.000000 0.000000 0.000000 
0.000000 0.000000 0.000000 0.000000 0.000000 0.000000 0.000000 0.000000 0.000000 0.000000 0.000000 0.000000 0.000000 0.000008 0.000129 0.001502 0.011948 0.063051 0.217692 0.482038 0.647112 0.482038 0.217692 0.063051 0.011948 0.001502 0.000129 0.000008 0.000000 0.000000 0.000000 0.000000 0.000000 0.000000 0.000000 0.000000 0.000000 0.000000 0.000000 0.000000 
