0.000000 0.000000 0.000000 0.000000 0.000000 0.000000 0.000000 0.000000 0.000000 0.000002 0.000060 0.001277 0.019156 0.189685 1.148160 4.210058 10.597343 21.040550 35.912437 52.474091 141.517700 52.474094 35.912441 21.040548 10.597347 4.210059 1.148161 0.189685 0.019156 0.001277 0.000060 0.000002 0.000000 0.000000 0.000000 0.000000 0.000000 0.000000 0.000000 0.000000 
0.000000 0.000000 0.000000 0.000000 0.000000 0.000000 0.000000 0.000000 0.000004 0.000134 0.003017 0.043804 0.345235 1.420376 3.779867 8.196237 15.618168 26.753864 41.992188 58.782413 146.279160 58.782417 41.992191 26.753868 15.618169 8.196243 3.779869 1.420377 0.345235 0.043804 0.003017 0.000134 0.000004 0.000000 0.000000 0.000000 0.000000 0.000000 0.000000 0.000000 
0.000000 0.000000 0.000000 0.000000 0.000000 0.000000 0.000000 0.000008 0.000283 0.006857 0.097813 0.671224 2.309723 5.264709 9.696049 16.008369 24.913448 37.050579 52.869347 69.897156 154.913712 69.897163 52.869343 37.050583 24.913452 16.008371 9.696050 5.264711 2.309723 0.671224 0.097813 0.006857 0.000283 0.000008 0.000000 0.000000 0.000000 0.000000 0.000000 0.000000 
0.000000 0.000000 0.000000 0.000000 0.000000 0.000000 0.000013 0.000480 0.012374 0.172461 1.054038 3.270927 7.055627 12.412367 19.287539 27.825560 38.495567 51.859608 68.332466 85.739372 167.130737 85.739380 68.332466 51.859615 38.495579 27.825562 19.287539 12.412369 7.055627 3.270927 1.054038 0.172461 0.012374 0.000480 0.000013 0.000000 0.000000 0.000000 0.000000 0.000000 
0.000000 0.000000 0.000000 0.000000 0.000000 0.000016 0.000656 0.018083 0.249927 1.413777 4.142593 8.677616 15.018041 23.031816 32.539082 43.482033 56.110680 70.829140 88.087692 105.787766 182.851929 105.787781 88.087692 70.829147 56.110683 43.482033 32.539089 23.031818 15.018041 8.677616 4.142593 1.413777 0.249927 0.018083 0.000656 0.000016 0.000000 0.000000 0.000000 0.000000 
0.000000 0.000000 0.000000 0.000000 0.000016 0.000727 0.021761 0.307982 1.688037 4.829120 9.985791 17.171373 26.256571 37.025242 49.208832 62.614830 77.269852 93.455551 111.467583 129.656281 201.395432 129.656296 111.467598 93.455559 77.269852 62.614834 49.208832 37.025246 26.256571 17.171373 9.985791 4.829120 1.688037 0.307982 0.021761 0.000727 0.000016 0.000000 0.000000 0.000000 
0.000000 0.000000 0.000000 0.000013 0.000656 0.021761 0.329441 1.835462 5.265622 10.899227 18.764954 28.744576 40.625980 54.125710 68.923058 84.713364 101.383110 118.987892 137.850754 156.304840 222.524612 156.304855 137.850769 118.987900 101.383110 84.713379 68.923065 54.125710 40.625980 28.744576 18.764954 10.899227 5.265622 1.835462 0.329441 0.021761 0.000656 0.000013 0.000000 0.000000 
0.000000 0.000000 0.000008 0.000480 0.018083 0.307982 1.835462 5.415083 11.367871 19.741844 30.429514 43.224262 57.844364 73.961693 91.200615 109.212120 127.718834 146.706284 166.204376 185.127975 245.161530 185.127975 166.204361 146.706284 127.718842 109.212120 91.200623 73.961693 57.844364 43.224262 30.429514 19.741844 11.367870 5.415083 1.835462 0.307982 0.018083 0.000480 0.000008 0.000000 
0.000000 0.000004 0.000283 0.012374 0.249927 1.688037 5.265622 11.367870 20.070858 31.279087 44.790615 60.322906 77.544495 96.073181 115.518028 135.455811 155.589905 175.664001 195.824692 214.699860 269.013947 214.699875 195.824677 175.664001 155.589890 135.455811 115.518028 96.073181 77.544495 60.322906 44.790615 31.279087 20.070858 11.367871 5.265622 1.688038 0.249927 0.012374 0.000284 0.000005 
0.000002 0.000134 0.006857 0.172461 1.413777 4.829120 10.899228 19.741846 31.279087 45.313755 61.560921 79.681412 99.284309 119.966408 141.281525 162.832352 184.183350 205.162308 225.498322 244.469727 292.701691 244.469727 225.498322 205.162308 184.183350 162.832352 141.281525 119.966415 99.284302 79.681412 61.560921 45.313751 31.279087 19.741844 10.899228 4.829121 1.413784 0.172478 0.006881 0.000166 
0.000060 0.003017 0.097813 1.054038 4.142593 9.985791 18.764952 30.429516 44.790615 61.560921 80.391396 100.876869 122.597061 145.090332 167.932220 190.639572 212.883514 234.198715 254.704391 272.863617 315.987152 272.863617 254.704407 234.198730 212.883499 190.639572 167.932220 145.090332 122.597076 100.876869 80.391396 61.560921 44.790615 30.429525 18.764994 9.985874 4.142776 1.054445 0.098476 0.003855 
0.001277 0.043804 0.671224 3.270927 8.677616 17.171373 28.744576 43.224266 60.322906 79.681419 100.876877 123.467400 146.967606 170.928009 194.842590 218.325562 240.872299 262.314392 282.193726 299.663605 337.320862 299.663635 282.193695 262.314423 240.872299 218.325562 194.842606 170.928009 146.967606 123.467407 100.876884 79.681488 60.323021 43.224518 28.745186 17.172760 8.680702 3.277612 0.683782 0.060494 
0.019156 0.345235 2.309723 7.055627 15.018041 26.256571 40.625980 57.844360 77.544487 99.284309 122.597061 146.967590 171.914703 196.900574 221.507294 245.211426 267.736542 288.534851 307.804718 323.426208 356.577942 323.426208 307.804688 288.534851 267.736542 245.211426 221.507339 196.900574 171.914780 146.967819 122.597511 99.285202 77.546349 57.848671 40.635361 26.276373 15.058538 7.134778 2.453011 0.563440 
0.189685 1.420376 5.264709 12.412367 23.031816 37.025242 54.125710 73.961693 96.073181 119.966415 145.090332 170.928009 196.900574 222.551071 247.321762 270.888855 292.684509 312.673889 330.383728 344.464111 372.333679 344.464111 330.383698 312.673889 292.684509 270.888916 247.321854 222.551285 196.901062 170.930344 145.095139 119.977600 96.096611 74.009865 54.220810 37.206066 23.360550 12.980784 6.189669 2.809120 
1.148160 3.779867 9.696049 19.287539 32.539082 49.208832 68.923058 91.200615 115.518028 141.281525 167.932220 194.842590 221.507309 247.321762 271.902985 294.691528 315.565369 333.864227 350.153564 361.600494 384.598572 361.600494 350.153625 333.864288 315.565552 294.691956 271.904144 247.325073 221.520126 194.859940 167.970917 141.360931 115.673874 91.493019 69.445755 50.098434 33.981369 21.512094 12.955966 8.335367 
4.210058 8.196239 16.008369 27.825560 43.482033 62.614830 84.713364 109.212120 135.455795 162.832352 190.639572 218.325562 245.211426 270.888855 294.691528 316.493347 335.631195 352.288483 366.094177 375.539459 392.571045 375.539490 366.094299 352.288788 335.632324 316.496155 294.699036 270.909027 245.255096 218.426453 190.821426 163.179535 136.081085 110.281471 86.451279 65.304230 47.450733 33.421440 23.566849 18.061739 
10.597343 15.618168 24.913448 38.495567 56.110680 77.269852 101.383110 127.718834 155.589905 184.183350 212.883514 240.872299 267.736542 292.684509 315.565369 335.631195 353.072327 367.168579 378.798584 385.516968 397.029480 385.517029 378.798920 367.169861 353.076874 335.644073 315.598297 292.759705 267.895874 241.198288 213.473694 185.224487 157.321259 130.451492 105.488190 83.154060 64.187126 49.144688 38.462101 32.395729 
21.040550 26.753864 37.050579 51.859608 70.829140 93.455551 118.987892 146.706284 175.664001 205.162292 234.198700 262.314392 288.534851 312.673889 333.864227 352.288483 367.168579 378.979553 387.626099 392.380341 398.906311 392.380554 387.626892 378.983429 367.181793 352.327759 333.959930 312.887024 288.968079 263.138397 235.632187 207.505615 179.312256 152.099976 126.597069 103.742287 84.207031 68.666702 57.539623 51.188713 
35.912437 41.992188 52.869343 68.332466 88.087692 111.467583 137.850754 166.204376 195.824692 225.498306 254.704391 282.193695 307.804718 330.383728 350.153564 366.094177 378.798553 387.626099 393.722321 396.434906 399.652222 396.435089 393.723999 387.635254 378.833405 366.197632 350.408630 330.931244 308.854156 284.056854 257.754822 230.222641 202.754227 175.893280 150.826263 128.183685 108.895592 93.454300 82.421432 76.069321 
52.474094 58.782417 69.897156 85.739380 105.787766 129.656296 156.304855 185.127975 214.699875 244.469727 272.863586 299.663635 323.426208 344.464111 361.600494 375.539459 385.516968 392.380341 396.434906 398.110596 399.842804 398.110809 396.436798 392.392761 385.560150 375.639801 361.798859 344.852539 324.206207 301.144714 275.479980 248.771301 221.292984 194.608505 169.239548 146.503021 126.900436 111.313774 100.052795 93.631699 
141.517715 146.279160 154.913696 167.130737 182.851913 201.395462 222.524658 245.161530 269.013977 292.701721 315.987152 337.320892 356.577942 372.333679 384.598572 392.571014 397.029480 398.906311 399.652222 399.842804 399.914978 399.842804 399.653107 398.928680 397.272552 393.925812 388.872406 381.928467 373.700745 364.127808 353.976959 343.246918 332.692169 322.363922 312.896332 304.367889 297.235352 291.552704 287.577606 285.312561 
52.474098 58.782417 69.897163 85.739380 105.787788 129.656296 156.304855 185.127975 214.699875 244.469727 272.863617 299.663635 323.426208 344.464111 361.600525 375.539490 385.517029 392.380554 396.435089 398.110809 399.842804 398.111084 396.437042 392.392914 385.560272 375.639862 361.798889 344.852539 324.206238 301.144745 275.479980 248.771317 221.292969 194.608505 169.239548 146.503021 126.900444 111.313774 100.052795 93.631699 
35.912441 41.992191 52.869343 68.332466 88.087692 111.467598 137.850769 166.204361 195.824677 225.498322 254.704391 282.193726 307.804688 330.383728 350.153625 366.094299 378.798920 387.626892 393.723999 396.436798 399.653107 396.437042 393.725464 387.636139 378.833740 366.197693 350.408691 330.931244 308.854156 284.056854 257.754791 230.222672 202.754227 175.893280 150.826263 128.183685 108.895599 93.454300 82.421432 76.069321 
21.040554 26.753868 37.050583 51.859615 70.829147 93.455559 118.987900 146.706284 175.664001 205.162323 234.198715 262.314423 288.534851 312.673920 333.864288 352.288788 367.169861 378.983429 387.635254 392.392761 398.928680 392.392914 387.636139 378.987305 367.183044 352.328033 333.959961 312.887024 288.968079 263.138397 235.632187 207.505600 179.312256 152.099960 126.597076 103.742287 84.207047 68.666702 57.539623 51.188713 
10.597351 15.618169 24.913456 38.495579 56.110683 77.269852 101.383110 127.718842 155.589905 184.183350 212.883499 240.872314 267.736542 292.684509 315.565521 335.632324 353.076874 367.181793 378.833405 385.560150 397.272552 385.560272 378.833740 367.183044 353.081360 335.645081 315.598419 292.759705 267.895874 241.198288 213.473694 185.224503 157.321259 130.451508 105.488182 83.154060 64.187126 49.144688 38.462105 32.395733 
4.210060 8.196244 16.008371 27.825562 43.482033 62.614834 84.713371 109.212128 135.455811 162.832352 190.639572 218.325562 245.211426 270.888885 294.691956 316.496155 335.644073 352.327759 366.197632 375.639801 393.925812 375.639862 366.197693 352.328033 335.645081 316.498840 294.699493 270.909058 245.255096 218.426453 190.821426 163.179535 136.081085 110.281464 86.451279 65.304222 47.450737 33.421440 23.566853 18.061743 
1.148161 3.779869 9.696051 19.287539 32.539085 49.208836 68.923058 91.200623 115.518028 141.281525 167.932220 194.842590 221.507339 247.321854 271.904144 294.699036 315.598328 333.959930 350.408630 361.798859 388.872406 361.798889 350.408691 333.959991 315.598419 294.699493 271.905365 247.325241 221.520126 194.859940 167.970917 141.360931 115.673874 91.493019 69.445755 50.098434 33.981369 21.512096 12.955968 8.335370 
0.189685 1.420377 5.264711 12.412369 23.031816 37.025246 54.125706 73.961693 96.073181 119.966415 145.090332 170.928024 196.900574 222.551285 247.325104 270.908997 292.759705 312.887024 330.931244 344.852539 381.928467 344.852539 330.931244 312.887024 292.759705 270.909058 247.325241 222.551483 196.901062 170.930344 145.095139 119.977600 96.096611 74.009865 54.220814 37.206066 23.360550 12.980783 6.189668 2.809120 
0.019156 0.345235 2.309723 7.055627 15.018041 26.256571 40.625980 57.844364 77.544495 99.284302 122.597069 146.967606 171.914795 196.901062 221.520126 245.255096 267.895874 288.968109 308.854156 324.206238 373.700745 324.206238 308.854156 288.968079 267.895874 245.255112 221.520126 196.901062 171.914856 146.967834 122.597504 99.285202 77.546356 57.848671 40.635361 26.276373 15.058540 7.134778 2.453011 0.563440 
0.001277 0.043804 0.671224 3.270927 8.677616 17.171373 28.744576 43.224262 60.322906 79.681412 100.876877 123.467407 146.967804 170.930344 194.859909 218.426468 241.198288 263.138397 284.056854 301.144745 364.127808 301.144714 284.056854 263.138397 241.198288 218.426453 194.859940 170.930344 146.967834 123.467407 100.876884 79.681488 60.323025 43.224525 28.745188 17.172760 8.680703 3.277612 0.683782 0.060494 
0.000060 0.003017 0.097813 1.054038 4.142593 9.985791 18.764954 30.429514 44.790615 61.560928 80.391396 100.876884 122.597504 145.095139 167.970917 190.821411 213.473694 235.632187 257.754791 275.479980 353.976959 275.479980 257.754791 235.632187 213.473679 190.821426 167.970917 145.095139 122.597504 100.876884 80.391411 61.560921 44.790619 30.429527 18.764997 9.985875 4.142777 1.054445 0.098476 0.003855 
0.000002 0.000134 0.006857 0.172461 1.413777 4.829121 10.899227 19.741844 31.279087 45.313751 61.560921 79.681496 99.285202 119.977600 141.360931 163.179565 185.224487 207.505615 230.222656 248.771301 343.246918 248.771301 230.222672 207.505615 185.224503 163.179535 141.360931 119.977600 99.285202 79.681488 61.560921 45.313751 31.279087 19.741844 10.899227 4.829121 1.413784 0.172478 0.006881 0.000166 
0.000000 0.000004 0.000283 0.012374 0.249927 1.688038 5.265622 11.367871 20.070858 31.279087 44.790615 60.323025 77.546349 96.096611 115.673866 136.081085 157.321274 179.312256 202.754227 221.292984 332.692139 221.292969 202.754242 179.312256 157.321274 136.081085 115.673874 96.096611 77.546356 60.323025 44.790619 31.279087 20.070858 11.367871 5.265623 1.688037 0.249927 0.012374 0.000284 0.000005 
0.000000 0.000000 0.000008 0.000480 0.018083 0.307982 1.835462 5.415083 11.367871 19.741844 30.429525 43.224522 57.848671 74.009872 91.493019 110.281471 130.451508 152.099976 175.893280 194.608490 322.363922 194.608505 175.893280 152.099960 130.451508 110.281464 91.493019 74.009865 57.848671 43.224525 30.429527 19.741844 11.367871 5.415082 1.835462 0.307982 0.018083 0.000480 0.000008 0.000000 
0.000000 0.000000 0.000000 0.000013 0.000656 0.021761 0.329441 1.835462 5.265622 10.899228 18.764996 28.745188 40.635361 54.220810 69.445755 86.451279 105.488182 126.597076 150.826263 169.239548 312.896332 169.239548 150.826263 126.597076 105.488182 86.451279 69.445755 54.220810 40.635361 28.745188 18.764997 10.899227 5.265623 1.835462 0.329441 0.021761 0.000656 0.000013 0.000000 0.000000 
0.000000 0.000000 0.000000 0.000000 0.000016 0.000727 0.021761 0.307982 1.688038 4.829121 9.985874 17.172760 26.276373 37.206066 50.098438 65.304222 83.154068 103.742287 128.183685 146.503021 304.367889 146.503021 128.183685 103.742287 83.154060 65.304222 50.098438 37.206062 26.276371 17.172760 9.985875 4.829121 1.688037 0.307982 0.021761 0.000727 0.000016 0.000000 0.000000 0.000000 
0.000000 0.000000 0.000000 0.000000 0.000000 0.000016 0.000656 0.018083 0.249927 1.413784 4.142776 8.680702 15.058538 23.360548 33.981369 47.450737 64.187126 84.207047 108.895599 126.900444 297.235352 126.900436 108.895592 84.207031 64.187126 47.450737 33.981365 23.360552 15.058538 8.680703 4.142777 1.413784 0.249927 0.018083 0.000656 0.000016 0.000000 0.000000 0.000000 0.000000 
0.000000 0.000000 0.000000 0.000000 0.000000 0.000000 0.000013 0.000480 0.012374 0.172478 1.054445 3.277612 7.134778 12.980783 21.512096 33.421440 49.144688 68.666702 93.454300 111.313774 291.552704 111.313774 93.454300 68.666702 49.144688 33.421440 21.512096 12.980783 7.134778 3.277612 1.054445 0.172478 0.012374 0.000480 0.000013 0.000000 0.000000 0.000000 0.000000 0.000000 
0.000000 0.000000 0.000000 0.000000 0.000000 0.000000 0.000000 0.000008 0.000284 0.006881 0.098476 0.683782 2.453011 6.189668 12.955968 23.566849 38.462105 57.539623 82.421432 100.052795 287.577606 100.052795 82.421432 57.539623 38.462101 23.566845 12.955966 6.189668 2.453011 0.683782 0.098476 0.006881 0.000284 0.000008 0.000000 0.000000 0.000000 0.000000 0.000000 0.000000 
0.000000 0.000000 0.000000 0.000000 0.000000 0.000000 0.000000 0.000000 0.000005 0.000166 0.003855 0.060494 0.563440 2.809120 8.335370 18.061743 32.395733 51.188713 76.069321 93.631699 285.312561 93.631699 76.069321 51.188713 32.395729 18.061737 8.335365 2.809120 0.563440 0.060494 0.003855 0.000166 0.000005 0.000000 0.000000 0.000000 0.000000 0.000000 0.000000 0.000000 
