0.000000 0.000000 0.000000 0.000000 0.000000 0.000000 0.000000 0.000000 0.000000 0.000000 0.000000 0.000000 0.000000 0.000000 0.000000 0.000000 0.000000 0.000000 0.000000 0.000000 0.000000 0.000000 0.000000 0.000000 0.000000 0.000000 0.000000 0.000000 0.000000 0.000000 0.000000 0.000000 0.000000 0.000000 0.000000 0.000000 0.000000 0.000000 0.000000 0.000000 
0.000000 0.000000 0.000000 0.000000 0.000000 0.000000 0.000000 0.000000 0.000000 0.000000 0.000000 0.000000 0.000000 0.000000 0.000000 0.000000 0.000000 0.000000 0.000000 0.000000 0.000000 0.000000 0.000000 0.000000 0.000000 0.000000 0.000000 0.000000 0.000000 0.000000 0.000000 0.000000 0.000000 0.000000 0.000000 0.000000 0.000000 0.000000 0.000000 0.000000 
0.000000 0.000000 0.000000 0.000000 0.000000 0.000000 0.000000 0.000000 0.000000 0.000000 0.000000 0.000000 0.000000 0.000000 0.000000 0.000000 0.000000 0.000000 0.000000 0.000001 0.000002 0.000001 0.000000 0.000000 0.000000 0.000000 0.000000 0.000000 0.000000 0.000000 0.000000 0.000000 0.000000 0.000000 0.000000 0.000000 0.000000 0.000000 0.000000 0.000000 
0.000000 0.000000 0.000000 0.000000 0.000000 0.000000 0.000000 0.000000 0.000000 0.000000 0.000000 0.000000 0.000000 0.000000 0.000000 0.000000 0.000001 0.000006 0.000038 0.000127 0.000203 0.000127 0.000038 0.000006 0.000001 0.000000 0.000000 0.000000 0.000000 0.000000 0.000000 0.000000 0.000000 0.000000 0.000000 0.000000 0.000000 0.000000 0.000000 0.000000 
0.000000 0.000000 0.000000 0.000000 0.000000 0.000000 0.000000 0.000000 0.000000 0.000000 0.000000 0.000000 0.000000 0.000000 0.000000 0.000005 0.000071 0.000626 0.003357 0.010078 0.015272 0.010078 0.003357 0.000626 0.000071 0.000005 0.000000 0.000000 0.000000 0.000000 0.000000 0.000000 0.000000 0.000000 0.000000 0.000000 0.000000 0.000000 0.000000 0.000000 
0.000000 0.000000 0.000000 0.000000 0.000000 0.000000 0.000000 0.000000 0.000000 0.000000 0.000000 0.000000 0.000000 0.000001 0.000027 0.000476 0.005378 0.036785 0.145358 0.333873 0.449989 0.333873 0.145358 0.036785 0.005378 0.000476 0.000027 0.000001 0.000000 0.000000 0.000000 0.000000 0.000000 0.000000 0.000000 0.000000 0.000000 0.000000 0.000000 0.000000 
0.000000 0.000000 0.000000 0.000000 0.000000 0.000000 0.000000 0.000000 0.000000 0.000000 0.000000 0.000000 0.000003 0.000098 0.002032 0.026226 0.188147 0.728827 1.713906 2.777341 3.462615 2.777341 1.713906 0.728827 0.188147 0.026226 0.002032 0.000098 0.000003 0.000000 0.000000 0.000000 0.000000 0.000000 0.000000 0.000000 0.000000 0.000000 0.000000 0.000000 
0.000000 0.000000 0.000000 0.000000 0.000000 0.000000 0.000000 0.000000 0.000000 0.000000 0.000000 0.000007 0.000246 0.005822 0.079265 0.527183 1.783772 3.905578 6.541874 9.260322 10.296182 9.260323 6.541874 3.905578 1.783772 0.527183 0.079265 0.005822 0.000246 0.000007 0.000000 0.000000 0.000000 0.000000 0.000000 0.000000 0.000000 0.000000 0.000000 0.000000 
0.000000 0.000000 0.000000 0.000000 0.000000 0.000000 0.000000 0.000000 0.000000 0.000000 0.000011 0.000445 0.011804 0.163398 0.981214 2.980933 6.264775 10.571434 15.545331 20.033936 22.650747 20.033937 15.545329 10.571435 6.264775 2.980933 0.981214 0.163398 0.011804 0.000445 0.000011 0.000000 0.000000 0.000000 0.000000 0.000000 0.000000 0.000000 0.000000 0.000000 
0.000000 0.000000 0.000000 0.000000 0.000000 0.000000 0.000000 0.000000 0.000000 0.000013 0.000595 0.017686 0.251078 1.411012 4.063772 8.370141 14.137099 21.114565 28.522232 35.798561 39.472710 35.798569 28.522230 21.114563 14.137096 8.370140 4.063771 1.411013 0.251078 0.017686 0.000595 0.000013 0.000000 0.000000 0.000000 0.000000 0.000000 0.000000 0.000000 0.000000 
0.000000 0.000000 0.000000 0.000000 0.000000 0.000000 0.000000 0.000000 0.000011 0.000595 0.020168 0.306383 1.708971 4.866251 9.985359 16.940342 25.541071 35.205681 45.651707 55.161072 62.266991 55.161076 45.651707 35.205677 25.541071 16.940340 9.985359 4.866249 1.708971 0.306383 0.020168 0.000595 0.000011 0.000000 0.000000 0.000000 0.000000 0.000000 0.000000 0.000000 
0.000000 0.000000 0.000000 0.000000 0.000000 0.000000 0.000000 0.000007 0.000445 0.017686 0.306383 1.814716 5.289405 10.993134 18.848818 28.713766 40.108135 52.823471 65.731827 78.861649 88.287697 78.861649 65.731819 52.823471 40.108135 28.713757 18.848818 10.993132 5.289404 1.814716 0.306383 0.017686 0.000445 0.000007 0.000000 0.000000 0.000000 0.000000 0.000000 0.000000 
0.000000 0.000000 0.000000 0.000000 0.000000 0.000000 0.000003 0.000246 0.011804 0.251078 1.708971 5.289404 11.334968 19.812485 30.612835 43.311962 57.731689 72.973541 89.162262 104.080360 119.720261 104.080360 89.162262 72.973541 57.731686 43.311962 30.612835 19.812485 11.334967 5.289403 1.708970 0.251077 0.011804 0.000246 0.000003 0.000000 0.000000 0.000000 0.000000 0.000000 
0.000000 0.000000 0.000000 0.000000 0.000000 0.000001 0.000098 0.005822 0.163398 1.411013 4.866249 10.993132 19.812485 31.244364 44.892776 60.592899 77.546089 95.852058 113.805359 132.492981 151.887070 132.492996 113.805351 95.852066 77.546089 60.592899 44.892776 31.244360 19.812485 10.993132 4.866249 1.411013 0.163398 0.005822 0.000098 0.000001 0.000000 0.000000 0.000000 0.000000 
0.000000 0.000000 0.000000 0.000000 0.000000 0.000027 0.002032 0.079265 0.981214 4.063772 9.985359 18.848818 30.612835 44.892776 61.532967 79.762466 99.649841 119.740425 141.001221 159.699249 188.450790 159.699249 141.001221 119.740425 99.649841 79.762466 61.532967 44.892776 30.612835 18.848818 9.985359 4.063771 0.981214 0.079265 0.002032 0.000027 0.000000 0.000000 0.000000 0.000000 
0.000000 0.000000 0.000000 0.000000 0.000005 0.000476 0.026226 0.527183 2.980933 8.370141 16.940342 28.713766 43.311962 60.592899 79.762466 100.884598 122.556335 145.627441 167.276001 189.460327 222.350250 189.460327 167.276001 145.627426 122.556335 100.884598 79.762466 60.592899 43.311962 28.713757 16.940340 8.370139 2.980932 0.527183 0.026226 0.000476 0.000005 0.000000 0.000000 0.000000 
0.000000 0.000000 0.000000 0.000001 0.000071 0.005378 0.188147 1.783772 6.264775 14.137099 25.541071 40.108139 57.731686 77.546104 99.649841 122.556335 147.092880 170.599716 195.799408 215.141800 259.266998 215.141785 195.799408 170.599701 147.092880 122.556335 99.649841 77.546089 57.731686 40.108135 25.541071 14.137096 6.264775 1.783772 0.188147 0.005378 0.000071 0.000001 0.000000 0.000000 
0.000000 0.000000 0.000000 0.000006 0.000626 0.036785 0.728827 3.905578 10.571434 21.114565 35.205677 52.823467 72.973541 95.852058 119.740425 145.627441 170.599716 197.300293 221.026489 243.618195 290.113190 243.618179 221.026505 197.300293 170.599701 145.627426 119.740425 95.852066 72.973541 52.823471 35.205677 21.114563 10.571436 3.905580 0.728827 0.036785 0.000626 0.000006 0.000000 0.000000 
0.000000 0.000000 0.000000 0.000038 0.003357 0.145358 1.713906 6.541874 15.545331 28.522232 45.651707 65.731827 89.162262 113.805359 141.001221 167.276001 195.799393 221.026489 248.700180 267.126526 323.775208 267.126526 248.700165 221.026505 195.799377 167.276001 141.001221 113.805351 89.162262 65.731819 45.651707 28.522230 15.545330 6.541873 1.713906 0.145358 0.003357 0.000038 0.000000 0.000000 
0.000000 0.000000 0.000001 0.000127 0.010078 0.333873 2.777341 9.260321 20.033941 35.798561 55.161068 78.861641 104.080360 132.492981 159.699249 189.460297 215.141815 243.618195 267.126526 285.830048 339.034515 285.830048 267.126526 243.618179 215.141815 189.460297 159.699265 132.492981 104.080360 78.861649 55.161076 35.798565 20.033939 9.260322 2.777341 0.333873 0.010078 0.000127 0.000001 0.000000 
0.000000 0.000000 0.000002 0.000203 0.015272 0.449989 3.462615 10.296180 22.650749 39.472706 62.266991 88.287682 119.720261 151.887070 188.450790 222.350235 259.266998 290.113190 323.775208 339.034515 399.903778 339.034515 323.775208 290.113190 259.267029 222.350235 188.450790 151.887085 119.720268 88.287689 62.266998 39.472713 22.650747 10.296182 3.462615 0.449989 0.015272 0.000203 0.000002 0.000000 
0.000000 0.000000 0.000001 0.000127 0.010078 0.333873 2.777341 9.260322 20.033943 35.798565 55.161076 78.861649 104.080360 132.492996 159.699249 189.460312 215.141815 243.618179 267.126526 285.830048 339.034515 285.830048 267.126526 243.618179 215.141815 189.460297 159.699265 132.492981 104.080360 78.861649 55.161076 35.798561 20.033939 9.260321 2.777341 0.333873 0.010078 0.000127 0.000001 0.000000 
0.000000 0.000000 0.000000 0.000038 0.003357 0.145358 1.713906 6.541874 15.545331 28.522232 45.651707 65.731819 89.162262 113.805351 141.001221 167.276001 195.799362 221.026505 248.700165 267.126526 323.775208 267.126526 248.700165 221.026505 195.799377 167.276001 141.001221 113.805351 89.162262 65.731819 45.651707 28.522230 15.545329 6.541874 1.713906 0.145358 0.003357 0.000038 0.000000 0.000000 
0.000000 0.000000 0.000000 0.000006 0.000626 0.036785 0.728827 3.905578 10.571434 21.114565 35.205677 52.823471 72.973541 95.852066 119.740425 145.627426 170.599701 197.300293 221.026489 243.618164 290.113190 243.618179 221.026505 197.300308 170.599701 145.627426 119.740425 95.852066 72.973541 52.823471 35.205677 21.114563 10.571435 3.905578 0.728827 0.036785 0.000626 0.000006 0.000000 0.000000 
0.000000 0.000000 0.000000 0.000001 0.000071 0.005378 0.188147 1.783772 6.264775 14.137099 25.541071 40.108135 57.731686 77.546089 99.649849 122.556328 147.092880 170.599701 195.799377 215.141815 259.267029 215.141815 195.799377 170.599701 147.092880 122.556335 99.649841 77.546089 57.731686 40.108135 25.541071 14.137096 6.264775 1.783772 0.188147 0.005378 0.000071 0.000001 0.000000 0.000000 
0.000000 0.000000 0.000000 0.000000 0.000005 0.000476 0.026226 0.527183 2.980932 8.370139 16.940340 28.713766 43.311962 60.592899 79.762459 100.884605 122.556328 145.627426 167.276001 189.460312 222.350235 189.460312 167.276001 145.627426 122.556335 100.884605 79.762466 60.592896 43.311962 28.713757 16.940340 8.370140 2.980932 0.527183 0.026226 0.000476 0.000005 0.000000 0.000000 0.000000 
0.000000 0.000000 0.000000 0.000000 0.000000 0.000027 0.002032 0.079265 0.981214 4.063770 9.985359 18.848814 30.612831 44.892776 61.532959 79.762459 99.649841 119.740425 141.001221 159.699249 188.450806 159.699265 141.001221 119.740425 99.649841 79.762466 61.532967 44.892780 30.612835 18.848818 9.985359 4.063771 0.981214 0.079265 0.002032 0.000027 0.000000 0.000000 0.000000 0.000000 
0.000000 0.000000 0.000000 0.000000 0.000000 0.000001 0.000098 0.005822 0.163398 1.411013 4.866251 10.993132 19.812481 31.244356 44.892776 60.592899 77.546089 95.852058 113.805351 132.492996 151.887085 132.492981 113.805351 95.852066 77.546089 60.592896 44.892780 31.244364 19.812487 10.993132 4.866250 1.411013 0.163398 0.005822 0.000098 0.000001 0.000000 0.000000 0.000000 0.000000 
0.000000 0.000000 0.000000 0.000000 0.000000 0.000000 0.000003 0.000246 0.011804 0.251078 1.708971 5.289404 11.334965 19.812483 30.612831 43.311962 57.731686 72.973541 89.162262 104.080360 119.720253 104.080360 89.162262 72.973541 57.731686 43.311962 30.612835 19.812487 11.334968 5.289405 1.708971 0.251078 0.011804 0.000246 0.000003 0.000000 0.000000 0.000000 0.000000 0.000000 
0.000000 0.000000 0.000000 0.000000 0.000000 0.000000 0.000000 0.000007 0.000445 0.017686 0.306383 1.814715 5.289403 10.993132 18.848818 28.713760 40.108135 52.823471 65.731827 78.861649 88.287689 78.861641 65.731819 52.823471 40.108135 28.713757 18.848818 10.993132 5.289405 1.814716 0.306383 0.017686 0.000445 0.000007 0.000000 0.000000 0.000000 0.000000 0.000000 0.000000 
0.000000 0.000000 0.000000 0.000000 0.000000 0.000000 0.000000 0.000000 0.000011 0.000595 0.020168 0.306383 1.708970 4.866251 9.985359 16.940340 25.541071 35.205677 45.651707 55.161076 62.266994 55.161076 45.651707 35.205677 25.541071 16.940340 9.985359 4.866250 1.708971 0.306383 0.020168 0.000595 0.000011 0.000000 0.000000 0.000000 0.000000 0.000000 0.000000 0.000000 
0.000000 0.000000 0.000000 0.000000 0.000000 0.000000 0.000000 0.000000 0.000000 0.000013 0.000595 0.017686 0.251077 1.411012 4.063770 8.370139 14.137099 21.114565 28.522232 35.798569 39.472713 35.798561 28.522230 21.114563 14.137096 8.370140 4.063771 1.411013 0.251078 0.017686 0.000595 0.000013 0.000000 0.000000 0.000000 0.000000 0.000000 0.000000 0.000000 0.000000 
0.000000 0.000000 0.000000 0.000000 0.000000 0.000000 0.000000 0.000000 0.000000 0.000000 0.000011 0.000445 0.011804 0.163398 0.981214 2.980933 6.264775 10.571434 15.545331 20.033939 22.650747 20.033939 15.545329 10.571435 6.264775 2.980932 0.981214 0.163398 0.011804 0.000445 0.000011 0.000000 0.000000 0.000000 0.000000 0.000000 0.000000 0.000000 0.000000 0.000000 
0.000000 0.000000 0.000000 0.000000 0.000000 0.000000 0.000000 0.000000 0.000000 0.000000 0.000000 0.000007 0.000246 0.005822 0.079265 0.527183 1.783772 3.905578 6.541874 9.260322 10.296182 9.260321 6.541874 3.905578 1.783772 0.527183 0.079265 0.005822 0.000246 0.000007 0.000000 0.000000 0.000000 0.000000 0.000000 0.000000 0.000000 0.000000 0.000000 0.000000 
0.000000 0.000000 0.000000 0.000000 0.000000 0.000000 0.000000 0.000000 0.000000 0.000000 0.000000 0.000000 0.000003 0.000098 0.002032 0.026226 0.188147 0.728827 1.713906 2.777341 3.462615 2.777341 1.713906 0.728827 0.188147 0.026226 0.002032 0.000098 0.000003 0.000000 0.000000 0.000000 0.000000 0.000000 0.000000 0.000000 0.000000 0.000000 0.000000 0.000000 
0.000000 0.000000 0.000000 0.000000 0.000000 0.000000 0.000000 0.000000 0.000000 0.000000 0.000000 0.000000 0.000000 0.000001 0.000027 0.000476 0.005378 0.036785 0.145358 0.333873 0.449989 0.333873 0.145358 0.036785 0.005378 0.000476 0.000027 0.000001 0.000000 0.000000 0.000000 0.000000 0.000000 0.000000 0.000000 0.000000 0.000000 0.000000 0.000000 0.000000 
0.000000 0.000000 0.000000 0.000000 0.000000 0.000000 0.000000 0.000000 0.000000 0.000000 0.000000 0.000000 0.000000 0.000000 0.000000 0.000005 0.000071 0.000626 0.003357 0.010078 0.015272 0.010078 0.003357 0.000626 0.000071 0.000005 0.000000 0.000000 0.000000 0.000000 0.000000 0.000000 0.000000 0.000000 0.000000 0.000000 0.000000 0.000000 0.000000 0.000000 
0.000000 0.000000 0.000000 0.000000 0.000000 0.000000 0.000000 0.000000 0.000000 0.000000 0.000000 0.000000 0.000000 0.000000 0.000000 0.000000 0.000001 0.000006 0.000038 0.000127 0.000203 0.000127 0.000038 0.000006 0.000001 0.000000 0.000000 0.000000 0.000000 0.000000 0.000000 0.000000 0.000000 0.000000 0.000000 0.000000 0.000000 0.000000 0.000000 0.000000 
0.000000 0.000000 0.000000 0.000000 0.000000 0.000000 0.000000 0.000000 0.000000 0.000000 0.000000 0.000000 0.000000 0.000000 0.000000 0.000000 0.000000 0.000000 0.000000 0.000001 0.000002 0.000001 0.000000 0.000000 0.000000 0.000000 0.000000 0.000000 0.000000 0.000000 0.000000 0.000000 0.000000 0.000000 0.000000 0.000000 0.000000 0.000000 0.000000 0.000000 
0.000000 0.000000 0.000000 0.000000 0.000000 0.000000 0.000000 0.000000 0.000000 0.000000 0.000000 0.000000 0.000000 0.000000 0.000000 0.000000 0.000000 0.000000 0.000000 0.000000 0.000000 0.000000 0.000000 0.000000 0.000000 0.000000 0.000000 0.000000 0.000000 0.000000 0.000000 0.000000 0.000000 0.000000 0.000000 0.000000 0.000000 0.000000 0.000000 0.000000 
