0.000000 0.000000 0.000000 0.000000 0.000000 0.000000 0.000000 0.000000 0.000000 0.000000 0.000000 0.000000 0.000000 0.000000 0.000000 0.000000 0.000000 0.000000 0.000000 0.000000 0.000000 0.000000 0.000000 0.000000 0.000000 0.000000 0.000000 0.000000 0.000000 0.000000 0.000000 0.000000 0.000000 0.000000 0.000000 0.000000 0.000000 0.000000 0.000000 0.000000 
0.000000 0.000000 0.000000 0.000000 0.000000 0.000000 0.000000 0.000000 0.000000 0.000000 0.000000 0.000000 0.000000 0.000000 0.000000 0.000000 0.000000 0.000000 0.000000 0.000000 0.000000 0.000000 0.000000 0.000000 0.000000 0.000000 0.000000 0.000000 0.000000 0.000000 0.000000 0.000000 0.000000 0.000000 0.000000 0.000000 0.000000 0.000000 0.000000 0.000000 
0.000000 0.000000 0.000000 0.000000 0.000000 0.000000 0.000000 0.000000 0.000000 0.000000 0.000000 0.000000 0.000000 0.000000 0.000000 0.000000 0.000000 0.000000 0.000000 0.000000 0.000000 0.000000 0.000000 0.000000 0.000000 0.000000 0.000000 0.000000 0.000000 0.000000 0.000000 0.000000 0.000000 0.000000 0.000000 0.000000 0.000000 0.000000 0.000000 0.000000 
0.000000 0.000000 0.000000 0.000000 0.000000 0.000000 0.000000 0.000000 0.000000 0.000000 0.000000 0.000000 0.000000 0.000000 0.000000 0.000000 0.000000 0.000000 0.000001 0.000003 0.000005 0.000003 0.000001 0.000000 0.000000 0.000000 0.000000 0.000000 0.000000 0.000000 0.000000 0.000000 0.000000 0.000000 0.000000 0.000000 0.000000 0.000000 0.000000 0.000000 
0.000000 0.000000 0.000000 0.000000 0.000000 0.000000 0.000000 0.000000 0.000000 0.000000 0.000000 0.000000 0.000000 0.000000 0.000000 0.000000 0.000001 0.000015 0.000096 0.000338 0.000553 0.000338 0.000096 0.000015 0.000001 0.000000 0.000000 0.000000 0.000000 0.000000 0.000000 0.000000 0.000000 0.000000 0.000000 0.000000 0.000000 0.000000 0.000000 0.000000 
0.000000 0.000000 0.000000 0.000000 0.000000 0.000000 0.000000 0.000000 0.000000 0.000000 0.000000 0.000000 0.000000 0.000000 0.000000 0.000010 0.000150 0.001396 0.007716 0.023512 0.035928 0.023512 0.007716 0.001396 0.000150 0.000010 0.000000 0.000000 0.000000 0.000000 0.000000 0.000000 0.000000 0.000000 0.000000 0.000000 0.000000 0.000000 0.000000 0.000000 
0.000000 0.000000 0.000000 0.000000 0.000000 0.000000 0.000000 0.000000 0.000000 0.000000 0.000000 0.000000 0.000000 0.000002 0.000048 0.000889 0.010362 0.070407 0.268107 0.592844 0.797633 0.592844 0.268107 0.070407 0.010362 0.000889 0.000048 0.000002 0.000000 0.000000 0.000000 0.000000 0.000000 0.000000 0.000000 0.000000 0.000000 0.000000 0.000000 0.000000 
0.000000 0.000000 0.000000 0.000000 0.000000 0.000000 0.000000 0.000000 0.000000 0.000000 0.000000 0.000000 0.000005 0.000153 0.003326 0.043403 0.297659 1.071748 2.368139 3.840608 4.345229 3.840610 2.368139 1.071748 0.297659 0.043403 0.003326 0.000153 0.000005 0.000000 0.000000 0.000000 0.000000 0.000000 0.000000 0.000000 0.000000 0.000000 0.000000 0.000000 
0.000000 0.000000 0.000000 0.000000 0.000000 0.000000 0.000000 0.000000 0.000000 0.000000 0.000000 0.000009 0.000336 0.008361 0.113709 0.713278 2.268348 4.769285 8.017136 10.958384 12.967084 10.958387 8.017136 4.769285 2.268348 0.713278 0.113709 0.008361 0.000336 0.000009 0.000000 0.000000 0.000000 0.000000 0.000000 0.000000 0.000000 0.000000 0.000000 0.000000 
0.000000 0.000000 0.000000 0.000000 0.000000 0.000000 0.000000 0.000000 0.000000 0.000000 0.000012 0.000532 0.014919 0.207175 1.189264 3.490173 7.163442 12.080228 17.559278 23.040590 25.993874 23.040594 17.559278 12.080228 7.163442 3.490174 1.189264 0.207175 0.014919 0.000532 0.000012 0.000000 0.000000 0.000000 0.000000 0.000000 0.000000 0.000000 0.000000 0.000000 
0.000000 0.000000 0.000000 0.000000 0.000000 0.000000 0.000000 0.000000 0.000000 0.000012 0.000619 0.019701 0.286534 1.581924 4.501328 9.157242 15.479245 22.985245 31.397177 39.022045 45.143047 39.022049 31.397179 22.985245 15.479245 9.157242 4.501328 1.581924 0.286534 0.019701 0.000619 0.000012 0.000000 0.000000 0.000000 0.000000 0.000000 0.000000 0.000000 0.000000 
0.000000 0.000000 0.000000 0.000000 0.000000 0.000000 0.000000 0.000000 0.000009 0.000532 0.019701 0.317385 1.799491 5.157130 10.558644 17.987455 27.058317 37.606091 48.517735 59.800228 67.826256 59.800228 48.517731 37.606091 27.058315 17.987453 10.558644 5.157130 1.799490 0.317385 0.019701 0.000532 0.000009 0.000000 0.000000 0.000000 0.000000 0.000000 0.000000 0.000000 
0.000000 0.000000 0.000000 0.000000 0.000000 0.000000 0.000000 0.000005 0.000336 0.014919 0.286534 1.799490 5.383109 11.277864 19.512211 29.761761 41.899830 55.074089 69.398079 82.639221 96.491371 82.639221 69.398079 55.074093 41.899826 29.761761 19.512211 11.277864 5.383109 1.799490 0.286534 0.014919 0.000336 0.000005 0.000000 0.000000 0.000000 0.000000 0.000000 0.000000 
0.000000 0.000000 0.000000 0.000000 0.000000 0.000000 0.000002 0.000153 0.008361 0.207175 1.581924 5.157130 11.277864 20.022755 31.106115 44.423737 59.229939 75.647720 91.941170 109.344803 126.403435 109.344818 91.941162 75.647728 59.229942 44.423737 31.106115 20.022755 11.277864 5.157130 1.581924 0.207175 0.008361 0.000153 0.000002 0.000000 0.000000 0.000000 0.000000 0.000000 
0.000000 0.000000 0.000000 0.000000 0.000000 0.000000 0.000048 0.003326 0.113709 1.189264 4.501328 10.558644 19.512211 31.106115 45.256054 61.251698 79.198616 97.639465 117.571190 135.317963 161.700073 135.317963 117.571190 97.639465 79.198616 61.251698 45.256054 31.106115 19.512211 10.558644 4.501328 1.189264 0.113709 0.003326 0.000048 0.000000 0.000000 0.000000 0.000000 0.000000 
0.000000 0.000000 0.000000 0.000000 0.000000 0.000010 0.000889 0.043403 0.713278 3.490173 9.157242 17.987455 29.761761 44.423737 61.251698 80.354088 100.338585 122.110825 142.685959 164.620056 194.812180 164.620056 142.685959 122.110832 100.338585 80.354088 61.251698 44.423737 29.761761 17.987453 9.157242 3.490174 0.713278 0.043403 0.000889 0.000010 0.000000 0.000000 0.000000 0.000000 
0.000000 0.000000 0.000000 0.000000 0.000001 0.000150 0.010362 0.297659 2.268348 7.163442 15.479245 27.058317 41.899826 59.229946 79.198616 100.338585 123.541679 146.040466 170.712234 189.977509 232.426193 189.977493 170.712234 146.040451 123.541679 100.338585 79.198616 59.229942 41.899826 27.058315 15.479245 7.163442 2.268348 0.297659 0.010362 0.000150 0.000001 0.000000 0.000000 0.000000 
0.000000 0.000000 0.000000 0.000000 0.000015 0.001396 0.070407 1.071748 4.769285 12.080228 22.985245 37.606087 55.074089 75.647720 97.639465 122.110825 146.040466 172.299637 195.639389 219.116348 264.276520 219.116333 195.639404 172.299637 146.040451 122.110832 97.639465 75.647728 55.074093 37.606091 22.985245 12.080228 4.769285 1.071748 0.070407 0.001396 0.000015 0.000000 0.000000 0.000000 
0.000000 0.000000 0.000000 0.000001 0.000096 0.007716 0.268107 2.368139 8.017136 17.559278 31.397177 48.517735 69.398079 91.941170 117.571190 142.685959 170.712219 195.639389 223.774261 242.917633 300.637360 242.917633 223.774246 195.639404 170.712204 142.685959 117.571190 91.941162 69.398079 48.517731 31.397179 17.559278 8.017136 2.368139 0.268107 0.007716 0.000096 0.000001 0.000000 0.000000 
0.000000 0.000000 0.000000 0.000003 0.000338 0.023512 0.592844 3.840608 10.958385 23.040586 39.022045 59.800220 82.639221 109.344803 135.317963 164.620026 189.977524 219.116348 242.917633 262.880280 317.524506 262.880280 242.917633 219.116333 189.977524 164.620026 135.317978 109.344803 82.639221 59.800228 39.022049 23.040590 10.958388 3.840610 0.592844 0.023512 0.000338 0.000003 0.000000 0.000000 
0.000000 0.000000 0.000000 0.000005 0.000553 0.035928 0.797633 4.345227 12.967083 25.993872 45.143047 67.826241 96.491371 126.403435 161.700073 194.812180 232.426193 264.276520 300.637360 317.524506 399.902344 317.524506 300.637360 264.276520 232.426224 194.812180 161.700089 126.403442 96.491379 67.826248 45.143055 25.993876 12.967083 4.345229 0.797633 0.035928 0.000553 0.000005 0.000000 0.000000 
0.000000 0.000000 0.000000 0.000003 0.000338 0.023512 0.592844 3.840610 10.958388 23.040590 39.022049 59.800228 82.639221 109.344818 135.317963 164.620041 189.977524 219.116333 242.917633 262.880280 317.524506 262.880280 242.917633 219.116333 189.977524 164.620026 135.317978 109.344803 82.639221 59.800228 39.022049 23.040586 10.958388 3.840609 0.592844 0.023512 0.000338 0.000003 0.000000 0.000000 
0.000000 0.000000 0.000000 0.000001 0.000096 0.007716 0.268107 2.368139 8.017136 17.559278 31.397179 48.517731 69.398079 91.941162 117.571190 142.685959 170.712189 195.639404 223.774246 242.917633 300.637360 242.917633 223.774246 195.639404 170.712204 142.685959 117.571190 91.941162 69.398079 48.517731 31.397177 17.559278 8.017136 2.368139 0.268107 0.007716 0.000096 0.000001 0.000000 0.000000 
0.000000 0.000000 0.000000 0.000000 0.000015 0.001396 0.070407 1.071748 4.769285 12.080228 22.985245 37.606091 55.074093 75.647728 97.639465 122.110825 146.040451 172.299637 195.639404 219.116333 264.276520 219.116333 195.639404 172.299637 146.040451 122.110832 97.639465 75.647728 55.074093 37.606091 22.985245 12.080228 4.769285 1.071748 0.070407 0.001396 0.000015 0.000000 0.000000 0.000000 
0.000000 0.000000 0.000000 0.000000 0.000001 0.000150 0.010362 0.297659 2.268348 7.163442 15.479245 27.058313 41.899826 59.229939 79.198616 100.338577 123.541679 146.040451 170.712204 189.977524 232.426224 189.977524 170.712204 146.040451 123.541679 100.338585 79.198616 59.229942 41.899826 27.058315 15.479245 7.163442 2.268348 0.297659 0.010362 0.000150 0.000001 0.000000 0.000000 0.000000 
0.000000 0.000000 0.000000 0.000000 0.000000 0.000010 0.000889 0.043403 0.713278 3.490174 9.157241 17.987453 29.761761 44.423737 61.251694 80.354088 100.338577 122.110825 142.685959 164.620041 194.812180 164.620041 142.685959 122.110832 100.338585 80.354095 61.251698 44.423737 29.761761 17.987453 9.157242 3.490174 0.713278 0.043403 0.000889 0.000010 0.000000 0.000000 0.000000 0.000000 
0.000000 0.000000 0.000000 0.000000 0.000000 0.000000 0.000048 0.003326 0.113709 1.189264 4.501328 10.558643 19.512207 31.106115 45.256054 61.251694 79.198616 97.639465 117.571190 135.317963 161.700089 135.317978 117.571190 97.639465 79.198616 61.251698 45.256054 31.106119 19.512211 10.558644 4.501328 1.189264 0.113709 0.003326 0.000048 0.000000 0.000000 0.000000 0.000000 0.000000 
0.000000 0.000000 0.000000 0.000000 0.000000 0.000000 0.000002 0.000153 0.008361 0.207175 1.581924 5.157129 11.277862 20.022751 31.106113 44.423737 59.229935 75.647720 91.941162 109.344818 126.403442 109.344803 91.941162 75.647728 59.229942 44.423737 31.106119 20.022758 11.277867 5.157131 1.581924 0.207175 0.008361 0.000153 0.000002 0.000000 0.000000 0.000000 0.000000 0.000000 
0.000000 0.000000 0.000000 0.000000 0.000000 0.000000 0.000000 0.000005 0.000336 0.014919 0.286534 1.799490 5.383106 11.277862 19.512207 29.761761 41.899826 55.074093 69.398079 82.639221 96.491371 82.639221 69.398079 55.074093 41.899826 29.761761 19.512211 11.277867 5.383110 1.799491 0.286534 0.014919 0.000336 0.000005 0.000000 0.000000 0.000000 0.000000 0.000000 0.000000 
0.000000 0.000000 0.000000 0.000000 0.000000 0.000000 0.000000 0.000000 0.000009 0.000532 0.019701 0.317385 1.799490 5.157128 10.558642 17.987453 27.058313 37.606091 48.517735 59.800228 67.826248 59.800224 48.517731 37.606091 27.058315 17.987453 10.558644 5.157131 1.799491 0.317385 0.019701 0.000532 0.000009 0.000000 0.000000 0.000000 0.000000 0.000000 0.000000 0.000000 
0.000000 0.000000 0.000000 0.000000 0.000000 0.000000 0.000000 0.000000 0.000000 0.000012 0.000619 0.019701 0.286534 1.581924 4.501328 9.157242 15.479245 22.985245 31.397175 39.022049 45.143051 39.022049 31.397177 22.985245 15.479245 9.157242 4.501328 1.581924 0.286534 0.019701 0.000619 0.000012 0.000000 0.000000 0.000000 0.000000 0.000000 0.000000 0.000000 0.000000 
0.000000 0.000000 0.000000 0.000000 0.000000 0.000000 0.000000 0.000000 0.000000 0.000000 0.000012 0.000532 0.014919 0.207174 1.189264 3.490174 7.163442 12.080228 17.559278 23.040592 25.993876 23.040586 17.559278 12.080228 7.163442 3.490174 1.189264 0.207175 0.014919 0.000532 0.000012 0.000000 0.000000 0.000000 0.000000 0.000000 0.000000 0.000000 0.000000 0.000000 
0.000000 0.000000 0.000000 0.000000 0.000000 0.000000 0.000000 0.000000 0.000000 0.000000 0.000000 0.000009 0.000336 0.008361 0.113709 0.713278 2.268348 4.769285 8.017136 10.958388 12.967083 10.958388 8.017136 4.769285 2.268348 0.713278 0.113709 0.008361 0.000336 0.000009 0.000000 0.000000 0.000000 0.000000 0.000000 0.000000 0.000000 0.000000 0.000000 0.000000 
0.000000 0.000000 0.000000 0.000000 0.000000 0.000000 0.000000 0.000000 0.000000 0.000000 0.000000 0.000000 0.000005 0.000153 0.003326 0.043403 0.297659 1.071748 2.368139 3.840610 4.345229 3.840609 2.368139 1.071748 0.297659 0.043403 0.003326 0.000153 0.000005 0.000000 0.000000 0.000000 0.000000 0.000000 0.000000 0.000000 0.000000 0.000000 0.000000 0.000000 
0.000000 0.000000 0.000000 0.000000 0.000000 0.000000 0.000000 0.000000 0.000000 0.000000 0.000000 0.000000 0.000000 0.000002 0.000048 0.000889 0.010362 0.070407 0.268107 0.592844 0.797633 0.592844 0.268107 0.070407 0.010362 0.000889 0.000048 0.000002 0.000000 0.000000 0.000000 0.000000 0.000000 0.000000 0.000000 0.000000 0.000000 0.000000 0.000000 0.000000 
0.000000 0.000000 0.000000 0.000000 0.000000 0.000000 0.000000 0.000000 0.000000 0.000000 0.000000 0.000000 0.000000 0.000000 0.000000 0.000010 0.000150 0.001396 0.007716 0.023512 0.035928 0.023512 0.007716 0.001396 0.000150 0.000010 0.000000 0.000000 0.000000 0.000000 0.000000 0.000000 0.000000 0.000000 0.000000 0.000000 0.000000 0.000000 0.000000 0.000000 
0.000000 0.000000 0.000000 0.000000 0.000000 0.000000 0.000000 0.000000 0.000000 0.000000 0.000000 0.000000 0.000000 0.000000 0.000000 0.000000 0.000001 0.000015 0.000096 0.000338 0.000553 0.000338 0.000096 0.000015 0.000001 0.000000 0.000000 0.000000 0.000000 0.000000 0.000000 0.000000 0.000000 0.000000 0.000000 0.000000 0.000000 0.000000 0.000000 0.000000 
0.000000 0.000000 0.000000 0.000000 0.000000 0.000000 0.000000 0.000000 0.000000 0.000000 0.000000 0.000000 0.000000 0.000000 0.000000 0.000000 0.000000 0.000000 0.000001 0.000003 0.000005 0.000003 0.000001 0.000000 0.000000 0.000000 0.000000 0.000000 0.000000 0.000000 0.000000 0.000000 0.000000 0.000000 0.000000 0.000000 0.000000 0.000000 0.000000 0.000000 
0.000000 0.000000 0.000000 0.000000 0.000000 0.000000 0.000000 0.000000 0.000000 0.000000 0.000000 0.000000 0.000000 0.000000 0.000000 0.000000 0.000000 0.000000 0.000000 0.000000 0.000000 0.000000 0.000000 0.000000 0.000000 0.000000 0.000000 0.000000 0.000000 0.000000 0.000000 0.000000 0.000000 0.000000 0.000000 0.000000 0.000000 0.000000 0.000000 0.000000 
0.000000 0.000000 0.000000 0.000000 0.000000 0.000000 0.000000 0.000000 0.000000 0.000000 0.000000 0.000000 0.000000 0.000000 0.000000 0.000000 0.000000 0.000000 0.000000 0.000000 0.000000 0.000000 0.000000 0.000000 0.000000 0.000000 0.000000 0.000000 0.000000 0.000000 0.000000 0.000000 0.000000 0.000000 0.000000 0.000000 0.000000 0.000000 0.000000 0.000000 
