{
 "cells": [
  {
   "cell_type": "code",
   "execution_count": 1,
   "id": "7047333b",
   "metadata": {},
   "outputs": [],
   "source": [
    "#Parameters\n",
    "difm = 0.015206\n",
    "mum = 60*24*3*10**-6\n",
    "cm = 0.1\n",
    "chi = 0.3\n",
    "barm = 350.0\n",
    "baro = 400.0\n",
    "rm = 60*24*6*10**-7"
   ]
  },
  {
   "cell_type": "code",
   "execution_count": 2,
   "id": "119ed2b2",
   "metadata": {},
   "outputs": [],
   "source": [
    "def initialConditionMicroglia(L, hx, xSize, microglia):\n",
    "    tot = 0\n",
    "    for k in range(xSize * xSize):\n",
    "        i = int(k/xSize)\n",
    "        j = k%xSize\n",
    "        if (i - int(xSize/2))**2 + (j - int(xSize/2))**2 < 5 / (hx**2):\n",
    "            microglia[i][j] = barm/3    \n",
    "            tot = tot + barm/3\n",
    "    print(tot)\n",
    "    return microglia"
   ]
  },
  {
   "cell_type": "code",
   "execution_count": 3,
   "id": "e9996eb1",
   "metadata": {},
   "outputs": [
    {
     "name": "stdout",
     "output_type": "stream",
     "text": [
      "7116.666666666672\n"
     ]
    },
    {
     "name": "stderr",
     "output_type": "stream",
     "text": [
      "2895c3 running: t: 28: : 280it [00:13, 21.01it/s]                               \n"
     ]
    }
   ],
   "source": [
    "from skfdiff import Model, Simulation\n",
    "import pylab as pl\n",
    "import numpy as np\n",
    "from scipy.signal.windows import gaussian\n",
    "from scipy import integrate\n",
    "model = Model([\"difm*(dxxM + dyyM) + mum*M*(barm - M) - cm*M- chi*(upwind(dxO, M/(barm + M), x, 1) + upwind(dyO, M/(barm + M), y, 1))\",\n",
    "               \"rm*(M*M/(barm + M))*(baro - O)\"],\n",
    "               [\"M(x, y)\", \"O(x, y)\"],\n",
    "               parameters=[\"difm\", \"mum\", \"cm\", \"chi\", \"barm\", \"baro\", \"rm\"],\n",
    "               boundary_conditions=\"noflux\")\n",
    "tmax = 28\n",
    "dt =0.1\n",
    "hx = 0.5\n",
    "L = 20\n",
    "xSize = int(L/hx)\n",
    "x = y = np.linspace(-L / 2, L / 2, xSize)\n",
    "xx, yy = np.meshgrid(x, y, indexing=\"ij\")\n",
    "\n",
    "M = np.zeros((int(L/hx), int(L/hx)))\n",
    "M = initialConditionMicroglia(L, hx, xSize, M)\n",
    "O = np.zeros_like(M)\n",
    "\n",
    "\n",
    "\n",
    "initial_fields = model.Fields(x=x, y=y, M=M, O=O,\n",
    "                              difm = difm, cm = cm, chi = chi, mum = mum, barm = barm, baro = baro, rm = rm)\n",
    "\n",
    "simulation = Simulation(model, initial_fields, dt=dt, tmax=tmax, time_stepping=False)\n",
    "container = simulation.attach_container()\n",
    "tmax, final_fields = simulation.run()"
   ]
  },
  {
   "cell_type": "code",
   "execution_count": 4,
   "id": "9ef38913",
   "metadata": {},
   "outputs": [
    {
     "data": {
      "text/plain": [
       "[[1.4324731307129405e-14,\n",
       "  3.698769436206869e-13,\n",
       "  3.208330823784872e-11,\n",
       "  2.4360373950224677e-09,\n",
       "  1.5633394847227e-07,\n",
       "  8.282053642311196e-06,\n",
       "  0.00034953141211643813,\n",
       "  0.011032442648259758,\n",
       "  0.22978751168488298,\n",
       "  2.5677196550621506,\n",
       "  13.294023974132564,\n",
       "  35.77452594976905,\n",
       "  64.19295245039035,\n",
       "  92.3504052916903,\n",
       "  117.5257070595664,\n",
       "  139.00010060175458,\n",
       "  156.75083761575945,\n",
       "  170.87606456814046,\n",
       "  181.3266024724894,\n",
       "  187.78824882926736,\n",
       "  189.89293573335883,\n",
       "  187.78824882926736,\n",
       "  181.3266024724894,\n",
       "  170.87606456814044,\n",
       "  156.75083761575945,\n",
       "  139.00010060175458,\n",
       "  117.5257070595664,\n",
       "  92.35040529169028,\n",
       "  64.19295245039035,\n",
       "  35.77452594976905,\n",
       "  13.29402397413256,\n",
       "  2.567719655062153,\n",
       "  0.22978751168489603,\n",
       "  0.011032442648306549,\n",
       "  0.0003495314122332107,\n",
       "  8.282053873567741e-06,\n",
       "  1.5633433230490017e-07,\n",
       "  2.436583393556662e-09,\n",
       "  3.275906122870321e-11,\n",
       "  1.4525006671949355e-12],\n",
       " [3.6987694362068693e-13,\n",
       "  9.305757952013893e-12,\n",
       "  7.791287994690814e-10,\n",
       "  5.639262423308015e-08,\n",
       "  3.3796642599632586e-06,\n",
       "  0.0001614409469446743,\n",
       "  0.005759497006526762,\n",
       "  0.1359750221726404,\n",
       "  1.7461611341377086,\n",
       "  10.410223326581265,\n",
       "  31.237203574187628,\n",
       "  60.02817075915778,\n",
       "  89.9589937014257,\n",
       "  117.41953861480373,\n",
       "  141.2738044935297,\n",
       "  161.39698712673226,\n",
       "  177.95963881752704,\n",
       "  191.1271885326964,\n",
       "  200.88354408107733,\n",
       "  206.92981991172076,\n",
       "  208.8919634703565,\n",
       "  206.92981991172076,\n",
       "  200.88354408107733,\n",
       "  191.12718853269644,\n",
       "  177.95963881752704,\n",
       "  161.39698712673223,\n",
       "  141.2738044935297,\n",
       "  117.41953861480374,\n",
       "  89.9589937014257,\n",
       "  60.02817075915779,\n",
       "  31.237203574187614,\n",
       "  10.410223326581283,\n",
       "  1.746161134137846,\n",
       "  0.13597502217339358,\n",
       "  0.005759497008901822,\n",
       "  0.0001614409522009216,\n",
       "  3.379673470351002e-06,\n",
       "  5.640610122720816e-08,\n",
       "  7.960487140069548e-10,\n",
       "  3.6527456555137524e-11],\n",
       " [3.208330823784873e-11,\n",
       "  7.791287994690814e-10,\n",
       "  6.202873404298799e-08,\n",
       "  4.176165137745731e-06,\n",
       "  0.00022364475587373177,\n",
       "  0.008819932932832132,\n",
       "  0.22049720417838864,\n",
       "  2.7523721262128023,\n",
       "  14.771599109359174,\n",
       "  39.862496395205085,\n",
       "  71.55769510691434,\n",
       "  103.26954794779962,\n",
       "  132.04244572922497,\n",
       "  157.06054009454124,\n",
       "  178.33366648047,\n",
       "  196.11917990001058,\n",
       "  210.70410234368737,\n",
       "  222.29757753910698,\n",
       "  230.91693200613062,\n",
       "  236.28419276178656,\n",
       "  238.01210586730173,\n",
       "  236.28419276178656,\n",
       "  230.9169320061306,\n",
       "  222.29757753910698,\n",
       "  210.70410234368737,\n",
       "  196.1191799000106,\n",
       "  178.33366648047,\n",
       "  157.06054009454124,\n",
       "  132.042445729225,\n",
       "  103.26954794779962,\n",
       "  71.55769510691434,\n",
       "  39.86249639520521,\n",
       "  14.771599109361071,\n",
       "  2.752372126234423,\n",
       "  0.22049720429850683,\n",
       "  0.008819933288366662,\n",
       "  0.00022364546217995074,\n",
       "  4.1772572752657015e-06,\n",
       "  6.343430744803671e-08,\n",
       "  3.056340655568555e-09],\n",
       " [2.4360373950224677e-09,\n",
       "  5.639262423308017e-08,\n",
       "  4.176165137745733e-06,\n",
       "  0.0002510501611768464,\n",
       "  0.01102459351533153,\n",
       "  0.296978691012716,\n",
       "  3.7205108843848285,\n",
       "  18.819580706426624,\n",
       "  47.67822000985521,\n",
       "  82.0470226944487,\n",
       "  115.42503812183593,\n",
       "  145.34057158898412,\n",
       "  171.28696989475452,\n",
       "  193.4265810096287,\n",
       "  212.09425305849814,\n",
       "  227.63561862878333,\n",
       "  240.35458804651574,\n",
       "  250.47046984928156,\n",
       "  258.0248671656163,\n",
       "  262.75949003973204,\n",
       "  264.267316173047,\n",
       "  262.75949003973204,\n",
       "  258.0248671656163,\n",
       "  250.47046984928156,\n",
       "  240.3545880465157,\n",
       "  227.63561862878333,\n",
       "  212.0942530584982,\n",
       "  193.42658100962876,\n",
       "  171.28696989475455,\n",
       "  145.34057158898412,\n",
       "  115.42503812183595,\n",
       "  82.04702269444913,\n",
       "  47.678220009867125,\n",
       "  18.819580706673186,\n",
       "  3.7205108872712573,\n",
       "  0.2969787066886449,\n",
       "  0.01102463594912884,\n",
       "  0.00025112447868811647,\n",
       "  4.276503379494881e-06,\n",
       "  2.209914384272979e-07],\n",
       " [1.563339484722699e-07,\n",
       "  3.3796642599632586e-06,\n",
       "  0.00022364475587373204,\n",
       "  0.01102459351533154,\n",
       "  0.3274594743190532,\n",
       "  4.295687255494952,\n",
       "  21.507227586534157,\n",
       "  53.08468324947436,\n",
       "  89.5370884399795,\n",
       "  124.34724365403724,\n",
       "  155.3167527833362,\n",
       "  182.13182329319272,\n",
       "  205.0625064703306,\n",
       "  224.50425658292144,\n",
       "  240.84019851240575,\n",
       "  254.40794904938335,\n",
       "  265.4946426773487,\n",
       "  274.31741534654185,\n",
       "  280.93942723179845,\n",
       "  285.1235891303579,\n",
       "  286.43796199940584,\n",
       "  285.1235891303579,\n",
       "  280.9394272317986,\n",
       "  274.3174153465418,\n",
       "  265.4946426773487,\n",
       "  254.40794904938338,\n",
       "  240.8401985124057,\n",
       "  224.50425658292144,\n",
       "  205.06250647033062,\n",
       "  182.13182329319272,\n",
       "  155.31675278333626,\n",
       "  124.34724365403862,\n",
       "  89.53708844002719,\n",
       "  53.084683250843305,\n",
       "  21.507227614627347,\n",
       "  4.295687576502217,\n",
       "  0.3274610958102762,\n",
       "  0.011028459924954642,\n",
       "  0.00022948206598108408,\n",
       "  1.3214887485134e-05],\n",
       " [8.282053642311196e-06,\n",
       "  0.0001614409469446743,\n",
       "  0.00881993293283214,\n",
       "  0.29697869101271634,\n",
       "  4.295687255494954,\n",
       "  22.44290834340037,\n",
       "  55.825658121975984,\n",
       "  93.98974407547962,\n",
       "  130.14569827890108,\n",
       "  162.17769060999075,\n",
       "  189.87985147334783,\n",
       "  213.59818423030126,\n",
       "  233.77955142005334,\n",
       "  250.84302253281402,\n",
       "  265.15093779602563,\n",
       "  277.01078199653927,\n",
       "  286.6850053957326,\n",
       "  294.38484071502563,\n",
       "  300.19538498646375,\n",
       "  303.904391398601,\n",
       "  305.0495669389407,\n",
       "  303.904391398601,\n",
       "  300.1953849864638,\n",
       "  294.38484071502563,\n",
       "  286.6850053957326,\n",
       "  277.0107819965393,\n",
       "  265.15093779602563,\n",
       "  250.84302253281402,\n",
       "  233.77955142005334,\n",
       "  213.59818423030126,\n",
       "  189.87985147334786,\n",
       "  162.17769060999484,\n",
       "  130.14569827905245,\n",
       "  93.98974408054467,\n",
       "  55.82565826295186,\n",
       "  22.442911111286953,\n",
       "  4.295716510203182,\n",
       "  0.2971076054110027,\n",
       "  0.009077630134157527,\n",
       "  0.0006267816371789363],\n",
       " [0.0003495314121164379,\n",
       "  0.005759497006526762,\n",
       "  0.2204972041783887,\n",
       "  3.7205108843848294,\n",
       "  21.507227586534164,\n",
       "  55.825658121975984,\n",
       "  95.46540668049148,\n",
       "  132.9976531419587,\n",
       "  166.1868597503562,\n",
       "  194.86227872512993,\n",
       "  219.42304078662946,\n",
       "  240.36211950337588,\n",
       "  258.13647160376297,\n",
       "  273.13848412749184,\n",
       "  285.6963628727859,\n",
       "  296.0846855945826,\n",
       "  304.53988448687056,\n",
       "  311.2653255587804,\n",
       "  316.3690422030043,\n",
       "  319.6689207938231,\n",
       "  320.66590611432724,\n",
       "  319.6689207938231,\n",
       "  316.3690422030043,\n",
       "  311.26532555878043,\n",
       "  304.5398844868706,\n",
       "  296.0846855945826,\n",
       "  285.6963628727859,\n",
       "  273.13848412749184,\n",
       "  258.13647160376297,\n",
       "  240.3621195033759,\n",
       "  219.42304078662966,\n",
       "  194.86227872514084,\n",
       "  166.18685975077707,\n",
       "  132.99765315701,\n",
       "  95.46540716298834,\n",
       "  55.82567081172053,\n",
       "  21.507455800693993,\n",
       "  3.722592850387416,\n",
       "  0.22784477141695617,\n",
       "  0.021756760532455396],\n",
       " [0.01103244264825975,\n",
       "  0.13597502217264024,\n",
       "  2.7523721262128023,\n",
       "  18.819580706426624,\n",
       "  53.08468324947436,\n",
       "  93.98974407547962,\n",
       "  132.9976531419587,\n",
       "  167.5054179729863,\n",
       "  197.29937791611746,\n",
       "  222.81124997308916,\n",
       "  244.57622770251567,\n",
       "  263.090537110261,\n",
       "  278.78122026266476,\n",
       "  292.00537528506925,\n",
       "  303.05738212984943,\n",
       "  312.18068721859606,\n",
       "  319.58573383692163,\n",
       "  325.46579876216964,\n",
       "  329.9525398724367,\n",
       "  332.9011920527395,\n",
       "  333.76809651662313,\n",
       "  332.90119205273953,\n",
       "  329.9525398724367,\n",
       "  325.46579876216964,\n",
       "  319.58573383692163,\n",
       "  312.18068721859606,\n",
       "  303.0573821298496,\n",
       "  292.00537528506925,\n",
       "  278.78122026266476,\n",
       "  263.090537110261,\n",
       "  244.5762277025164,\n",
       "  222.8112499731163,\n",
       "  197.29937791717342,\n",
       "  167.50541801174816,\n",
       "  132.99765445934605,\n",
       "  93.98978363388568,\n",
       "  53.08562896911271,\n",
       "  18.83413037754721,\n",
       "  2.855066213537297,\n",
       "  0.46711068130144007],\n",
       " [0.22978751168488276,\n",
       "  1.7461611341377083,\n",
       "  14.771599109359174,\n",
       "  47.67822000985521,\n",
       "  89.5370884399795,\n",
       "  130.14569827890108,\n",
       "  166.1868597503562,\n",
       "  197.29937791611746,\n",
       "  223.92310269833987,\n",
       "  246.63183366718758,\n",
       "  265.96232191844484,\n",
       "  282.37901000098344,\n",
       "  296.27274896222866,\n",
       "  307.967008476381,\n",
       "  317.72574911355974,\n",
       "  325.76407410135977,\n",
       "  332.26668792512044,\n",
       "  337.41372589892944,\n",
       "  341.36028236526363,\n",
       "  344.00881698096424,\n",
       "  344.7612428996443,\n",
       "  344.00881698096424,\n",
       "  341.3602823652635,\n",
       "  337.41372589892944,\n",
       "  332.26668792512044,\n",
       "  325.76407410135977,\n",
       "  317.72574911355974,\n",
       "  307.967008476381,\n",
       "  296.27274896222866,\n",
       "  282.37901000098344,\n",
       "  265.9623219184465,\n",
       "  246.63183366724928,\n",
       "  223.9231027007328,\n",
       "  197.29937800420575,\n",
       "  166.18686278603408,\n",
       "  130.14579354955424,\n",
       "  89.53964710859066,\n",
       "  47.729478848345614,\n",
       "  15.356179374501302,\n",
       "  4.790625501530089],\n",
       " [2.567719655062148,\n",
       "  10.410223326581265,\n",
       "  39.86249639520509,\n",
       "  82.0470226944487,\n",
       "  124.34724365403724,\n",
       "  162.17769060999078,\n",
       "  194.86227872512993,\n",
       "  222.81124997308916,\n",
       "  246.63183366718758,\n",
       "  266.90298246876296,\n",
       "  284.12910077281344,\n",
       "  298.7375001040885,\n",
       "  311.0850081079166,\n",
       "  321.46534470893164,\n",
       "  330.1159905967058,\n",
       "  337.2267452547925,\n",
       "  342.9569220370994,\n",
       "  347.469417598456,\n",
       "  350.94097415887893,\n",
       "  353.33501542853344,\n",
       "  353.9864077890096,\n",
       "  353.33501542853344,\n",
       "  350.94097415887893,\n",
       "  347.469417598456,\n",
       "  342.9569220370994,\n",
       "  337.2267452547925,\n",
       "  330.1159905967058,\n",
       "  321.46534470893164,\n",
       "  311.0850081079166,\n",
       "  298.73750010408855,\n",
       "  284.1291007728164,\n",
       "  266.90298246888926,\n",
       "  246.63183367201765,\n",
       "  222.81125014790564,\n",
       "  194.8622846458334,\n",
       "  162.1778744432985,\n",
       "  124.352252208624,\n",
       "  82.15547883657933,\n",
       "  41.37880850012701,\n",
       "  21.089954564327588],\n",
       " [13.294023974132564,\n",
       "  31.237203574187628,\n",
       "  71.55769510691435,\n",
       "  115.42503812183593,\n",
       "  155.3167527833362,\n",
       "  189.87985147334783,\n",
       "  219.42304078662946,\n",
       "  244.57622770251572,\n",
       "  265.96232191844484,\n",
       "  284.12910077281333,\n",
       "  299.54316639741944,\n",
       "  312.59700457695055,\n",
       "  323.617371940265,\n",
       "  332.8723300747513,\n",
       "  340.5767587225091,\n",
       "  346.8983358837152,\n",
       "  351.97158532363756,\n",
       "  355.93692827312054,\n",
       "  358.9881755561065,\n",
       "  361.169220758095,\n",
       "  361.7311773685448,\n",
       "  361.1692207580948,\n",
       "  358.9881755561065,\n",
       "  355.93692827312054,\n",
       "  351.97158532363756,\n",
       "  346.8983358837152,\n",
       "  340.5767587225091,\n",
       "  332.8723300747513,\n",
       "  323.617371940265,\n",
       "  312.59700457695067,\n",
       "  299.5431663974251,\n",
       "  284.12910077304304,\n",
       "  265.96232192696755,\n",
       "  244.5762280002544,\n",
       "  219.42305046122436,\n",
       "  189.88013869254868,\n",
       "  155.32427398156258,\n",
       "  115.58536692708977,\n",
       "  73.8910266111877,\n",
       "  49.41275734379571],\n",
       " [35.77452594976905,\n",
       "  60.02817075915778,\n",
       "  103.26954794779964,\n",
       "  145.34057158898412,\n",
       "  182.13182329319272,\n",
       "  213.59818423030123,\n",
       "  240.3621195033759,\n",
       "  263.090537110261,\n",
       "  282.37901000098344,\n",
       "  298.7375001040885,\n",
       "  312.59700457695055,\n",
       "  324.31914686028045,\n",
       "  334.2046479245135,\n",
       "  342.4997395081249,\n",
       "  349.40039211805026,\n",
       "  355.05552539632527,\n",
       "  359.5760104918619,\n",
       "  363.07345363701455,\n",
       "  365.74931380496116,\n",
       "  367.7563347723374,\n",
       "  368.23888886565413,\n",
       "  367.7563347723375,\n",
       "  365.74931380496116,\n",
       "  363.07345363701455,\n",
       "  359.5760104918619,\n",
       "  355.0555253963254,\n",
       "  349.40039211805026,\n",
       "  342.499739508125,\n",
       "  334.20464792451355,\n",
       "  324.31914686028074,\n",
       "  312.5970045769603,\n",
       "  298.73750010445434,\n",
       "  282.37901001402423,\n",
       "  263.0905375446516,\n",
       "  240.36213287936982,\n",
       "  213.5985589866338,\n",
       "  182.1410979438137,\n",
       "  145.52976162330006,\n",
       "  105.9775212053762,\n",
       "  81.3913227897752],\n",
       " [64.19295245039035,\n",
       "  89.9589937014257,\n",
       "  132.04244572922497,\n",
       "  171.28696989475452,\n",
       "  205.0625064703306,\n",
       "  233.77955142005334,\n",
       "  258.136471603763,\n",
       "  278.78122026266476,\n",
       "  296.27274896222866,\n",
       "  311.0850081079166,\n",
       "  323.617371940265,\n",
       "  334.2046479245135,\n",
       "  343.12523882964354,\n",
       "  350.6070172911702,\n",
       "  356.8305286733013,\n",
       "  361.92954396339684,\n",
       "  365.9933496212894,\n",
       "  369.09759016565766,\n",
       "  371.433473001394,\n",
       "  373.3051959336869,\n",
       "  373.71709279193954,\n",
       "  373.3051959336869,\n",
       "  371.433473001394,\n",
       "  369.09759016565766,\n",
       "  365.9933496212893,\n",
       "  361.92954396339684,\n",
       "  356.8305286733012,\n",
       "  350.6070172911702,\n",
       "  343.12523882964354,\n",
       "  334.2046479245138,\n",
       "  323.6173719402791,\n",
       "  311.08500810843066,\n",
       "  296.27274897971836,\n",
       "  278.78122081646217,\n",
       "  258.13648775794104,\n",
       "  233.7799796219059,\n",
       "  205.07256591008803,\n",
       "  171.48386125642645,\n",
       "  134.7957053404185,\n",
       "  111.51448844154062],\n",
       " [92.35040529169031,\n",
       "  117.41953861480373,\n",
       "  157.06054009454124,\n",
       "  193.4265810096287,\n",
       "  224.50425658292147,\n",
       "  250.84302253281402,\n",
       "  273.13848412749184,\n",
       "  292.0053752850691,\n",
       "  307.967008476381,\n",
       "  321.46534470893164,\n",
       "  332.8723300747513,\n",
       "  342.4997395081249,\n",
       "  350.6070172911702,\n",
       "  357.4068096791784,\n",
       "  363.0675291392296,\n",
       "  367.71173489740937,\n",
       "  371.41069326373594,\n",
       "  374.19698710668064,\n",
       "  376.2183975747862,\n",
       "  377.99737397806337,\n",
       "  378.3463894123103,\n",
       "  377.99737397806337,\n",
       "  376.2183975747862,\n",
       "  374.19698710668064,\n",
       "  371.4106932637358,\n",
       "  367.7117348974094,\n",
       "  363.0675291392296,\n",
       "  357.4068096791784,\n",
       "  350.6070172911703,\n",
       "  342.49973950812546,\n",
       "  332.87233007477,\n",
       "  321.4653447095787,\n",
       "  307.96700849743405,\n",
       "  292.0053759213496,\n",
       "  273.1385018336623,\n",
       "  250.84347103594092,\n",
       "  224.51437922438228,\n",
       "  193.61892252189665,\n",
       "  159.70712973255388,\n",
       "  137.99151141067586],\n",
       " [117.52570705956639,\n",
       "  141.2738044935297,\n",
       "  178.33366648047,\n",
       "  212.09425305849814,\n",
       "  240.84019851240575,\n",
       "  265.15093779602563,\n",
       "  285.6963628727859,\n",
       "  303.05738212984943,\n",
       "  317.72574911355974,\n",
       "  330.1159905967058,\n",
       "  340.5767587225091,\n",
       "  349.40039211805026,\n",
       "  356.8305286733013,\n",
       "  363.0675291392296,\n",
       "  368.27089317222317,\n",
       "  372.55641787054725,\n",
       "  375.98335872054844,\n",
       "  378.53640312635525,\n",
       "  380.25746567627573,\n",
       "  381.9990864166967,\n",
       "  382.29253234985794,\n",
       "  381.9990864166967,\n",
       "  380.25746567627573,\n",
       "  378.53640312635525,\n",
       "  375.98335872054844,\n",
       "  372.55641787054725,\n",
       "  368.27089317222317,\n",
       "  363.06752913922946,\n",
       "  356.83052867330133,\n",
       "  349.40039211805095,\n",
       "  340.5767587225316,\n",
       "  330.115990597453,\n",
       "  317.72574913693455,\n",
       "  303.057382809351,\n",
       "  285.6963810897781,\n",
       "  265.1513839037693,\n",
       "  240.8499922238978,\n",
       "  212.2769502507257,\n",
       "  180.82652801169945,\n",
       "  160.57992669451158],\n",
       " [139.00010060175458,\n",
       "  161.39698712673223,\n",
       "  196.11917990001058,\n",
       "  227.63561862878328,\n",
       "  254.40794904938335,\n",
       "  277.01078199653927,\n",
       "  296.0846855945826,\n",
       "  312.18068721859606,\n",
       "  325.76407410135977,\n",
       "  337.2267452547925,\n",
       "  346.8983358837152,\n",
       "  355.05552539632527,\n",
       "  361.92954396339684,\n",
       "  367.71173489740937,\n",
       "  372.55641787054725,\n",
       "  376.5783797716123,\n",
       "  379.83557863181585,\n",
       "  382.2687428100721,\n",
       "  383.68859428461496,\n",
       "  385.4849000155597,\n",
       "  385.7315166748966,\n",
       "  385.4849000155597,\n",
       "  383.68859428461496,\n",
       "  382.2687428100721,\n",
       "  379.83557863181585,\n",
       "  376.5783797716123,\n",
       "  372.55641787054725,\n",
       "  367.71173489740937,\n",
       "  361.92954396339684,\n",
       "  355.05552539632595,\n",
       "  346.89833588374046,\n",
       "  337.2267452556022,\n",
       "  325.7640741259002,\n",
       "  312.1806879107234,\n",
       "  296.08470364647036,\n",
       "  277.01121381938776,\n",
       "  254.41726258616032,\n",
       "  227.807586751645,\n",
       "  198.45818931342126,\n",
       "  179.49019386941256],\n",
       " [156.75083761575945,\n",
       "  177.95963881752704,\n",
       "  210.70410234368737,\n",
       "  240.35458804651574,\n",
       "  265.4946426773487,\n",
       "  286.6850053957326,\n",
       "  304.53988448687056,\n",
       "  319.58573383692163,\n",
       "  332.26668792512044,\n",
       "  342.9569220370994,\n",
       "  351.97158532363756,\n",
       "  359.5760104918619,\n",
       "  365.9933496212894,\n",
       "  371.41069326373594,\n",
       "  375.98335872054844,\n",
       "  379.83557863181585,\n",
       "  383.0477382465595,\n",
       "  385.558112232315,\n",
       "  386.6683964035512,\n",
       "  389.33563762015825,\n",
       "  389.55803973412645,\n",
       "  389.33563762015825,\n",
       "  386.6683964035512,\n",
       "  385.558112232315,\n",
       "  383.0477382465595,\n",
       "  379.83557863181585,\n",
       "  375.98335872054844,\n",
       "  371.41069326373594,\n",
       "  365.99334962128944,\n",
       "  359.5760104918628,\n",
       "  351.9715853236641,\n",
       "  342.9569220379398,\n",
       "  332.26668794998193,\n",
       "  319.58573452271844,\n",
       "  304.539902034806,\n",
       "  286.6854187875017,\n",
       "  265.5034643094321,\n",
       "  240.51664863658692,\n",
       "  212.9077065702653,\n",
       "  195.00634251527728],\n",
       " [170.87606456814046,\n",
       "  191.1271885326964,\n",
       "  222.29757753910698,\n",
       "  250.47046984928156,\n",
       "  274.3174153465418,\n",
       "  294.38484071502563,\n",
       "  311.2653255587804,\n",
       "  325.46579876216964,\n",
       "  337.41372589892944,\n",
       "  347.469417598456,\n",
       "  355.93692827312054,\n",
       "  363.07345363701455,\n",
       "  369.09759016565766,\n",
       "  374.19698710668064,\n",
       "  378.53640312635525,\n",
       "  382.2687428100721,\n",
       "  385.558112232315,\n",
       "  389.2536405039596,\n",
       "  389.65179568369103,\n",
       "  389.87894203813676,\n",
       "  389.89779730168516,\n",
       "  389.87894203813676,\n",
       "  389.65179568369103,\n",
       "  389.2536405039596,\n",
       "  385.558112232315,\n",
       "  382.2687428100721,\n",
       "  378.53640312635525,\n",
       "  374.19698710668064,\n",
       "  369.0975901656577,\n",
       "  363.0734536370154,\n",
       "  355.9369282731479,\n",
       "  347.4694175993055,\n",
       "  337.41372592361466,\n",
       "  325.4657994328731,\n",
       "  311.2653425092062,\n",
       "  294.3852363244609,\n",
       "  274.325807539887,\n",
       "  250.62432141848168,\n",
       "  224.39173785088434,\n",
       "  207.33479579585642],\n",
       " [181.3266024724894,\n",
       "  200.88354408107733,\n",
       "  230.91693200613057,\n",
       "  258.02486716561623,\n",
       "  280.93942723179845,\n",
       "  300.19538498646375,\n",
       "  316.3690422030043,\n",
       "  329.9525398724367,\n",
       "  341.36028236526363,\n",
       "  350.94097415887893,\n",
       "  358.9881755561065,\n",
       "  365.74931380496116,\n",
       "  371.433473001394,\n",
       "  376.2183975747862,\n",
       "  380.25746567627573,\n",
       "  383.68859428461496,\n",
       "  386.6683964035512,\n",
       "  389.65179568369103,\n",
       "  389.89307751584926,\n",
       "  389.91301300251763,\n",
       "  389.914471719606,\n",
       "  389.9130130025176,\n",
       "  389.89307751584926,\n",
       "  389.65179568369103,\n",
       "  386.6683964035512,\n",
       "  383.68859428461496,\n",
       "  380.25746567627573,\n",
       "  376.2183975747862,\n",
       "  371.433473001394,\n",
       "  365.749313804962,\n",
       "  358.9881755561341,\n",
       "  350.94097415972453,\n",
       "  341.3602823895745,\n",
       "  329.9525405270064,\n",
       "  316.3690586286647,\n",
       "  300.1957664068631,\n",
       "  280.9474944461098,\n",
       "  258.1726814177885,\n",
       "  232.9316522010635,\n",
       "  216.48218487956225],\n",
       " [187.78824882926736,\n",
       "  206.92981991172076,\n",
       "  236.28419276178656,\n",
       "  262.75949003973204,\n",
       "  285.1235891303579,\n",
       "  303.904391398601,\n",
       "  319.6689207938231,\n",
       "  332.9011920527395,\n",
       "  344.00881698096424,\n",
       "  353.33501542853344,\n",
       "  361.169220758095,\n",
       "  367.7563347723374,\n",
       "  373.3051959336869,\n",
       "  377.99737397806337,\n",
       "  381.9990864166967,\n",
       "  385.4849000155597,\n",
       "  389.33563762015825,\n",
       "  389.87894203813676,\n",
       "  389.91301300251763,\n",
       "  389.9151345096861,\n",
       "  389.91526448201085,\n",
       "  389.9151345096861,\n",
       "  389.91301300251763,\n",
       "  389.87894203813676,\n",
       "  389.33563762015825,\n",
       "  385.4849000155597,\n",
       "  381.9990864166967,\n",
       "  377.99737397806337,\n",
       "  373.3051959336869,\n",
       "  367.7563347723384,\n",
       "  361.16922075812244,\n",
       "  353.3350154293717,\n",
       "  344.0088170049415,\n",
       "  332.90119269561177,\n",
       "  319.66893687328,\n",
       "  303.9047639203314,\n",
       "  285.1314580733206,\n",
       "  262.90367294400085,\n",
       "  238.2514012976999,\n",
       "  222.16275006817852],\n",
       " [189.89293573335883,\n",
       "  208.8919634703565,\n",
       "  238.01210586730173,\n",
       "  264.267316173047,\n",
       "  286.43796199940584,\n",
       "  305.0495669389407,\n",
       "  320.66590611432724,\n",
       "  333.76809651662313,\n",
       "  344.7612428996443,\n",
       "  353.9864077890096,\n",
       "  361.7311773685448,\n",
       "  368.23888886565413,\n",
       "  373.71709279193954,\n",
       "  378.3463894123104,\n",
       "  382.29253234985794,\n",
       "  385.7315166748966,\n",
       "  389.55803973412645,\n",
       "  389.89779730168516,\n",
       "  389.914471719606,\n",
       "  389.91526448201085,\n",
       "  389.91530172878396,\n",
       "  389.91526448201085,\n",
       "  389.914471719606,\n",
       "  389.89779730168516,\n",
       "  389.55803973412645,\n",
       "  385.73151667489645,\n",
       "  382.29253234985794,\n",
       "  378.3463894123103,\n",
       "  373.71709279193954,\n",
       "  368.2388888656548,\n",
       "  361.7311773685723,\n",
       "  353.9864077898458,\n",
       "  344.7612429235098,\n",
       "  333.768097155376,\n",
       "  320.6659220696079,\n",
       "  305.0499362465711,\n",
       "  286.4457592166803,\n",
       "  264.4101913251284,\n",
       "  239.96245880066272,\n",
       "  223.99823444385842],\n",
       " [187.78824882926736,\n",
       "  206.92981991172076,\n",
       "  236.28419276178656,\n",
       "  262.75949003973204,\n",
       "  285.1235891303579,\n",
       "  303.904391398601,\n",
       "  319.6689207938229,\n",
       "  332.9011920527395,\n",
       "  344.00881698096424,\n",
       "  353.33501542853344,\n",
       "  361.169220758095,\n",
       "  367.7563347723375,\n",
       "  373.3051959336869,\n",
       "  377.99737397806337,\n",
       "  381.9990864166967,\n",
       "  385.4849000155597,\n",
       "  389.33563762015825,\n",
       "  389.87894203813676,\n",
       "  389.91301300251763,\n",
       "  389.9151345096861,\n",
       "  389.91526448201085,\n",
       "  389.9151345096861,\n",
       "  389.91301300251763,\n",
       "  389.87894203813676,\n",
       "  389.33563762015825,\n",
       "  385.4849000155597,\n",
       "  381.9990864166967,\n",
       "  377.99737397806337,\n",
       "  373.3051959336869,\n",
       "  367.7563347723384,\n",
       "  361.16922075812244,\n",
       "  353.3350154293717,\n",
       "  344.0088170049415,\n",
       "  332.90119269561177,\n",
       "  319.66893687328,\n",
       "  303.9047639203314,\n",
       "  285.1314580733206,\n",
       "  262.90367294400085,\n",
       "  238.25140129769989,\n",
       "  222.16275006817858],\n",
       " [181.32660247248938,\n",
       "  200.88354408107733,\n",
       "  230.91693200613057,\n",
       "  258.0248671656163,\n",
       "  280.9394272317986,\n",
       "  300.1953849864638,\n",
       "  316.3690422030043,\n",
       "  329.9525398724367,\n",
       "  341.3602823652635,\n",
       "  350.940974158879,\n",
       "  358.9881755561065,\n",
       "  365.74931380496116,\n",
       "  371.433473001394,\n",
       "  376.2183975747862,\n",
       "  380.25746567627573,\n",
       "  383.68859428461496,\n",
       "  386.6683964035512,\n",
       "  389.65179568369103,\n",
       "  389.89307751584926,\n",
       "  389.91301300251763,\n",
       "  389.914471719606,\n",
       "  389.91301300251763,\n",
       "  389.89307751584926,\n",
       "  389.65179568369103,\n",
       "  386.6683964035512,\n",
       "  383.68859428461496,\n",
       "  380.25746567627573,\n",
       "  376.2183975747862,\n",
       "  371.433473001394,\n",
       "  365.749313804962,\n",
       "  358.9881755561341,\n",
       "  350.94097415972453,\n",
       "  341.3602823895745,\n",
       "  329.95254052700636,\n",
       "  316.36905862866473,\n",
       "  300.1957664068631,\n",
       "  280.9474944461098,\n",
       "  258.1726814177885,\n",
       "  232.9316522010635,\n",
       "  216.48218487956225],\n",
       " [170.87606456814044,\n",
       "  191.12718853269644,\n",
       "  222.29757753910698,\n",
       "  250.47046984928156,\n",
       "  274.3174153465418,\n",
       "  294.38484071502563,\n",
       "  311.26532555878043,\n",
       "  325.46579876216964,\n",
       "  337.41372589892944,\n",
       "  347.469417598456,\n",
       "  355.93692827312054,\n",
       "  363.07345363701455,\n",
       "  369.09759016565766,\n",
       "  374.19698710668064,\n",
       "  378.53640312635525,\n",
       "  382.2687428100721,\n",
       "  385.558112232315,\n",
       "  389.2536405039596,\n",
       "  389.65179568369103,\n",
       "  389.87894203813676,\n",
       "  389.89779730168516,\n",
       "  389.87894203813676,\n",
       "  389.65179568369103,\n",
       "  389.2536405039596,\n",
       "  385.558112232315,\n",
       "  382.2687428100721,\n",
       "  378.53640312635525,\n",
       "  374.19698710668064,\n",
       "  369.0975901656577,\n",
       "  363.0734536370154,\n",
       "  355.9369282731479,\n",
       "  347.4694175993055,\n",
       "  337.41372592361466,\n",
       "  325.4657994328731,\n",
       "  311.2653425092062,\n",
       "  294.3852363244609,\n",
       "  274.325807539887,\n",
       "  250.6243214184817,\n",
       "  224.39173785088434,\n",
       "  207.33479579585642],\n",
       " [156.75083761575945,\n",
       "  177.95963881752704,\n",
       "  210.70410234368737,\n",
       "  240.3545880465157,\n",
       "  265.4946426773487,\n",
       "  286.6850053957326,\n",
       "  304.53988448687056,\n",
       "  319.58573383692163,\n",
       "  332.26668792512044,\n",
       "  342.9569220370995,\n",
       "  351.97158532363756,\n",
       "  359.5760104918619,\n",
       "  365.9933496212893,\n",
       "  371.4106932637358,\n",
       "  375.98335872054844,\n",
       "  379.83557863181585,\n",
       "  383.0477382465595,\n",
       "  385.558112232315,\n",
       "  386.6683964035512,\n",
       "  389.33563762015825,\n",
       "  389.55803973412645,\n",
       "  389.33563762015825,\n",
       "  386.6683964035512,\n",
       "  385.558112232315,\n",
       "  383.0477382465595,\n",
       "  379.83557863181585,\n",
       "  375.98335872054844,\n",
       "  371.4106932637358,\n",
       "  365.99334962128944,\n",
       "  359.5760104918628,\n",
       "  351.9715853236641,\n",
       "  342.9569220379398,\n",
       "  332.26668794998193,\n",
       "  319.58573452271844,\n",
       "  304.53990203480595,\n",
       "  286.6854187875017,\n",
       "  265.5034643094321,\n",
       "  240.51664863658686,\n",
       "  212.9077065702653,\n",
       "  195.00634251527728],\n",
       " [139.00010060175458,\n",
       "  161.39698712673223,\n",
       "  196.1191799000106,\n",
       "  227.63561862878333,\n",
       "  254.40794904938338,\n",
       "  277.01078199653927,\n",
       "  296.08468559458237,\n",
       "  312.18068721859606,\n",
       "  325.76407410135977,\n",
       "  337.2267452547925,\n",
       "  346.8983358837152,\n",
       "  355.0555253963254,\n",
       "  361.92954396339684,\n",
       "  367.7117348974094,\n",
       "  372.55641787054725,\n",
       "  376.5783797716123,\n",
       "  379.83557863181585,\n",
       "  382.2687428100721,\n",
       "  383.68859428461496,\n",
       "  385.4849000155597,\n",
       "  385.73151667489645,\n",
       "  385.4849000155597,\n",
       "  383.68859428461496,\n",
       "  382.2687428100721,\n",
       "  379.83557863181585,\n",
       "  376.5783797716123,\n",
       "  372.55641787054725,\n",
       "  367.7117348974094,\n",
       "  361.92954396339684,\n",
       "  355.05552539632595,\n",
       "  346.89833588374046,\n",
       "  337.2267452556022,\n",
       "  325.7640741259002,\n",
       "  312.18068791072335,\n",
       "  296.08470364647036,\n",
       "  277.01121381938776,\n",
       "  254.41726258616032,\n",
       "  227.80758675164503,\n",
       "  198.45818931342126,\n",
       "  179.4901938694126],\n",
       " [117.5257070595664,\n",
       "  141.2738044935297,\n",
       "  178.33366648047,\n",
       "  212.0942530584982,\n",
       "  240.8401985124057,\n",
       "  265.15093779602563,\n",
       "  285.6963628727859,\n",
       "  303.0573821298496,\n",
       "  317.72574911355974,\n",
       "  330.1159905967058,\n",
       "  340.5767587225091,\n",
       "  349.40039211805026,\n",
       "  356.8305286733012,\n",
       "  363.0675291392296,\n",
       "  368.27089317222317,\n",
       "  372.55641787054725,\n",
       "  375.98335872054844,\n",
       "  378.53640312635525,\n",
       "  380.25746567627573,\n",
       "  381.9990864166967,\n",
       "  382.29253234985794,\n",
       "  381.9990864166967,\n",
       "  380.25746567627573,\n",
       "  378.53640312635525,\n",
       "  375.98335872054844,\n",
       "  372.55641787054725,\n",
       "  368.27089317222317,\n",
       "  363.06752913922946,\n",
       "  356.83052867330133,\n",
       "  349.40039211805095,\n",
       "  340.5767587225316,\n",
       "  330.115990597453,\n",
       "  317.72574913693455,\n",
       "  303.057382809351,\n",
       "  285.6963810897781,\n",
       "  265.1513839037693,\n",
       "  240.84999222389783,\n",
       "  212.27695025072572,\n",
       "  180.82652801169948,\n",
       "  160.5799266945116],\n",
       " [92.35040529169028,\n",
       "  117.41953861480371,\n",
       "  157.06054009454124,\n",
       "  193.42658100962876,\n",
       "  224.50425658292144,\n",
       "  250.84302253281402,\n",
       "  273.13848412749184,\n",
       "  292.00537528506925,\n",
       "  307.96700847638095,\n",
       "  321.46534470893164,\n",
       "  332.8723300747513,\n",
       "  342.499739508125,\n",
       "  350.6070172911702,\n",
       "  357.4068096791784,\n",
       "  363.06752913922946,\n",
       "  367.71173489740937,\n",
       "  371.41069326373594,\n",
       "  374.19698710668064,\n",
       "  376.2183975747862,\n",
       "  377.99737397806337,\n",
       "  378.3463894123103,\n",
       "  377.99737397806337,\n",
